0 0
30 656.115
60 1312.23
90 1968.35
120 2624.46
150 3280.57
180 3936.69
210 4592.8
240 5248.92
270 5905.03
300 6561.15
330 7217.26
360 7873.36
390 8529.37
420 9185.15
450 9840.37
480 10494.5
510 11146.9
540 11796.7
570 12443.2
600 13085.6
630 13723.1
660 14355.1
690 14981
720 15600.3
750 16212.5
780 16817.2
810 17414.1
840 18002.7
870 18582.9
900 19154.4
930 19717.1
960 20271.1
990 20816.2
1020 21352.5
1050 21880
1080 22398.7
1110 22908.9
1140 23410.6
1170 23904
1200 24389.3
1230 24866.5
1260 25335.9
1290 25797.7
1320 26252.1
1350 26699.2
1380 27139.2
1410 27572.2
1440 27998.5
1470 28418.2
1500 28831.6
1530 29238.7
1560 29639.6
1590 30034.6
1620 30423.7
1650 30807.2
1680 31185.2
1710 31557.8
1740 31925.2
1770 32287.5
1800 32644.8
1830 32997.2
1860 33345
1860 33345
