0 0
30 1143.88
60 2287.77
90 3431.65
120 4575.55
150 5719.61
180 6864.46
210 8011.39
240 9162.05
270 10318
300 11480.6
330 12650.7
360 13828.8
390 15015.2
420 16210.3
450 17414.3
480 18627.6
510 19850.6
540 21083.7
570 22327.2
600 23581.3
630 24846.4
660 26122.4
690 27409.3
720 28707.1
750 30015.5
780 31334.5
810 32663.6
840 34002.8
870 35351.7
900 36710
930 38077.3
960 39453.5
990 40838.1
1020 42231.1
1050 43632.1
1080 45040.8
1110 46457
1140 47880.3
1170 49310.5
1200 50747.4
1230 52190.8
1260 53640.4
1290 55096.1
1320 56557.6
1350 58024.8
1380 59497.4
1410 60975.4
1440 62458.4
1470 63946.4
1500 65439.3
1530 66936.8
1560 68438.8
1590 69945.3
1620 71456
1650 72970.9
1680 74489.9
1710 76012.8
1740 77539.6
1770 79070
1800 80604.1
1830 82141.7
1860 83682.8
1860 83682.8
