0 0
30 656.115
60 1312.23
90 1968.35
120 2624.46
150 3280.57
180 3936.69
210 4592.8
240 5248.81
270 5904.44
300 6559.09
330 7211.87
360 7861.62
390 8507.1
420 9147.04
450 9780.26
480 10405.8
510 11022.8
540 11630.5
570 12228.3
600 12815.8
630 13392.9
660 13959
690 14514.2
720 15058.4
750 15591.5
780 16113.8
810 16625.2
840 17126.1
870 17616.6
900 18097.1
930 18567.6
960 19028.6
990 19480.3
1020 19922.9
1050 20356.7
1080 20782
1110 21199
1140 21608
1170 22009.4
1200 22403.3
1230 22789.8
1260 23169.3
1290 23542
1320 23908
1350 24267.7
1380 24621.1
1410 24968.5
1440 25310.2
1470 25646.1
1500 25976.5
1530 26301.6
1560 26621.5
1590 26936.5
1620 27246.5
1650 27551.8
1680 27852.5
1710 28148.7
1740 28440.5
1770 28728.1
1800 29011.5
1830 29290.9
1860 29566.4
1860 29566.4
