0 0
30 656.115
60 1312.23
90 1968.35
120 2624.46
150 3280.57
180 3936.69
210 4592.8
240 5248.92
270 5905.03
300 6561.15
330 7217.24
360 7873.24
390 8529.02
420 9184.28
450 9838.63
480 10491.6
510 11142.5
540 11790.9
570 12436.3
600 13078
630 13715.8
660 14349.1
690 14977.7
720 15601.3
750 16219.5
780 16832
810 17438.5
840 18038.8
870 18632.7
900 19220
930 19800.4
960 20373.9
990 20940.5
1020 21499.9
1050 22052.3
1080 22597.5
1110 23135.5
1140 23666.5
1170 24190.5
1200 24707.7
1230 25218
1260 25721.6
1290 26218.6
1320 26709.1
1350 27193.1
1380 27670.9
1410 28142.6
1440 28608.3
1470 29068.1
1500 29522
1530 29970.2
1560 30412.9
1590 30850
1620 31281.8
1650 31708.4
1680 32129.9
1710 32546.3
1740 32957.8
1770 33364.5
1800 33766.5
1830 34163.9
1860 34556.8
1860 34556.8
