0 0
30 656.115
60 1312.23
90 1968.35
120 2624.46
150 3280.57
180 3936.69
210 4592.8
240 5248.92
270 5905.03
300 6561.15
330 7217.26
360 7873.36
390 8529.4
420 9185.23
450 9840.53
480 10494.8
510 11147.4
540 11797.5
570 12444.2
600 13086.9
630 13724.7
660 14357
690 14983.2
720 15602.8
750 16215.1
780 16819.8
810 17416.4
840 18004.7
870 18584.4
900 19155.3
930 19717.1
960 20269.9
990 20813.6
1020 21348.3
1050 21874.1
1080 22390.9
1110 22899
1140 23398.6
1170 23889.7
1200 24372.6
1230 24847.4
1260 25314.4
1290 25773.8
1320 26225.7
1350 26670.2
1380 27107.7
1410 27538.1
1440 27961.9
1470 28379
1500 28789.9
1530 29194.4
1560 29592.9
1590 29985.4
1620 30372.2
1650 30753.4
1680 31129.1
1710 31499.5
1740 31864.6
1770 32224.6
1800 32579.7
1830 32930.1
1860 33275.7
1860 33275.7
