0 0
30 656.115
60 1312.23
90 1968.35
120 2624.46
150 3280.57
180 3936.69
210 4592.8
240 5248.92
270 5905.03
300 6561.15
330 7217.25
360 7873.28
390 8529.08
420 9184.33
450 9838.46
480 10490.7
510 11139.9
540 11785.2
570 12425.2
600 13059
630 13685.6
660 14304
690 14913.7
720 15514
750 16104.5
780 16684.9
810 17255.1
840 17815.1
870 18364.6
900 18903.9
930 19432.9
960 19951.9
990 20461
1020 20960.5
1050 21450.5
1080 21931.4
1110 22403.2
1140 22866.2
1170 23320.8
1200 23767.1
1230 24205.5
1260 24636.1
1290 25059.2
1320 25474.9
1350 25883.5
1380 26285.4
1410 26680.5
1440 27069.3
1470 27451.7
1500 27828
1530 28198.5
1560 28563.2
1590 28922.3
1620 29276.1
1650 29624.5
1680 29967.9
1710 30306.2
1740 30639.7
1770 30968.5
1800 31292.7
1830 31612.3
1860 31927.6
1860 31927.6
