0 0
30 656.115
60 1312.23
90 1968.35
120 2624.46
150 3280.57
180 3936.69
210 4592.8
240 5248.9
270 5904.91
300 6560.55
330 7215.29
360 7868.23
390 8518.19
420 9163.78
450 9803.66
480 10436.6
510 11061.5
540 11677.6
570 12284.4
600 12881.5
630 13468.8
660 14046.3
690 14614
720 15171.9
750 15720.4
780 16259.5
810 16789.6
840 17310.8
870 17823.5
900 18327.7
930 18823.7
960 19311.7
990 19791.8
1020 20264.3
1050 20729.4
1080 21187
1110 21637.5
1140 22080.9
1170 22517.3
1200 22946.9
1230 23370
1260 23786.7
1290 24197.1
1320 24601.5
1350 24999.9
1380 25392.6
1410 25779.6
1440 26161.1
1470 26537.3
1500 26908.2
1530 27273.9
1560 27634.8
1590 27990.7
1620 28342
1650 28688.7
1680 29030.8
1710 29368.6
1740 29702.1
1770 30031.5
1800 30356.7
1830 30677.9
1860 30995.2
1860 30995.2
