0 0
30 656.115
60 1312.23
90 1968.35
120 2624.46
150 3280.57
180 3936.69
210 4592.8
240 5248.92
270 5905.03
300 6561.15
330 7217.26
360 7873.38
390 8529.49
420 9185.56
450 9841.54
480 10497.3
510 11152.5
540 11806.9
570 12459.9
600 13110.9
630 13759.3
660 14404.4
690 15045.7
720 15682.5
750 16314.4
780 16940.7
810 17561.1
840 18175.1
870 18782.4
900 19382.9
930 19976.2
960 20562.3
990 21141
1020 21712.2
1050 22276
1080 22832.3
1110 23381.2
1140 23922.6
1170 24456.8
1200 24983.8
1230 25503.7
1260 26016.5
1290 26522.5
1320 27021.7
1350 27514.2
1380 28000.4
1410 28480.1
1440 28953.6
1470 29420.8
1500 29882.1
1530 30337.5
1560 30787.1
1590 31231.1
1620 31669.5
1650 32102.6
1680 32530.4
1710 32953
1740 33370.6
1770 33783.3
1800 34191.1
1830 34594.3
1860 34992.8
1860 34992.8
