0 0
30 1143.88
60 2287.77
90 3431.65
120 4575.54
150 5719.43
180 6863.31
210 8007.19
240 9151.08
270 10295
300 11438.9
330 12582.7
360 13726.6
390 14870.5
420 16014.5
450 17158.5
480 18302.9
510 19447.7
540 20593.5
570 21740.7
600 22890
630 24042.2
660 25198
690 26358.3
720 27523.8
750 28695.3
780 29873.3
810 31058.5
840 32251.3
870 33452
900 34661
930 35878.4
960 37104.3
990 38338.9
1020 39582.2
1050 40834
1080 42094.5
1110 43363.4
1140 44640.8
1170 45926.4
1200 47220.1
1230 48521.8
1260 49831.3
1290 51148.4
1320 52473
1350 53804.8
1380 55143.8
1410 56489.6
1440 57842.3
1470 59201.6
1500 60567.4
1530 61939.6
1560 63317.9
1590 64702.3
1620 66092.5
1650 67488.5
1680 68890
1710 70297
1740 71709.3
1770 73126.8
1800 74549.3
1830 75976.8
1860 77409.1
1860 77409.1
