0 0
30 1143.88
60 2287.77
90 3431.65
120 4575.54
150 5719.43
180 6863.31
210 8007.19
240 9151.08
270 10295
300 11438.9
330 12582.8
360 13726.7
390 14870.9
420 16015.5
450 17161.1
480 18308.4
510 19458.2
540 20611.5
570 21769.2
600 22932
630 24100.9
660 25276.1
690 26458.3
720 27647.7
750 28844.5
780 30048.9
810 31260.9
840 32480.7
870 33708.1
900 34943.1
930 36185.8
960 37436.2
990 38694.2
1020 39959.8
1050 41232.8
1080 42513.4
1110 43801.2
1140 45096.3
1170 46398.5
1200 47707.9
1230 49024.2
1260 50347.4
1290 51677.4
1320 53013.9
1350 54357
1380 55706.4
1410 57062
1440 58423.9
1470 59791.7
1500 61165.5
1530 62545.1
1560 63930.2
1590 65320.9
1620 66717
1650 68118.5
1680 69525.1
1710 70936.7
1740 72353.3
1770 73774.7
1800 75200.8
1830 76631.6
1860 78066.9
1860 78066.9
