0 0
30 1143.88
60 2287.77
90 3431.65
120 4575.54
150 5719.43
180 6863.31
210 8007.19
240 9151.09
270 10295
300 11439.3
330 12584.2
360 13730.5
390 14878.9
420 16030.6
450 17186.4
480 18347.4
510 19514.7
540 20689.2
570 21871.7
600 23062.9
630 24263.2
660 25473
690 26692.6
720 27922.1
750 29161.8
780 30411.7
810 31671.6
840 32941.6
870 34221.5
900 35511.2
930 36810.5
960 38119.1
990 39436.9
1020 40763.6
1050 42098.9
1080 43442.8
1110 44794.8
1140 46154.8
1170 47522.5
1200 48897.9
1230 50280.6
1260 51670.4
1290 53067.2
1320 54470.8
1350 55880.9
1380 57297.5
1410 58720.3
1440 60149.2
1470 61583.8
1500 63024.2
1530 64470.1
1560 65921.3
1590 67377.7
1620 68839.2
1650 70305.6
1680 71776.8
1710 73252.7
1740 74733.1
1770 76218
1800 77707.3
1830 79200.7
1860 80698.3
1860 80698.3
