0 0
30 1143.88
60 2287.77
90 3431.65
120 4575.54
150 5719.43
180 6863.31
210 8007.2
240 9151.13
270 10295.3
300 11440
330 12585.8
360 13733.6
390 14884.2
420 16038.4
450 17196.8
480 18360.3
510 19529.3
540 20704.4
570 21885.9
600 23074.4
630 24270
660 25472.9
690 26683.4
720 27901.6
750 29127.7
780 30361.6
810 31603.5
840 32853.3
870 34111
900 35376.6
930 36650.1
960 37931.5
990 39220.8
1020 40517.9
1050 41822.5
1080 43134.7
1110 44454.3
1140 45781
1170 47114.8
1200 48455.6
1230 49803.2
1260 51157.5
1290 52518.3
1320 53885.6
1350 55259.1
1380 56638.8
1410 58024.4
1440 59415.9
1470 60813.1
1500 62215.9
1530 63624
1560 65037.4
1590 66455.9
1620 67879.5
1650 69308
1680 70741.3
1710 72179.2
1740 73621.8
1770 75068.8
1800 76520.2
1830 77975.8
1860 79435.6
1860 79435.6
