0 0
30 1143.88
60 2287.77
90 3431.65
120 4575.54
150 5719.43
180 6863.31
210 8007.19
240 9151.08
270 10295
300 11438.9
330 12582.8
360 13727.1
390 14872.1
420 16018.7
450 17168
480 18321.3
510 19480.2
540 20645.9
570 21819.6
600 23002.2
630 24194.4
660 25396.6
690 26609.1
720 27832.1
750 29065.7
780 30309.8
810 31564.2
840 32828.9
870 34103.7
900 35388.5
930 36683
960 37986.9
990 39300.1
1020 40622.4
1050 41953.4
1080 43292.9
1110 44640.9
1140 45996.9
1170 47360.9
1200 48732.6
1230 50111.8
1260 51498.3
1290 52891.7
1320 54292
1350 55698.9
1380 57112.2
1410 58531.8
1440 59957.4
1470 61388.9
1500 62826.2
1530 64269.1
1560 65717.4
1590 67170.9
1620 68629.6
1650 70093.3
1680 71561.9
1710 73035.1
1740 74513
1770 75995.3
1800 77482
1830 78973
1860 80468.1
1860 80468.1
