0 0
30 656.115
60 1312.23
90 1968.35
120 2624.46
150 3280.56
180 3936.45
210 4591.43
240 5244.34
270 5893.83
300 6538.57
330 7177.45
360 7809.5
390 8433.81
420 9049.6
450 9656.2
480 10253
510 10839.7
540 11415.8
570 11981.2
600 12535.8
630 13079.7
660 13613
690 14135.8
720 14648.4
750 15150.9
780 15643.9
810 16127.4
840 16601.7
870 17067.2
900 17524.2
930 17973
960 18413.7
990 18846.7
1020 19272.3
1050 19690.7
1080 20102.2
1110 20507.1
1140 20905.5
1170 21297.6
1200 21683.8
1230 22064.2
1260 22438.8
1290 22808
1320 23171.7
1350 23530.3
1380 23883.8
1410 24232.3
1440 24576.1
1470 24915.3
1500 25249.9
1530 25580.1
1560 25905.9
1590 26227.6
1620 26545.2
1650 26858.8
1680 27168.4
1710 27474.2
1740 27776.2
1770 28074.6
1800 28369.3
1830 28660.6
1860 28948.5
1860 28948.5
