0 0
30 656.115
60 1312.23
90 1968.35
120 2624.46
150 3280.55
180 3936.41
210 4591.55
240 5245.01
270 5895.27
300 6540.27
330 7177.62
360 7804.97
390 8420.45
420 9022.64
450 9610.54
480 10183.7
510 10742
540 11285.6
570 11814.8
600 12330
630 12831.8
660 13320.5
690 13796.6
720 14260.6
750 14713.1
780 15154.5
810 15585.4
840 16006.1
870 16417.1
900 16818.8
930 17211.6
960 17596
990 17972.2
1020 18340.6
1050 18701.4
1080 19054.9
1110 19401.5
1140 19741.4
1170 20074.8
1200 20402
1230 20723.2
1260 21038.7
1290 21348.7
1320 21653.2
1350 21952.7
1380 22247.1
1410 22536.7
1440 22821.5
1470 23101.8
1500 23377.6
1530 23649.1
1560 23916.4
1590 24179.7
1620 24439
1650 24694.5
1680 24946.3
1710 25194.6
1740 25439.3
1770 25680.6
1800 25918.7
1830 26153.5
1860 26385.3
1860 26385.3
