0 0
30 656.115
60 1312.23
90 1968.35
120 2624.46
150 3280.57
180 3936.69
210 4592.8
240 5248.92
270 5905.02
300 6561.03
330 7216.67
360 7871.34
390 8524.06
420 9173.5
450 9818.22
480 10456.8
510 11088
540 11711
570 12324.9
600 12929.5
630 13524.5
660 14109.5
690 14684.8
720 15250.3
750 15806.2
780 16352.6
810 16889.8
840 17417.8
870 17937
900 18447.6
930 18949.8
960 19443.8
990 19929.9
1020 20408.4
1050 20879.3
1080 21343
1110 21799.8
1140 22249.6
1170 22692.7
1200 23129.1
1230 23559.1
1260 23982.8
1290 24400.3
1320 24811.8
1350 25217.4
1380 25617.4
1410 26011.8
1440 26400.7
1470 26784.3
1500 27162.8
1530 27536.1
1560 27904.5
1590 28268.1
1620 28627
1650 28981.3
1680 29331
1710 29676.3
1740 30017.3
1770 30354
1800 30686.7
1830 31015.2
1860 31339.9
1860 31339.9
