0 0
30 656.115
60 1312.23
90 1968.35
120 2624.46
150 3280.57
180 3936.69
210 4592.8
240 5248.92
270 5905.03
300 6561.13
330 7217.15
360 7872.89
390 8527.88
420 9181.3
450 9832.02
480 10478.7
510 11119.8
540 11754.1
570 12380.4
600 12997.8
630 13605.6
660 14203.4
690 14790.9
720 15367.9
750 15934.3
780 16490.2
810 17035.8
840 17571.1
870 18096.3
900 18611.5
930 19117
960 19613.1
990 20099.9
1020 20577.6
1050 21046.6
1080 21507.1
1110 21959.1
1140 22403.1
1170 22839.1
1200 23267.4
1230 23688.2
1260 24101.7
1290 24508.3
1320 24908
1350 25301.1
1380 25687.8
1410 26068.2
1440 26442.6
1470 26811.1
1500 27173.8
1530 27530.9
1560 27882.6
1590 28229.1
1620 28570.4
1650 28906.7
1680 29238.1
1710 29564.9
1740 29887
1770 30204.7
1800 30518
1830 30827
1860 31131.9
1860 31131.9
