0 0
30 656.115
60 1312.23
90 1968.35
120 2624.46
150 3280.57
180 3936.69
210 4592.8
240 5248.92
270 5905.03
300 6561.15
330 7217.26
360 7873.38
390 8529.49
420 9185.58
450 9841.6
480 10497.5
510 11153.1
540 11808.1
570 12462.2
600 13114.8
630 13765.4
660 14413
690 15057
720 15696.4
750 16330.5
780 16958.3
810 17579.2
840 18192.7
870 18798.2
900 19395.4
930 19983.9
960 20563.7
990 21134.5
1020 21696.3
1050 22249.1
1080 22793
1110 23328
1140 23854.2
1170 24371.9
1200 24881.1
1230 25382
1260 25874.8
1290 26359.7
1320 26836.9
1350 27306.6
1380 27768.8
1410 28223.9
1440 28671.9
1470 29113.2
1500 29547.8
1530 29975.9
1560 30397.6
1590 30813.2
1620 31222.8
1650 31626.6
1680 32024.7
1710 32417.2
1740 32804.2
1770 33186
1800 33562.5
1830 33934.1
1860 34300.7
1860 34300.7
