0 0
30 1143.88
60 2287.77
90 3431.65
120 4575.54
150 5719.43
180 6863.32
210 8007.4
240 9152.15
270 10298.5
300 11447.5
330 12600.7
360 13759.4
390 14924.5
420 16097.3
450 17278.7
480 18469.6
510 19670.6
540 20882.1
570 22104.4
600 23338.1
630 24583.1
660 25839.5
690 27107.4
720 28386.7
750 29677.3
780 30978.8
810 32291.2
840 33614.1
870 34947.3
900 36290.5
930 37643.3
960 39005.5
990 40376.8
1020 41756.8
1050 43145.4
1080 44542.1
1110 45946.9
1140 47359.4
1170 48779.3
1200 50206.5
1230 51640.6
1260 53081.4
1290 54528.8
1320 55982.5
1350 57442.3
1380 58908
1410 60379.6
1440 61856.6
1470 63339.1
1500 64826.7
1530 66319.4
1560 67817.1
1590 69319.4
1620 70826.4
1650 72337.9
1680 73853.8
1710 75374
1740 76898.2
1770 78426.5
1800 79958.8
1830 81494.8
1860 83034.5
1860 83034.5
