0 0
30 1143.88
60 2287.77
90 3431.65
120 4575.54
150 5719.43
180 6863.31
210 8007.19
240 9151.08
270 10295
300 11438.9
330 12582.8
360 13727.1
390 14872.1
420 16018.4
450 17166.9
480 18318.5
510 19474
540 20634.1
570 21799.5
600 22970.6
630 24147.9
660 25331.9
690 26522.8
720 27721
750 28926.8
780 30140.3
810 31361.8
840 32591.4
870 33829
900 35074.8
930 36328.6
960 37590.4
990 38860.2
1020 40137.9
1050 41423.4
1080 42716.5
1110 44017.1
1140 45325.2
1170 46640.6
1200 47963.2
1230 49292.9
1260 50629.4
1290 51972.7
1320 53322.7
1350 54679.1
1380 56042
1410 57411.2
1440 58786.6
1470 60168
1500 61555.3
1530 62948.5
1560 64347.3
1590 65751.6
1620 67161.3
1650 68576.2
1680 69996.3
1710 71421.5
1740 72851.5
1770 74286.4
1800 75726
1830 77170.2
1860 78618.9
1860 78618.9
