0 0
30 656.115
60 1312.23
90 1968.35
120 2624.46
150 3280.57
180 3936.69
210 4592.8
240 5248.92
270 5905.03
300 6561.14
330 7217.21
360 7873.14
390 8528.69
420 9183.4
450 9836.62
480 10487.4
510 11134.8
540 11777.4
570 12414.2
600 13044
630 13665.7
660 14278.5
690 14881.7
720 15474.7
750 16057.4
780 16629.5
810 17190.9
840 17741.7
870 18281.9
900 18811.7
930 19331.3
960 19840.9
990 20340.5
1020 20830.6
1050 21311.3
1080 21782.9
1110 22245.6
1140 22699.7
1170 23145.4
1200 23583.1
1230 24013
1260 24435.2
1290 24850
1320 25257.6
1350 25658.3
1380 26052.2
1410 26439.7
1440 26820.7
1470 27195.5
1500 27564.4
1530 27927.4
1560 28284.8
1590 28636.7
1620 28983.3
1650 29324.7
1680 29661
1710 29992.5
1740 30319.2
1770 30641.2
1800 30958.8
1830 31272.1
1860 31581
1860 31581
