0 0
30 656.115
60 1312.23
90 1968.35
120 2624.46
150 3280.57
180 3936.69
210 4592.8
240 5248.92
270 5905.03
300 6561.15
330 7217.26
360 7873.38
390 8529.49
420 9185.6
450 9841.67
480 10497.6
510 11153.3
540 11808.5
570 12462.7
600 13115.4
630 13766
660 14413.7
690 15057.8
720 15697.6
750 16332.4
780 16961.5
810 17584.4
840 18200.5
870 18809.5
900 19411.2
930 20005.1
960 20591.3
990 21169.7
1020 21740.1
1050 22302.6
1080 22857.4
1110 23404.3
1140 23943.6
1170 24475.2
1200 24999.4
1230 25516.3
1260 26026
1290 26528.6
1320 27024.2
1350 27513.1
1380 27995.4
1410 28471.2
1440 28940.7
1470 29403.9
1500 29861.1
1530 30312.3
1560 30757.6
1590 31197.3
1620 31631.4
1650 32060
1680 32483.4
1710 32901.5
1740 33314.5
1770 33722.6
1800 34125.9
1830 34524.5
1860 34918.5
1860 34918.5
