0 0
30 1143.88
60 2287.77
90 3431.65
120 4575.54
150 5719.43
180 6863.31
210 8007.19
240 9151.08
270 10295
300 11438.9
330 12582.7
360 13726.6
390 14870.5
420 16014.4
450 17158.3
480 18302.4
510 19446.7
540 20591.7
570 21737.6
600 22885.3
630 24035.5
660 25189
690 26346.8
720 27509.7
750 28678.6
780 29854.1
810 31036.7
840 32226.9
870 33425
900 34631.2
930 35845.8
960 37068.8
990 38300.3
1020 39540.3
1050 40788.7
1080 42045.5
1110 43310.8
1140 44584.3
1170 45866
1200 47155.9
1230 48453.6
1260 49759.2
1290 51072.5
1320 52393.3
1350 53721.5
1380 55056.8
1410 56399.2
1440 57748.4
1470 59104.2
1500 60466.6
1530 61835.3
1560 63210.3
1590 64591.3
1620 65978.3
1650 67371.1
1680 68769.5
1710 70173.4
1740 71582.7
1770 72997.2
1800 74416.8
1830 75841.3
1860 77270.8
1860 77270.8
