0 0
30 656.115
60 1312.23
90 1968.35
120 2624.46
150 3280.56
180 3936.37
210 4590.98
240 5242.86
270 5890.3
300 6531.77
330 7166.05
360 7792.13
390 8409.09
420 9016.05
450 9612.3
480 10197.3
510 10770.7
540 11332.3
570 11882
600 12420
630 12946.2
660 13461
690 13964.5
720 14457.2
750 14939.4
780 15411.3
810 15873.3
840 16325.8
870 16769.1
900 17203.4
930 17629.2
960 18046.7
990 18456.3
1020 18858.3
1050 19252.9
1080 19640.5
1110 20021.2
1140 20395.4
1170 20763.2
1200 21124.8
1230 21480.6
1260 21830.6
1290 22175.2
1320 22514.4
1350 22848.5
1380 23177.7
1410 23502
1440 23821.7
1470 24136.9
1500 24447.7
1530 24754.2
1560 25056.6
1590 25355
1620 25649.6
1650 25940.5
1680 26227.7
1710 26511.3
1740 26791.4
1770 27068.2
1800 27341.7
1830 27611.9
1860 27879
1860 27879
