0 0
30 656.115
60 1312.23
90 1968.35
120 2624.46
150 3280.57
180 3936.69
210 4592.8
240 5248.92
270 5905.03
300 6561.14
330 7217.18
360 7873.02
390 8528.32
420 9182.56
450 9835.02
480 10484.9
510 11131.2
540 11773.3
570 12410.3
600 13041.5
630 13666.3
660 14284.1
690 14894.6
720 15497.2
750 16091.8
780 16678.1
810 17256
840 17825.3
870 18386
900 18937.9
930 19481.2
960 20015.9
990 20542.1
1020 21059.7
1050 21569.1
1080 22070.2
1110 22563.3
1140 23048.6
1170 23526.1
1200 23995.9
1230 24458.4
1260 24913.7
1290 25361.8
1320 25803.1
1350 26237.6
1380 26665.6
1410 27087.2
1440 27502.6
1470 27911.7
1500 28314.9
1530 28712.3
1560 29104
1590 29490.2
1620 29871
1650 30246.6
1680 30617
1710 30982.3
1740 31342.8
1770 31698.5
1800 32049.6
1830 32396.1
1860 32738.2
1860 32738.2
