0 0
30 1143.88
60 2287.77
90 3431.72
120 4576.63
150 5725.17
180 6881.08
210 8047.18
240 9224.84
270 10414.5
300 11616.1
330 12829.3
360 14053.9
390 15289.3
420 16535.1
450 17790.8
480 19055.9
510 20329.8
540 21612.2
570 22902.8
600 24201.3
630 25507.5
660 26821.2
690 28142.4
720 29471
750 30806.9
780 32150.1
810 33500.6
840 34858.4
870 36223.4
900 37595.7
930 38975.1
960 40361.6
990 41755.1
1020 43155.4
1050 44562.4
1080 45975.9
1110 47395.7
1140 48821.8
1170 50253.9
1200 51691.9
1230 53135.7
1260 54585
1290 56039.8
1320 57499.9
1350 58965.2
1380 60435.6
1410 61910.8
1440 63390.8
1470 64875.5
1500 66364.7
1530 67858.2
1560 69356.1
1590 70858.1
1620 72364.2
1650 73874.3
1680 75388.2
1710 76905.9
1740 78427.3
1770 79952.2
1800 81480.6
1830 83012.5
1860 84547.6
1860 84547.6
