0 0
30 656.115
60 1312.23
90 1968.35
120 2624.46
150 3280.57
180 3936.6
210 4592.24
240 5246.71
270 5898.56
300 6545.68
330 7185.67
360 7816.27
390 8435.6
420 9042.41
450 9635.79
480 10215.2
510 10780.4
540 11331.6
570 11869
600 12392.8
630 12903.5
660 13401.6
690 13887.4
720 14361.3
750 14824
780 15275.8
810 15717.2
840 16148.6
870 16570.4
900 16983
930 17386.7
960 17781.9
990 18169.1
1020 18548.4
1050 18920.1
1080 19284.6
1110 19642.1
1140 19992.8
1170 20337
1200 20675
1230 21006.9
1260 21332.9
1290 21653.4
1320 21968.4
1350 22278.3
1380 22583
1410 22882.9
1440 23178
1470 23468.4
1500 23754.4
1530 24036
1560 24313.3
1590 24586.5
1620 24855.7
1650 25121
1680 25382.5
1710 25640.3
1740 25894.6
1770 26145.4
1800 26392.8
1830 26637
1860 26877.9
1860 26877.9
