0 0
30 656.115
60 1312.23
90 1968.35
120 2624.46
150 3280.57
180 3936.69
210 4592.8
240 5248.79
270 5904.22
300 6557.9
330 7207.92
360 7851.92
390 8487.61
420 9113.1
450 9726.93
480 10328.2
510 10916.4
540 11491.3
570 12052.8
600 12601.2
630 13136.7
660 13659.8
690 14170.8
720 14670.1
750 15158.1
780 15635.3
810 16102.1
840 16558.8
870 17006
900 17443.9
930 17873
960 18293.6
990 18706
1020 19110.5
1050 19507.4
1080 19896.9
1110 20279.4
1140 20655
1170 21024
1200 21386.6
1230 21743.1
1260 22093.7
1290 22438.5
1320 22777.8
1350 23111.6
1380 23440.3
1410 23763.9
1440 24082.5
1470 24396.4
1500 24705.7
1530 25010.4
1560 25310.9
1590 25607.1
1620 25899.1
1650 26187.2
1680 26471.3
1710 26751.6
1740 27028.1
1770 27301.1
1800 27570.5
1830 27836.4
1860 28099.1
1860 28099.1
