0 0
30 1143.88
60 2287.77
90 3431.65
120 4575.54
150 5719.43
180 6863.31
210 8007.19
240 9151.1
270 10295.1
300 11439.7
330 12585.8
360 13734.8
390 14888.5
420 16048.7
450 17217.2
480 18395.3
510 19584.1
540 20784.3
570 21996.1
600 23219.9
630 24455.6
660 25703.2
690 26962.4
720 28232.9
750 29514.5
780 30806.9
810 32109.6
840 33422.4
870 34745
900 36076.9
930 37417.9
960 38767.5
990 40125.5
1020 41491.5
1050 42865.3
1080 44246.5
1110 45635.1
1140 47030.6
1170 48432.8
1200 49841.7
1230 51256.8
1260 52678
1290 54105.2
1320 55538.1
1350 56976.5
1380 58420.4
1410 59869.4
1440 61323.5
1470 62782.4
1500 64246.1
1530 65714.5
1560 67187.3
1590 68664.6
1620 70146.1
1650 71631.8
1680 73121.6
1710 74615.4
1740 76113.1
1770 77614.5
1800 79119.6
1830 80628.2
1860 82140.4
1860 82140.4
