0 0
30 656.115
60 1312.23
90 1968.35
120 2624.46
150 3280.57
180 3936.67
210 4592.6
240 5247.86
270 5901.54
300 6552.45
330 7199.25
360 7840.64
390 8475.48
420 9102.73
450 9721.31
480 10330.4
510 10929.4
540 11517.9
570 12095.6
600 12661.9
630 13216.9
660 13760.5
690 14292.6
720 14813.3
750 15322.7
780 15821.2
810 16308.8
840 16785.9
870 17252.7
900 17709.5
930 18156.7
960 18594.5
990 19023.2
1020 19443.2
1050 19854.6
1080 20257.9
1110 20653.1
1140 21040.6
1170 21420.7
1200 21793.5
1230 22159.4
1260 22518.6
1290 22871.2
1320 23217.5
1350 23557.7
1380 23892
1410 24220.4
1440 24543.4
1470 24860.9
1500 25173.3
1530 25480.6
1560 25782.9
1590 26080.6
1620 26373.6
1650 26662.1
1680 26946.2
1710 27226
1740 27501.8
1770 27773.5
1800 28041.2
1830 28305.2
1860 28565.5
1860 28565.5
