0 0
30 656.115
60 1312.23
90 1968.35
120 2624.46
150 3280.56
180 3936.45
210 4591.37
240 5244.04
270 5892.84
300 6536.34
330 7173.42
360 7803.2
390 8425
420 9038.39
450 9643.1
480 10239
510 10825.9
540 11403.8
570 11972.8
600 12532.9
630 13084
660 13626.2
690 14159.4
720 14683.8
750 15199.3
780 15706.1
810 16204.1
840 16693.5
870 17174.5
900 17647.1
930 18111.4
960 18567.7
990 19016
1020 19456.6
1050 19889.5
1080 20315.1
1110 20733.4
1140 21144.7
1170 21549.2
1200 21947.1
1230 22338.6
1260 22723.7
1290 23102.8
1320 23475.8
1350 23843.1
1380 24204.8
1410 24561
1440 24911.8
1470 25257.5
1500 25598.2
1530 25934
1560 26265
1590 26591.3
1620 26913.1
1650 27230.5
1680 27543.6
1710 27852.5
1740 28157.3
1770 28458.2
1800 28755.2
1830 29048.4
1860 29337.9
1860 29337.9
