0 0
30 656.115
60 1312.23
90 1968.35
120 2624.46
150 3280.57
180 3936.69
210 4592.8
240 5248.92
270 5905.03
300 6561.15
330 7217.26
360 7873.38
390 8529.49
420 9185.61
450 9841.72
480 10497.8
510 11153.8
540 11809.8
570 12465.4
600 13120.5
630 13774.7
660 14427.6
690 15078.4
720 15726.3
750 16370.6
780 17010.5
810 17645
840 18273.6
870 18895.4
900 19510
930 20116.9
960 20715.8
990 21306.4
1020 21888.5
1050 22462
1080 23026.8
1110 23583
1140 24130.5
1170 24669.5
1200 25200
1230 25722.2
1260 26236.3
1290 26742.4
1320 27240.7
1350 27731.2
1380 28214.2
1410 28689.9
1440 29158.4
1470 29619.9
1500 30074.6
1530 30522.6
1560 30964.1
1590 31399.3
1620 31828.2
1650 32251.1
1680 32668
1710 33079.2
1740 33484.8
1770 33884.9
1800 34279.7
1830 34669.2
1860 35053.6
1860 35053.6
