0 0
30 1143.88
60 2287.77
90 3431.65
120 4575.54
150 5719.43
180 6863.31
210 8007.19
240 9151.08
270 10295
300 11438.9
330 12582.7
360 13726.6
390 14870.5
420 16014.4
450 17158.3
480 18302.3
510 19446.4
540 20590.8
570 21735.7
600 22881.6
630 24028.9
660 25178.1
690 26330
720 27485.1
750 28644.3
780 29808
810 30977.1
840 32151.9
870 33333
900 34520.8
930 35715.5
960 36917.5
990 38126.8
1020 39343.5
1050 40567.8
1080 41799.7
1110 43039
1140 44285.9
1170 45540.2
1200 46802
1230 48071.1
1260 49347.3
1290 50630.6
1320 51920.7
1350 53217.7
1380 54521.3
1410 55831.4
1440 57147.9
1470 58470.7
1500 59799.7
1530 61134.7
1560 62475.5
1590 63822.2
1620 65174.6
1650 66532.4
1680 67895.7
1710 69264.3
1740 70638.1
1770 72016.9
1800 73400.7
1830 74789.4
1860 76182.8
1860 76182.8
