0 0
30 1143.88
60 2287.77
90 3431.65
120 4575.54
150 5719.43
180 6863.31
210 8007.2
240 9151.16
270 10295.4
300 11440.3
330 12586.4
360 13734.7
390 14886
420 16041.1
450 17200.9
480 18366
510 19536.7
540 20713.5
570 21896.7
600 23086.5
630 24283.3
660 25487.2
690 26698.4
720 27917.3
750 29144
780 30378.7
810 31621.5
840 32872.7
870 34132.2
900 35400.1
930 36676.3
960 37960.9
990 39253.8
1020 40554.8
1050 41863.8
1080 43180.7
1110 44505.4
1140 45837.6
1170 47177.1
1200 48523.9
1230 49877.7
1260 51238.4
1290 52605.8
1320 53979.8
1350 55360.2
1380 56746.8
1410 58139.6
1440 59538.3
1470 60942.8
1500 62353
1530 63768.7
1560 65189.8
1590 66616.1
1620 68047.5
1650 69483.9
1680 70925
1710 72370.9
1740 73821.3
1770 75276.3
1800 76735.7
1830 78199.4
1860 79667.2
1860 79667.2
