0 0
30 1143.88
60 2287.77
90 3431.65
120 4575.54
150 5719.43
180 6863.31
210 8007.19
240 9151.08
270 10295
300 11438.9
330 12582.8
360 13726.8
390 14871
420 16015.7
450 17161.4
480 18308.4
510 19457.5
540 20609.1
570 21763.7
600 22922
630 24084.2
660 25250.9
690 26422.3
720 27598.7
750 28780.5
780 29968
810 31161.5
840 32361.2
870 33567.3
900 34780
930 35999.6
960 37226.1
990 38459.5
1020 39700.1
1050 40947.7
1080 42202.5
1110 43464.5
1140 44733.5
1170 46009.5
1200 47292.3
1230 48582
1260 49878.4
1290 51181.4
1320 52490.9
1350 53806.9
1380 55129.1
1410 56457.4
1440 57791.7
1470 59131.9
1500 60478
1530 61829.8
1560 63187.1
1590 64550
1620 65918.2
1650 67291.6
1680 68670.1
1710 70053.7
1740 71442.2
1770 72835.5
1800 74233.5
1830 75636.1
1860 77043.2
1860 77043.2
