0 0
30 1143.88
60 2287.77
90 3431.65
120 4575.54
150 5719.43
180 6863.31
210 8007.19
240 9151.08
270 10295
300 11438.9
330 12582.7
360 13726.6
390 14870.5
420 16014.4
450 17158.4
480 18302.5
510 19446.9
540 20592.1
570 21738.5
600 22886.9
630 24038.1
660 25193.2
690 26353.2
720 27518.9
750 28691.3
780 29871.2
810 31059.1
840 32255.7
870 33461.1
900 34675.8
930 35899.9
960 37133.5
990 38376.6
1020 39629.2
1050 40891.3
1080 42162.7
1110 43443.4
1140 44733.1
1170 46031.5
1200 47338.7
1230 48654.3
1260 49978.1
1290 51309.9
1320 52649.5
1350 53996.6
1380 55351.2
1410 56712.9
1440 58081.7
1470 59457.3
1500 60839.5
1530 62228.2
1560 63623.2
1590 65024.4
1620 66431.4
1650 67844.3
1680 69262.9
1710 70686.9
1740 72116.4
1770 73551
1800 74990.7
1830 76435.4
1860 77884.9
1860 77884.9
