0 0
30 1143.88
60 2287.77
90 3431.65
120 4575.54
150 5719.43
180 6863.31
210 8007.19
240 9151.09
270 10295.1
300 11439.4
330 12584.8
360 13732.3
390 14883.5
420 16039.8
450 17202.7
480 18373.5
510 19553.3
540 20742.8
570 21942.7
600 23153.4
630 24375.2
660 25608.2
690 26852.5
720 28108
750 29374.8
780 30652.6
810 31941.3
840 33240.6
870 34550.2
900 35870.1
930 37199.8
960 38539.1
990 39887.7
1020 41245.5
1050 42611.9
1080 43986.9
1110 45370.2
1140 46761.4
1170 48160.3
1200 49566.9
1230 50980.7
1260 52401.5
1290 53829.2
1320 55263.4
1350 56704
1380 58150.8
1410 59603.5
1440 61062
1470 62526
1500 63995.5
1530 65470.3
1560 66950.1
1590 68434.9
1620 69924.6
1650 71418.8
1680 72917.7
1710 74421
1740 75928.6
1770 77440.5
1800 78956.4
1830 80476.4
1860 82000.3
1860 82000.3
