0 0
30 1143.88
60 2287.77
90 3431.65
120 4575.54
150 5719.43
180 6863.31
210 8007.19
240 9151.09
270 10295.1
300 11439.2
330 12584
360 13730.1
390 14878.2
420 16029.7
450 17185.6
480 18347
510 19515.1
540 20690.8
570 21874.9
600 23068
630 24270.7
660 25483.5
690 26706.5
720 27939.9
750 29183.9
780 30438.4
810 31703.3
840 32978.5
870 34264
900 35559.6
930 36865.1
960 38180.2
990 39504.7
1020 40838.3
1050 42180.9
1080 43532.1
1110 44891.6
1140 46259.3
1170 47634.8
1200 49018
1230 50408.7
1260 51806.7
1290 53211.6
1320 54623.4
1350 56041.7
1380 57466.4
1410 58897.3
1440 60334.2
1470 61776.9
1500 63225.3
1530 64679.1
1560 66138.3
1590 67602.6
1620 69071.9
1650 70546.1
1680 72025.1
1710 73508.6
1740 74996.6
1770 76489
1800 77985.7
1830 79486.6
1860 80991.6
1860 80991.6
