0 0
30 656.115
60 1312.23
90 1968.35
120 2624.46
150 3280.57
180 3936.69
210 4592.8
240 5248.92
270 5905.03
300 6561.14
330 7217.22
360 7873.12
390 8528.51
420 9182.71
450 9834.69
480 10483.2
510 11126.9
540 11764.5
570 12395
600 13017.6
630 13631.7
660 14237
690 14833.3
720 15420.5
750 15998.6
780 16567.8
810 17128.2
840 17679.9
870 18223.2
900 18758.1
930 19284.8
960 19803.4
990 20314.2
1020 20817.1
1050 21312.5
1080 21800.3
1110 22280.7
1140 22753.7
1170 23219.5
1200 23678.1
1230 24129.7
1260 24574.4
1290 25012.3
1320 25443.6
1350 25868.3
1380 26286.6
1410 26698.6
1440 27104.4
1470 27504.3
1500 27898.3
1530 28286.6
1560 28669.4
1590 29046.7
1620 29418.6
1650 29785.4
1680 30147.2
1710 30503.9
1740 30855.9
1770 31203
1800 31545.6
1830 31883.6
1860 32217.1
1860 32217.1
