0 0
30 1143.88
60 2287.77
90 3431.66
120 4575.8
150 5721.3
180 6870.16
210 8024.64
240 9187
270 10359.6
300 11543.9
330 12740.8
360 13951
390 15174.7
420 16411.7
450 17661.9
480 18924.9
510 20200.4
540 21488.1
570 22787.6
600 24098.7
630 25420.9
660 26754.2
690 28098.2
720 29452.7
750 30817.3
780 32191.7
810 33575.6
840 34968.5
870 36370.2
900 37780.4
930 39198.7
960 40624.9
990 42058.6
1020 43499.5
1050 44947.5
1080 46402.2
1110 47863.5
1140 49331
1170 50804.6
1200 52284
1230 53769.1
1260 55259.5
1290 56755.2
1320 58256
1350 59761.6
1380 61272
1410 62787
1440 64306.5
1470 65830.3
1500 67358.3
1530 68890.5
1560 70426.6
1590 71966.5
1620 73510.2
1650 75057.6
1680 76608.4
1710 78162.7
1740 79720.4
1770 81281.3
1800 82845.3
1830 84412.4
1860 85982.6
1860 85982.6
