0 0
30 656.115
60 1312.23
90 1968.35
120 2624.46
150 3280.57
180 3936.69
210 4592.8
240 5248.84
270 5904.58
300 6559.52
330 7212.9
360 7863.76
390 8511.05
420 9153.78
450 9790.97
480 10421.6
510 11044.6
540 11659.4
570 12265.1
600 12861
630 13446.8
660 14022
690 14586.5
720 15140.2
750 15683
780 16214.8
810 16735.9
840 17246.4
870 17746.4
900 18236.3
930 18716.2
960 19186.6
990 19647.5
1020 20099.3
1050 20542.3
1080 20976.8
1110 21403
1140 21821
1170 22231.2
1200 22633.9
1230 23029.3
1260 23417.6
1290 23799
1320 24173.6
1350 24541.9
1380 24903.8
1410 25259.8
1440 25609.9
1470 25954.3
1500 26293.1
1530 26626.7
1560 26954.9
1590 27278.2
1620 27596.5
1650 27910
1680 28218.9
1710 28523.3
1740 28823.3
1770 29119
1800 29410.6
1830 29698.1
1860 29981.6
1860 29981.6
