0 0
30 1143.88
60 2287.77
90 3431.65
120 4575.54
150 5719.43
180 6863.31
210 8007.19
240 9151.08
270 10295
300 11438.9
330 12582.7
360 13726.6
390 14870.6
420 16014.6
450 17159
480 18304
510 19450.2
540 20598.2
570 21748.9
600 22903.3
630 24062.2
660 25226.7
690 26397.7
720 27575.9
750 28762.2
780 29956.9
810 31160.5
840 32373.4
870 33595.8
900 34827.7
930 36069.2
960 37320.3
990 38580.9
1020 39850.9
1050 41130.2
1080 42418.6
1110 43716
1140 45022.1
1170 46336.8
1200 47659.8
1230 48990.8
1260 50329.7
1290 51676.3
1320 53030.5
1350 54391.8
1380 55760.2
1410 57135.5
1440 58517.5
1470 59905.9
1500 61300.7
1530 62701.6
1560 64108.5
1590 65521.2
1620 66939.5
1650 68363.3
1680 69792.4
1710 71226.8
1740 72666.2
1770 74110.5
1800 75559.7
1830 77013.5
1860 78471.9
1860 78471.9
