0 0
30 1143.88
60 2287.77
90 3431.65
120 4575.54
150 5719.43
180 6863.31
210 8007.19
240 9151.08
270 10295
300 11438.9
330 12582.7
360 13726.6
390 14870.6
420 16014.9
450 17159.6
480 18305.5
510 19453.1
540 20603.3
570 21756.8
600 22914.4
630 24076.9
660 25244.9
690 26419
720 27599.7
750 28787.5
780 29982.8
810 31185.9
840 32397.3
870 33617.1
900 34845.6
930 36082.9
960 37328.9
990 38583.8
1020 39847.5
1050 41120
1080 42401.3
1110 43691.1
1140 44989.4
1170 46296
1200 47610.7
1230 48933.5
1260 50264.1
1290 51602.3
1320 52947.9
1350 54300.8
1380 55660.8
1410 57027.8
1440 58401.5
1470 59781.8
1500 61168.4
1530 62561.3
1560 63960.4
1590 65365.4
1620 66776.3
1650 68192.8
1680 69614.8
1710 71042.2
1740 72474.8
1770 73912.5
1800 75355.2
1830 76802.8
1860 78255
1860 78255
