0 0
30 1143.88
60 2287.77
90 3431.65
120 4575.54
150 5719.43
180 6863.31
210 8007.19
240 9151.08
270 10295
300 11438.9
330 12582.7
360 13726.7
390 14870.6
420 16014.8
450 17159.5
480 18304.8
510 19451.4
540 20599.7
570 21750.4
600 22904
630 24061.2
660 25222.9
690 26389.6
720 27562.1
750 28740.9
780 29926.7
810 31120
840 32321.3
870 33530.9
900 34749
930 35975.9
960 37211.6
990 38456.2
1020 39709.7
1050 40972
1080 42243.1
1110 43522.7
1140 44810.8
1170 46107.2
1200 47411.8
1230 48724.4
1260 50044.8
1290 51373
1320 52708.6
1350 54051.4
1380 55401.5
1410 56758.4
1440 58122.2
1470 59492.6
1500 60869.3
1530 62252.4
1560 63641.5
1590 65036.7
1620 66437.6
1650 67844.2
1680 69256.2
1710 70673.6
1740 72096.3
1770 73524
1800 74956.8
1830 76394.4
1860 77836.8
1860 77836.8
