0 0
30 656.115
60 1312.23
90 1968.35
120 2624.46
150 3280.57
180 3936.69
210 4592.8
240 5248.92
270 5905.03
300 6561.15
330 7217.26
360 7873.38
390 8529.47
420 9185.49
450 9841.3
480 10496.7
510 11151.1
540 11804
570 12454.6
600 13101.9
630 13745.1
660 14383.2
690 15015.2
720 15640.5
750 16258.2
780 16867.9
810 17469.1
840 18061.4
870 18644.8
900 19219
930 19783.9
960 20339.6
990 20886
1020 21423.3
1050 21951.6
1080 22470.9
1110 22981.5
1140 23483.5
1170 23977.2
1200 24462.5
1230 24939.8
1260 25409.3
1290 25871.1
1320 26325.5
1350 26772.6
1380 27212.7
1410 27645.8
1440 28072.2
1470 28492.1
1500 28905.6
1530 29312.9
1560 29714.2
1590 30109.6
1620 30499.3
1650 30883.4
1680 31262.1
1710 31635.6
1740 32003.9
1770 32367.2
1800 32725.6
1830 33079.3
1860 33428.3
1860 33428.3
