0 0
30 656.115
60 1312.23
90 1968.35
120 2624.46
150 3280.55
180 3936.45
210 4591.64
240 5245.15
270 5895.35
300 6539.96
330 7176.34
360 7802.02
390 8415.07
420 9014.16
450 9598.6
480 10168
510 10722.1
540 11261.3
570 11785.8
600 12296.2
630 12792.9
660 13276.5
690 13747.5
720 14206.4
750 14653.8
780 15090
810 15515.7
840 15931.3
870 16337.1
900 16733.6
930 17121.3
960 17500.5
990 17871.6
1020 18234.9
1050 18590.6
1080 18939.2
1110 19280.8
1140 19615.8
1170 19944.4
1200 20266.8
1230 20583.3
1260 20894
1290 21199.3
1320 21499.2
1350 21793.9
1380 22083.7
1410 22368.7
1440 22649
1470 22924.8
1500 23196.1
1530 23463.3
1560 23726.3
1590 23985.3
1620 24240.5
1650 24491.9
1680 24739.6
1710 24983.8
1740 25224.5
1770 25461.9
1800 25696
1830 25926.9
1860 26154.8
1860 26154.8
