0 0
30 1143.88
60 2287.77
90 3431.65
120 4575.54
150 5719.43
180 6863.31
210 8007.19
240 9151.08
270 10295
300 11439.2
330 12584
360 13730.5
390 14879.8
420 16033.1
450 17191.8
480 18357.1
510 19529.9
540 20711.3
570 21901.9
600 23102.3
630 24312.9
660 25534.2
690 26766.2
720 28008.9
750 29262.4
780 30526.6
810 31801.4
840 33086.6
870 34382
900 35687.5
930 37002.7
960 38327.5
990 39661.5
1020 41004.5
1050 42356.2
1080 43716.4
1110 45084.7
1140 46461
1170 47845
1200 49236.5
1230 50635.3
1260 52041.1
1290 53453.7
1320 54872.9
1350 56298.4
1380 57730.2
1410 59168
1440 60611.7
1470 62061
1500 63515.8
1530 64976
1560 66441.3
1590 67911.7
1620 69387
1650 70867.1
1680 72351.8
1710 73841.1
1740 75334.8
1770 76832.9
1800 78335.1
1830 79841.4
1860 81351.6
1860 81351.6
