0 0
30 1143.88
60 2287.77
90 3431.65
120 4575.54
150 5719.43
180 6863.31
210 8007.19
240 9151.08
270 10295
300 11439
330 12583.2
360 13728.2
390 14874.5
420 16022.9
450 17174.2
480 18329.3
510 19488.8
540 20653.2
570 21822.9
600 22998.2
630 24179.2
660 25366.1
690 26559.2
720 27758.5
750 28964.2
780 30176.4
810 31395.3
840 32621
870 33853.7
900 35093.4
930 36340.2
960 37594.2
990 38855.5
1020 40123.9
1050 41399.5
1080 42682.1
1110 43971.8
1140 45268.5
1170 46572
1200 47882.3
1230 49199.2
1260 50522.7
1290 51852.5
1320 53188.7
1350 54530.9
1380 55879.2
1410 57233.4
1440 58593.4
1470 59959
1500 61330.2
1530 62706.7
1560 64088.5
1590 65475.4
1620 66867.3
1650 68264.2
1680 69666
1710 71072.4
1740 72483.6
1770 73899.2
1800 75319.3
1830 76743.7
1860 78172.4
1860 78172.4
