0 0
30 1143.88
60 2287.77
90 3431.65
120 4575.54
150 5719.43
180 6863.31
210 8007.19
240 9151.08
270 10295
300 11438.9
330 12582.7
360 13726.6
390 14870.6
420 16014.8
450 17159.5
480 18305.2
510 19452.2
540 20601.4
570 21753.3
600 22908.5
630 24067.6
660 25231.2
690 26399.8
720 27573.7
750 28753.2
780 29938.6
810 31130
840 32327.7
870 33531.7
900 34742.2
930 35959.2
960 37182.8
990 38413
1020 39650
1050 40893.8
1080 42144.4
1110 43402
1140 44666.7
1170 45938.3
1200 47216.9
1230 48502.6
1260 49795.2
1290 51094.8
1320 52401.3
1350 53714.6
1380 55034.7
1410 56361.4
1440 57694.5
1470 59034.2
1500 60380.2
1530 61732.4
1560 63090.8
1590 64455.1
1620 65825.2
1650 67201
1680 68582.5
1710 69969.6
1740 71362
1770 72759.7
1800 74162.6
1830 75570.5
1860 76983.4
1860 76983.4
