0 0
30 1143.88
60 2287.77
90 3431.65
120 4575.54
150 5719.43
180 6863.31
210 8007.19
240 9151.08
270 10295
300 11438.9
330 12582.8
360 13727
390 14871.7
420 16017.4
450 17165
480 18315.1
510 19468.8
540 20626.7
570 21789.7
600 22958.5
630 24133.7
660 25315.9
690 26505.4
720 27702.8
750 28908.2
780 30121.9
810 31344
840 32574.7
870 33814
900 35062.1
930 36318.8
960 37584.1
990 38857.9
1020 40140.3
1050 41430.9
1080 42729.8
1110 44036.7
1140 45351.4
1170 46673.9
1200 48004.1
1230 49341.6
1260 50686.3
1290 52038.2
1320 53396.9
1350 54762.4
1380 56134.3
1410 57512.8
1440 58897.4
1470 60288.3
1500 61685.1
1530 63087.7
1560 64496
1590 65909.8
1620 67329
1650 68753.4
1680 70183
1710 71617.7
1740 73057.2
1770 74501.5
1800 75950.4
1830 77403.9
1860 78861.8
1860 78861.8
