0 0
30 656.115
60 1312.23
90 1968.35
120 2624.46
150 3280.57
180 3936.69
210 4592.8
240 5248.9
270 5904.88
300 6560.31
330 7214.29
360 7865.34
390 8511.63
420 9151.24
450 9782.43
480 10403.8
510 11014.2
540 11613.1
570 12200.1
600 12774.9
630 13337.5
660 13888.2
690 14427.1
720 14954.5
750 15470.6
780 15975.9
810 16470.7
840 16955.4
870 17430.2
900 17895.6
930 18351.9
960 18799.5
990 19238.7
1020 19669.8
1050 20093
1080 20508.6
1110 20916.9
1140 21318.3
1170 21712.8
1200 22100.8
1230 22482.5
1260 22857.9
1290 23227.5
1320 23591.3
1350 23949.5
1380 24302.3
1410 24650
1440 24992.5
1470 25330.2
1500 25663
1530 25991.1
1560 26314.8
1590 26634
1620 26948.9
1650 27259.7
1680 27566.3
1710 27868.9
1740 28167.7
1770 28462.7
1800 28754.1
1830 29041.8
1860 29326
1860 29326
