0 0
30 1143.88
60 2287.77
90 3431.65
120 4575.54
150 5719.43
180 6863.31
210 8007.2
240 9151.18
270 10295.5
300 11440.8
330 12588
360 13738
390 14892
420 16051.1
450 17216.5
480 18389.2
510 19570.2
540 20760.3
570 21960.2
600 23170.4
630 24391.4
660 25623.4
690 26866.5
720 28120.8
750 29386.2
780 30662.5
810 31949.6
840 33247.1
870 34555.1
900 35873.1
930 37200.9
960 38538.2
990 39884.8
1020 41240.3
1050 42604.5
1080 43977.1
1110 45357.8
1140 46746.3
1170 48142.4
1200 49545.9
1230 50956.6
1260 52374.3
1290 53798.8
1320 55229.8
1350 56667.2
1380 58110.6
1410 59560
1440 61015.2
1470 62476
1500 63942.3
1530 65413.8
1560 66890.5
1590 68372.2
1620 69858.7
1650 71349.9
1680 72845.7
1710 74345.9
1740 75850.5
1770 77359.3
1800 78872.2
1830 80389
1860 81909.8
1860 81909.8
