0 0
30 656.115
60 1312.23
90 1968.35
120 2624.46
150 3280.57
180 3936.69
210 4592.8
240 5248.92
270 5905.03
300 6561.15
330 7217.25
360 7873.31
390 8529.19
420 9184.63
450 9839.13
480 10492
510 11142.2
540 11788.7
570 12430.4
600 13066.3
630 13695.3
660 14316.7
690 14929.8
720 15533.9
750 16128.7
780 16713.9
810 17289.3
840 17854.8
870 18410.3
900 18955.9
930 19491.8
960 20018.1
990 20534.9
1020 21042.6
1050 21541.1
1080 22030.7
1110 22511.6
1140 22984
1170 23448.3
1200 23904.5
1230 24352.9
1260 24793.7
1290 25227.2
1320 25653.5
1350 26072.7
1380 26485.2
1410 26891.1
1440 27290.6
1470 27683.9
1500 28071.2
1530 28452.6
1560 28828.3
1590 29198.4
1620 29563.2
1650 29922.7
1680 30277
1710 30626.4
1740 30971
1770 31310.8
1800 31646.1
1830 31976.8
1860 32303.2
1860 32303.2
