0 0
30 656.115
60 1312.23
90 1968.35
120 2624.46
150 3280.56
180 3936.43
210 4591.16
240 5242.94
270 5889.3
300 6527.72
330 7156.08
360 7772.54
390 8375.65
420 8964.48
450 9538.52
480 10097.6
510 10641.8
540 11171.4
570 11686.8
600 12188.5
630 12676.8
660 13152.4
690 13615.6
720 14066.9
750 14506.7
780 14935.5
810 15353.9
840 15762.3
870 16161.1
900 16550.8
930 16931.8
960 17304.3
990 17668.8
1020 18025.5
1050 18374.8
1080 18716.9
1110 19052.1
1140 19380.7
1170 19703
1200 20019.1
1230 20329.3
1260 20633.8
1290 20932.8
1320 21226.5
1350 21515
1380 21798.6
1410 22077.4
1440 22351.5
1470 22621.1
1500 22886.3
1530 23147.3
1560 23404.2
1590 23657.1
1620 23906.2
1650 24151.5
1680 24393.2
1710 24631.4
1740 24866.1
1770 25097.5
1800 25325.7
1830 25550.8
1860 25772.8
1860 25772.8
