0 0
30 656.115
60 1312.23
90 1968.35
120 2624.46
150 3280.57
180 3936.69
210 4592.8
240 5248.84
270 5904.61
300 6559.6
330 7212.89
360 7863.27
390 8509.38
420 9149.92
450 9783.82
480 10410.2
510 11028.6
540 11638.1
570 12238.6
600 12829.5
630 13410.7
660 13982
690 14543.2
720 15094.4
750 15635.3
780 16166.2
810 16687.1
840 17198
870 17699.1
900 18190.6
930 18672.7
960 19145.6
990 19609.4
1020 20064.5
1050 20510.9
1080 20949.1
1110 21379.2
1140 21801.5
1170 22216.2
1200 22623.4
1230 23023.5
1260 23416.6
1290 23802.8
1320 24182.5
1350 24555.8
1380 24922.8
1410 25283.9
1440 25639.1
1470 25988.6
1500 26332.7
1530 26671.4
1560 27004.9
1590 27333.3
1620 27656.9
1650 27975.7
1680 28289.9
1710 28599.5
1740 28904.8
1770 29205.8
1800 29502.6
1830 29795.4
1860 30084.3
1860 30084.3
