0 0
30 656.115
60 1312.23
90 1968.35
120 2624.46
150 3280.57
180 3936.69
210 4592.8
240 5248.92
270 5905.03
300 6561.14
330 7217.2
360 7873.08
390 8528.43
420 9182.66
450 9834.88
480 10484
510 11128.9
540 11768.4
570 12401.7
600 13027.9
630 13646.4
660 14256.7
690 14858.4
720 15451.4
750 16035.4
780 16610.3
810 17176
840 17732.4
870 18279.6
900 18817.5
930 19346.2
960 19865.7
990 20376.2
1020 20877.7
1050 21370.6
1080 21854.8
1110 22330.7
1140 22798.3
1170 23257.9
1200 23709.6
1230 24153.7
1260 24590.4
1290 25019.8
1320 25442.2
1350 25857.7
1380 26266.7
1410 26669.1
1440 27065.2
1470 27455.2
1500 27839.2
1530 28217.4
1560 28589.8
1590 28956.8
1620 29318.4
1650 29674.8
1680 30026.1
1710 30372.5
1740 30714
1770 31050.9
1800 31383.2
1830 31711.1
1860 32034.7
1860 32034.7
