0 0
30 656.115
60 1312.23
90 1968.35
120 2624.46
150 3280.55
180 3936.44
210 4591.36
240 5243.41
270 5889.59
300 6526.68
330 7151.73
360 7762.61
390 8358.03
420 8937.28
450 9500.09
480 10046.7
510 10577.3
540 11092.5
570 11592.7
600 12078.4
630 12550.4
660 13009.3
690 13455.5
720 13889.8
750 14312.5
780 14724.3
810 15125.8
840 15517.4
870 15899.5
900 16272.4
930 16636.6
960 16992.6
990 17340.6
1020 17681.1
1050 18014.2
1080 18340.5
1110 18660.1
1140 18973.3
1170 19280.3
1200 19581.5
1230 19876.9
1260 20166.8
1290 20451.5
1320 20731
1350 21005.6
1380 21275.4
1410 21540.5
1440 21801.3
1470 22057.7
1500 22310
1530 22558.3
1560 22802.7
1590 23043.3
1620 23280.2
1650 23513.5
1680 23743.4
1710 23970
1740 24193.4
1770 24413.5
1800 24630.5
1830 24844.5
1860 25055.6
1860 25055.6
