0 0
30 1143.88
60 2287.77
90 3431.65
120 4575.54
150 5719.45
180 6863.59
210 8008.45
240 9154.99
270 10304.7
300 11459.7
330 12622.4
360 13795
390 14979.5
420 16177.4
450 17389.5
480 18616.3
510 19858
540 21114.4
570 22385.2
600 23670
630 24968.2
660 26279.5
690 27603.4
720 28939.4
750 30286.9
780 31645.5
810 33014.6
840 34393.9
870 35782.9
900 37181.2
930 38588.4
960 40004
990 41427.8
1020 42859.4
1050 44298.6
1080 45745.1
1110 47198.5
1140 48658.6
1170 50125.2
1200 51598
1230 53076.8
1260 54561.3
1290 56051.3
1320 57546.8
1350 59047.3
1380 60552.9
1410 62063.3
1440 63578.5
1470 65098.2
1500 66622.4
1530 68150.9
1560 69683.6
1590 71220.3
1620 72761
1650 74305.5
1680 75853.7
1710 77405.5
1740 78960.7
1770 80519.4
1800 82081.3
1830 83646.5
1860 85214.7
1860 85214.7
