0 0
30 1143.88
60 2287.77
90 3431.65
120 4575.54
150 5719.44
180 6863.55
210 8008.57
240 9155.66
270 10306.2
300 11461.4
330 12622.5
360 13790.5
390 14966.2
420 16150.4
450 17343.8
480 18547
510 19760.3
540 20984.2
570 22218.8
600 23464.2
630 24720.3
660 25987
690 27264.2
720 28551.6
750 29849.1
780 31156.1
810 32472.6
840 33798.3
870 35132.8
900 36475.8
930 37827
960 39186.3
990 40553.3
1020 41927.7
1050 43309.3
1080 44697.8
1110 46092.9
1140 47494.5
1170 48902.4
1200 50316.2
1230 51735.8
1260 53161.2
1290 54592
1320 56028.3
1350 57469.7
1380 58916.2
1410 60367.7
1440 61823.9
1470 63284.7
1500 64750.1
1530 66219.9
1560 67694.1
1590 69172.4
1620 70654.8
1650 72141.2
1680 73631.6
1710 75125.8
1740 76623.8
1770 78125.4
1800 79630.7
1830 81139.4
1860 82651.5
1860 82651.5
