0 0
30 1143.88
60 2287.77
90 3431.65
120 4575.54
150 5719.43
180 6863.31
210 8007.19
240 9151.08
270 10295
300 11438.9
330 12583
360 13727.6
390 14873.5
420 16021.6
450 17172.9
480 18328.5
510 19489.3
540 20656.1
570 21829.4
600 23009.5
630 24196.8
660 25391.4
690 26593.4
720 27802.7
750 29019.5
780 30243.8
810 31475.5
840 32714.5
870 33961
900 35214.8
930 36475.9
960 37744.4
990 39020.1
1020 40303.1
1050 41593.2
1080 42890.4
1110 44194.6
1140 45505.7
1170 46823.6
1200 48148.3
1230 49479.5
1260 50817.2
1290 52161.4
1320 53511.8
1350 54868.5
1380 56231.3
1410 57600
1440 58974.6
1470 60355.1
1500 61741.2
1530 63132.8
1560 64530
1590 65932.4
1620 67340.2
1650 68753.1
1680 70170.9
1710 71593.8
1740 73021.5
1770 74453.9
1800 75891
1830 77332.5
1860 78778.5
1860 78778.5
