0 0
30 656.115
60 1312.23
90 1968.35
120 2624.46
150 3280.43
180 3935.62
210 4588.93
240 5239.03
270 5884.54
300 6524.28
330 7157.17
360 7782.13
390 8398.06
420 9003.94
450 9599.02
480 10182.8
510 10754.9
540 11315.3
570 11864.1
600 12401.2
630 12927.1
660 13442
690 13946.3
720 14440.3
750 14924.4
780 15399
810 15864.4
840 16321.1
870 16769.2
900 17209.2
930 17641.3
960 18065.7
990 18482.8
1020 18892.9
1050 19296
1080 19692.6
1110 20082.7
1140 20466.6
1170 20844.3
1200 21216.1
1230 21582.2
1260 21942.7
1290 22297.7
1320 22647.5
1350 22992.1
1380 23331.7
1410 23666.5
1440 23996.5
1470 24322
1500 24642.9
1530 24959.4
1560 25271.7
1590 25579.7
1620 25883.7
1650 26183.8
1680 26480
1710 26772.4
1740 27061.2
1770 27346.3
1800 27627.9
1830 27906
1860 28180.7
1860 28180.7
