0 0
30 656.115
60 1312.23
90 1968.35
120 2624.46
150 3280.57
180 3936.69
210 4592.79
240 5248.78
270 5904.21
300 6558.07
330 7208.8
360 7854.55
390 8493.46
420 9123.83
450 9744.26
480 10353.7
510 10951.4
540 11536.9
570 12110
600 12670.7
630 13219.1
660 13755.3
690 14279.7
720 14792.6
750 15294.4
780 15785.5
810 16266.2
840 16737
870 17198.1
900 17649.9
930 18092.9
960 18527.4
990 18953.8
1020 19372.1
1050 19782.9
1080 20186.3
1110 20582.6
1140 20972.1
1170 21355
1200 21731.5
1230 22101.9
1260 22466.3
1290 22824.9
1320 23178
1350 23525.7
1380 23868.2
1410 24205.6
1440 24538
1470 24865.8
1500 25188.9
1530 25507.4
1560 25821.6
1590 26131.5
1620 26437.3
1650 26739
1680 27036.8
1710 27330.7
1740 27620.9
1770 27907.4
1800 28190.4
1830 28469.9
1860 28745.9
1860 28745.9
