0 0
30 1143.88
60 2287.77
90 3431.65
120 4575.54
150 5719.43
180 6863.49
210 8008.48
240 9156.13
270 10308.8
300 11468.6
330 12637.4
360 13816.2
390 15005.6
420 16205.8
450 17417.1
480 18639.2
510 19872.1
540 21115.4
570 22369
600 23632.8
630 24906.6
660 26190.2
690 27483.5
720 28786.2
750 30098.4
780 31420
810 32750.8
840 34090.5
870 35439
900 36796
930 38161.4
960 39534.8
990 40916.1
1020 42305
1050 43701.4
1080 45104.9
1110 46515.5
1140 47932.9
1170 49356.9
1200 50787.3
1230 52223.9
1260 53666.5
1290 55115
1320 56569
1350 58028.6
1380 59493.4
1410 60963.3
1440 62438.2
1470 63918
1500 65402.5
1530 66891.6
1560 68385.1
1590 69882.9
1620 71385
1650 72891.1
1680 74401.3
1710 75915.4
1740 77433.3
1770 78954.8
1800 80479.9
1830 82008.6
1860 83540.7
1860 83540.7
