0 0
30 1143.88
60 2287.77
90 3431.65
120 4575.54
150 5719.43
180 6863.31
210 8007.19
240 9151.08
270 10295
300 11438.9
330 12582.7
360 13726.6
390 14870.6
420 16014.8
450 17159.5
480 18305.2
510 19452.6
540 20602.5
570 21755.8
600 22913.1
630 24075.3
660 25243
690 26416.8
720 27597.2
750 28784.9
780 29980.2
810 31183.6
840 32395.3
870 33615.6
900 34844.7
930 36082.9
960 37330.1
990 38586.4
1020 39851.7
1050 41125.9
1080 42409.1
1110 43701
1140 45001.4
1170 46310.3
1200 47627.4
1230 48952.6
1260 50285.6
1290 51626.2
1320 52974.3
1350 54329.8
1380 55692.3
1410 57061.9
1440 58438.1
1470 59821
1500 61210.1
1530 62605.6
1560 64007.1
1590 65414.6
1620 66827.8
1650 68246.6
1680 69670.9
1710 71100.5
1740 72535.4
1770 73975.4
1800 75420.3
1830 76869.9
1860 78324.3
1860 78324.3
