0 0
30 1143.88
60 2287.77
90 3431.65
120 4575.54
150 5719.43
180 6863.31
210 8007.19
240 9151.08
270 10295
300 11438.9
330 12582.8
360 13726.9
390 14871.3
420 16016.4
450 17162.8
480 18311.1
510 19462
540 20616.4
570 21775.1
600 22938.9
630 24108.4
660 25284.4
690 26467.6
720 27658.5
750 28857.7
780 30065.6
810 31282.5
840 32508.6
870 33744.3
900 34989.5
930 36244.4
960 37508.9
990 38782.8
1020 40066.1
1050 41358.5
1080 42660
1110 43970.3
1140 45289.4
1170 46616.9
1200 47952.7
1230 49296.6
1260 50648.2
1290 52007.4
1320 53374
1350 54747.9
1380 56128.7
1410 57516.2
1440 58910.4
1470 60311
1500 61717.8
1530 63130.6
1560 64549.4
1590 65973.9
1620 67404
1650 68839.5
1680 70280.3
1710 71726.3
1740 73177.3
1770 74633.2
1800 76093.8
1830 77559.1
1860 79028.9
1860 79028.9
