0 0
30 656.115
60 1312.23
90 1968.35
120 2624.46
150 3280.57
180 3936.69
210 4592.77
240 5248.6
270 5903.34
300 6555.46
330 7203.01
360 7844.13
390 8477.32
420 9101.42
450 9715.55
480 10319
510 10911.3
540 11492.1
570 12061.1
600 12618.4
630 13163.9
660 13697.8
690 14220.4
720 14731.7
750 15232.1
780 15722
810 16201.6
840 16671.3
870 17131.3
900 17582
930 18023.8
960 18456.9
990 18881.7
1020 19298.5
1050 19707.7
1080 20109.4
1110 20503.8
1140 20891.3
1170 21272
1200 21646.2
1230 22014.1
1260 22375.9
1290 22731.9
1320 23082.2
1350 23427
1380 23766.5
1410 24100.8
1440 24430.1
1470 24754.6
1500 25074.3
1530 25389.4
1560 25700.2
1590 26006.6
1620 26308.8
1650 26606.9
1680 26901
1710 27191.2
1740 27477.8
1770 27760.6
1800 28039.9
1830 28315.7
1860 28588.1
1860 28588.1
