0 0
30 656.115
60 1312.23
90 1968.35
120 2624.46
150 3280.57
180 3936.69
210 4592.8
240 5248.92
270 5905.03
300 6561.11
330 7217.04
360 7872.55
390 8527.13
420 9180.03
450 9830.3
480 10476.9
510 11118.8
540 11754.9
570 12384.5
600 13006.8
630 13621.4
660 14227.6
690 14825.4
720 15414.4
750 15994.5
780 16565.6
810 17127.6
840 17680.5
870 18224.2
900 18758.7
930 19284.2
960 19800.7
990 20308.3
1020 20807.1
1050 21297.3
1080 21779.1
1110 22252.7
1140 22718.2
1170 23175.7
1200 23625.6
1230 24067.9
1260 24502.8
1290 24930.6
1320 25351.4
1350 25765.4
1380 26172.8
1410 26573.9
1440 26968.7
1470 27357.4
1500 27740.3
1530 28117.5
1560 28489.1
1590 28855.2
1620 29216
1650 29571.7
1680 29922.3
1710 30268.1
1740 30609.1
1770 30945.4
1800 31277.3
1830 31604.8
1860 31928
1860 31928
