0 0
30 1143.88
60 2287.77
90 3431.65
120 4575.54
150 5719.43
180 6863.31
210 8007.19
240 9151.08
270 10295
300 11438.9
330 12582.7
360 13726.6
390 14870.6
420 16014.6
450 17158.9
480 18303.6
510 19449.3
540 20596.3
570 21745.3
600 22896.9
630 24052
660 25211.3
690 26375.5
720 27545.4
750 28721.5
780 29904.6
810 31095.1
840 32293.3
870 33499.7
900 34714.4
930 35937.6
960 37169.6
990 38410.3
1020 39659.8
1050 40918
1080 42184.8
1110 43460
1140 44743.7
1170 46035.7
1200 47335.7
1230 48643.8
1260 49959.6
1290 51283
1320 52613.9
1350 53952
1380 55297.2
1410 56649.3
1440 58008.1
1470 59373.5
1500 60745.2
1530 62123.1
1560 63507
1590 64896.8
1620 66292.5
1650 67693.7
1680 69100.4
1710 70512.5
1740 71929.8
1770 73352.2
1800 74779.5
1830 76211.7
1860 77648.6
1860 77648.6
