0 0
30 656.115
60 1312.23
90 1968.35
120 2624.46
150 3280.57
180 3936.69
210 4592.8
240 5248.92
270 5905.03
300 6561.15
330 7217.26
360 7873.36
390 8529.4
420 9185.26
450 9840.71
480 10495.4
510 11148.7
540 11800
570 12448.5
600 13093.4
630 13733.8
660 14368.9
690 14997.8
720 15619.9
750 16234.5
780 16841.1
810 17439
840 18028.1
870 18608
900 19178.6
930 19739.9
960 20291.8
990 20834.3
1020 21367.5
1050 21891.6
1080 22406.6
1110 22912.8
1140 23410.3
1170 23899.4
1200 24380.2
1230 24852.9
1260 25317.8
1290 25775
1320 26224.8
1350 26667.3
1380 27102.7
1410 27531.3
1440 27953.1
1470 28368.5
1500 28777.5
1530 29180.3
1560 29577.1
1590 29968.1
1620 30353.4
1650 30733.2
1680 31107.6
1710 31476.8
1740 31840.9
1770 32199.9
1800 32554.1
1830 32903.6
1860 33248.4
1860 33248.4
