0 0
30 762.591
60 1525.18
90 2287.77
120 3050.36
150 3812.95
180 4575.55
210 5338.14
240 6100.73
270 6863.32
300 7625.91
330 8388.5
360 9151.09
390 9913.69
420 10676.3
450 11439.2
480 12202.4
510 12966.6
540 13732.4
570 14500.5
600 15271.9
630 16047.2
660 16827.1
690 17612.3
720 18403
750 19199.8
780 20002.7
810 20812
840 21627.6
870 22449.6
900 23278
930 24112.7
960 24953.5
990 25800.5
1020 26653.4
1050 27512.2
1080 28376.8
1110 29247.2
1140 30123
1170 31004.1
1200 31890.5
1230 32782
1260 33678.5
1290 34579.8
1320 35485.8
1350 36396.4
1380 37311.3
1410 38230.6
1440 39154.1
1470 40081.9
1500 41013.7
1530 41949.3
1560 42888.8
1590 43832
1620 44778.8
1650 45729.1
1680 46682.9
1710 47640
1740 48600.4
1770 49564.1
1800 50530.8
1830 51500.6
1860 52473.4
1860 52473.4
