0 0
30 437.409
60 874.818
90 1312.23
120 1749.64
150 2187.05
180 2624.45
210 3061.86
240 3499.27
270 3936.67
300 4374.03
330 4811.21
360 5247.88
390 5683.5
420 6117.34
450 6548.58
480 6976.46
510 7400.27
540 7819.43
570 8233.54
600 8642.3
630 9045.49
660 9443.03
690 9834.85
720 10220.9
750 10601.2
780 10975.8
810 11344.7
840 11708.1
870 12065.9
900 12418.4
930 12765.5
960 13107.5
990 13444.5
1020 13776.5
1050 14103.7
1080 14426
1110 14743.7
1140 15056.9
1170 15365.6
1200 15669.9
1230 15970
1260 16265.9
1290 16557.7
1320 16845.5
1350 17129.5
1380 17409.6
1410 17686
1440 17958.8
1470 18228
1500 18493.8
1530 18756.1
1560 19015.2
1590 19271.1
1620 19523.9
1650 19773.6
1680 20020.4
1710 20264.2
1740 20505.2
1770 20743.4
1800 20978.9
1830 21211.7
1860 21442
1860 21442
