0 0
30 437.409
60 874.818
90 1312.22
120 1749.45
150 2186.14
180 2621.86
210 3056.27
240 3489.13
270 3920.3
300 4349.72
330 4777.31
360 5202.82
390 5625.67
420 6044.98
450 6459.59
480 6868.34
510 7270.22
540 7664.41
570 8050.3
600 8427.47
630 8795.81
660 9155.34
690 9506.12
720 9848.35
750 10182.3
780 10508
810 10825.9
840 11136.3
870 11439.3
900 11735.3
930 12024.5
960 12307.2
990 12583.6
1020 12854
1050 13118.6
1080 13377.7
1110 13631.3
1140 13879.8
1170 14123.3
1200 14362.1
1230 14596.2
1260 14825.8
1290 15051.1
1320 15272.1
1350 15489.1
1380 15702.2
1410 15911.6
1440 16117.3
1470 16319.5
1500 16518.2
1530 16713.6
1560 16905.8
1590 17094.9
1620 17281
1650 17464.1
1680 17644.4
1710 17821.9
1740 17996.8
1770 18169.1
1800 18338.8
1830 18506.1
1860 18671
1860 18671
