0 0
30 762.591
60 1525.18
90 2287.78
120 3050.96
150 3818.06
180 4594.6
210 5385.02
240 6191.43
270 7014.66
300 7854.53
330 8710.25
360 9580.8
390 10465.1
420 11362.2
450 12271
480 13190.6
510 14120.2
540 15059
570 16006.3
600 16961.6
630 17924.2
660 18893.7
690 19869.4
720 20851.1
750 21838.3
780 22830.7
810 23827.9
840 24829.6
870 25835.7
900 26845.8
930 27859.8
960 28877.4
990 29898.6
1020 30923.2
1050 31951.1
1080 32982
1110 34016
1140 35052.9
1170 36092.6
1200 37135
1230 38180
1260 39227.6
1290 40277.6
1320 41330
1350 42384.8
1380 43441.9
1410 44501.1
1440 45562.6
1470 46626.1
1500 47691.7
1530 48759.3
1560 49828.8
1590 50900.3
1620 51973.6
1650 53048.7
1680 54125.5
1710 55204.1
1740 56284.4
1770 57366.3
1800 58449.9
1830 59535
1860 60621.6
1860 60621.6
