0 0
30 762.591
60 1525.18
90 2287.77
120 3050.36
150 3812.95
180 4575.55
210 5338.17
240 6101.13
270 6865.61
300 7633.96
330 8409.16
360 9193.89
390 9990.06
420 10798.9
450 11620.9
480 12456.2
510 13304.6
540 14165.5
570 15038.4
600 15922.9
630 16818.3
660 17724
690 18639.7
720 19564.7
750 20498.6
780 21441
810 22391.4
840 23349.2
870 24314.2
900 25286
930 26264.2
960 27248.5
990 28238.5
1020 29234.1
1050 30234.9
1080 31240.7
1110 32251.2
1140 33266.1
1170 34285.3
1200 35308.7
1230 36336.1
1260 37367.2
1290 38402
1320 39440.2
1350 40481.9
1380 41526.7
1410 42574.6
1440 43625.5
1470 44679.2
1500 45735.8
1530 46795
1560 47856.8
1590 48921
1620 49987.7
1650 51056.7
1680 52128
1710 53201.4
1740 54276.9
1770 55354.5
1800 56434
1830 57515.5
1860 58598.8
1860 58598.8
