0 0
30 762.591
60 1525.18
90 2287.81
120 3051.08
150 3815.72
180 4582.18
210 5350.65
240 6121.15
270 6893.62
300 7667.97
330 8444.12
360 9222.06
390 10001.9
420 10784.2
450 11569.6
480 12359.1
510 13153.8
540 13954.7
570 14762.5
600 15577.8
630 16400.9
660 17232
690 18071.1
720 18918.3
750 19773.5
780 20636.5
810 21507.2
840 22385.3
870 23270.8
900 24163.2
930 25062.4
960 25968.1
990 26880.1
1020 27798.2
1050 28722.1
1080 29651.7
1110 30586.8
1140 31527.1
1170 32472.6
1200 33423
1230 34378.1
1260 35337.8
1290 36301.9
1320 37270.1
1350 38242.3
1380 39218.5
1410 40198.7
1440 41182.5
1470 42170
1500 43160.9
1530 44155.1
1560 45152.6
1590 46153.2
1620 47157
1650 48163.7
1680 49173.3
1710 50185.7
1740 51200.9
1770 52218.7
1800 53239
1830 54261.9
1860 55287.2
1860 55287.2
