0 0
30 762.591
60 1525.18
90 2287.77
120 3050.36
150 3812.96
180 4575.71
210 5339.06
240 6103.68
270 6870.31
300 7639.57
330 8411.9
360 9187.63
390 9967.12
420 10750.8
450 11539.5
480 12333.7
510 13134
540 13941.2
570 14755.6
600 15577.4
630 16406.8
660 17243.9
690 18088.4
720 18940.2
750 19799.3
780 20665.6
810 21538.7
840 22418.7
870 23305.1
900 24197.9
930 25096.8
960 26001.5
990 26912
1020 27827.9
1050 28749.2
1080 29675.6
1110 30607
1140 31543.2
1170 32484.1
1200 33429.4
1230 34379.1
1260 35332.9
1290 36290.9
1320 37252.8
1350 38218.6
1380 39188
1410 40161.1
1440 41137.6
1470 42117.5
1500 43100.7
1530 44087.1
1560 45076.6
1590 46069.1
1620 47064.6
1650 48062.9
1680 49064
1710 50067.8
1740 51074.2
1770 52083.2
1800 53094.6
1830 54108.4
1860 55124.6
1860 55124.6
