0 0
30 437.409
60 874.818
90 1312.23
120 1749.64
150 2187.05
180 2624.39
210 3061.09
240 3495.15
270 3923.08
300 4341.13
330 4746.29
360 5136.77
390 5511.71
420 5871.19
450 6215.29
480 6544.69
510 6860.14
540 7162.39
570 7452.4
600 7730.67
630 7997.82
660 8254.56
690 8501.62
720 8739.77
750 8969.58
780 9191.67
810 9406.55
840 9614.59
870 9816.22
900 10011.8
930 10201.9
960 10386.6
990 10566.2
1020 10741.1
1050 10911.5
1080 11077.6
1110 11239.6
1140 11397.7
1170 11552.1
1200 11702.8
1230 11850.1
1260 11994.1
1290 12135
1320 12272.9
1350 12407.8
1380 12540.1
1410 12669.7
1440 12796.7
1470 12921.3
1500 13043.4
1530 13163.3
1560 13280.9
1590 13396.4
1620 13509.9
1650 13621.3
1680 13730.8
1710 13838.4
1740 13944.2
1770 14048.2
1800 14150.6
1830 14251.3
1860 14350.3
1860 14350.3
