0 0
30 762.591
60 1525.18
90 2287.77
120 3050.38
150 3813.7
180 4581.71
210 5361.36
240 6157.52
270 6972.51
300 7806.41
330 8659.07
360 9529.52
390 10416.2
420 11317.7
450 12232.7
480 13160.1
510 14099.1
540 15048.3
570 16006.3
600 16972.5
630 17946.4
660 18927.4
690 19915.2
720 20909.3
750 21909.2
780 22914.6
810 23925.2
840 24940.6
870 25960.7
900 26985.2
930 28013.8
960 29046.3
990 30082.6
1020 31122.4
1050 32165.8
1080 33212.5
1110 34262.5
1140 35315.4
1170 36370.8
1200 37428.9
1230 38489.4
1260 39552.4
1290 40617.7
1320 41685.4
1350 42755.4
1380 43827.5
1410 44901.8
1440 45978.1
1470 47056.4
1500 48136.6
1530 49218.7
1560 50302.6
1590 51388.3
1620 52475.7
1650 53564.8
1680 54655.6
1710 55748.1
1740 56842
1770 57937.5
1800 59034.5
1830 60133
1860 61232.8
1860 61232.8
