0 0
30 437.409
60 874.818
90 1312.23
120 1749.43
150 2184.79
180 2614.71
210 3034.91
240 3441.7
270 3832.62
300 4206.8
330 4564.21
360 4905.5
390 5231.38
420 5543.05
450 5841.81
480 6128.62
510 6404.5
540 6670.4
570 6927.11
600 7175.34
630 7415.7
660 7648.8
690 7875.11
720 8095.05
750 8309.02
780 8517.35
810 8720.36
840 8918.33
870 9111.49
900 9300.1
930 9484.36
960 9664.46
990 9840.57
1020 10012.8
1050 10181.4
1080 10346.4
1110 10508
1140 10666.3
1170 10821.5
1200 10973.6
1230 11122.7
1260 11268.9
1290 11412.4
1320 11553.2
1350 11691.5
1380 11827.2
1410 11960.5
1440 12091.5
1470 12220.2
1500 12346.7
1530 12471
1560 12593.3
1590 12713.7
1620 12832.1
1650 12948.5
1680 13063.2
1710 13176
1740 13287.1
1770 13396.4
1800 13504.2
1830 13610.3
1860 13714.8
1860 13714.8
