0 0
30 437.409
60 874.818
90 1312.2
120 1749.19
150 2185.29
180 2620.09
210 3053.34
240 3484.72
270 3913.69
300 4339.29
330 4760.24
360 5175.32
390 5583.42
420 5983.62
450 6375.47
480 6758.26
510 7131.8
540 7496.2
570 7851.56
600 8198.09
630 8536.1
660 8865.87
690 9187.61
720 9501.7
750 9808.44
780 10108.1
810 10401
840 10687.4
870 10967.6
900 11241.9
930 11510.5
960 11773.6
990 12031.4
1020 12284
1050 12531.8
1080 12774.9
1110 13013.4
1140 13247.7
1170 13477.6
1200 13703.5
1230 13925.4
1260 14143.5
1290 14357.9
1320 14568.7
1350 14776.1
1380 14980.1
1410 15180.7
1440 15378.2
1470 15572.6
1500 15764.1
1530 15952.6
1560 16138.2
1590 16321.1
1620 16501.4
1650 16679
1680 16854.1
1710 17026.7
1740 17196.9
1770 17364.7
1800 17530.2
1830 17693.4
1860 17854.6
1860 17854.6
