0 0
30 762.591
60 1525.18
90 2287.77
120 3050.36
150 3812.95
180 4575.61
210 5338.97
240 6105.16
270 6877.79
300 7660.72
330 8456.96
360 9268.32
390 10095.6
420 10939
450 11798
480 12672.3
510 13561.1
540 14463.7
570 15379.9
600 16307
630 17243.7
660 18189.8
690 19145.1
720 20108.9
750 21080.9
780 22060.5
810 23047.3
840 24040.9
870 25041.1
900 26047.3
930 27059.3
960 28076.7
990 29099.3
1020 30126.7
1050 31158.8
1080 32195.4
1110 33236.1
1140 34280.8
1170 35329.3
1200 36381.6
1230 37437.3
1260 38496.5
1290 39558.8
1320 40624.3
1350 41692.8
1380 42764.1
1410 43838.2
1440 44914.8
1470 45994.1
1500 47075.9
1530 48160
1560 49246.5
1590 50335.3
1620 51426.3
1650 52519.4
1680 53614.7
1710 54712.3
1740 55812.2
1770 56913.4
1800 58015.7
1830 59119.2
1860 60224.1
1860 60224.1
