0 0
30 762.591
60 1525.18
90 2288.7
120 3059.62
150 3846.41
180 4653.53
210 5482.35
240 6332.33
270 7200.39
300 8084.78
330 8984.16
360 9897.05
390 10822.2
420 11758.7
450 12705.7
480 13662.4
510 14628.2
540 15602.6
570 16585.1
600 17575.1
630 18572.2
660 19576
690 20586.1
720 21602.3
750 22624.1
780 23651.3
810 24683.7
840 25720.9
870 26762.7
900 27809
930 28859.4
960 29913.8
990 30972.1
1020 32034
1050 33099.4
1080 34168.2
1110 35240.2
1140 36315.2
1170 37393.2
1200 38474
1230 39557.6
1260 40643.7
1290 41732.4
1320 42823.5
1350 43916.9
1380 45012.6
1410 46110.4
1440 47210.3
1470 48312.3
1500 49416.2
1530 50522
1560 51629.6
1590 52739
1620 53850.1
1650 54962.9
1680 56077.2
1710 57193.1
1740 58310.5
1770 59429.4
1800 60549.6
1830 61671.3
1860 62794.2
1860 62794.2
