0 0
30 762.591
60 1525.18
90 2287.77
120 3050.36
150 3812.95
180 4575.55
210 5338.14
240 6100.73
270 6863.32
300 7625.91
330 8388.5
360 9151.1
390 9913.73
420 10676.5
450 11439.7
480 12203.7
510 12969.5
540 13738
570 14510
600 15286.6
630 16068.4
660 16855.9
690 17649.7
720 18450
750 19257.1
780 20071
810 20892
840 21719.8
870 22554.5
900 23395.9
930 24243.9
960 25098.4
990 25959.3
1020 26826.4
1050 27699.5
1080 28578.5
1110 29463.2
1140 30353.5
1170 31249.3
1200 32150.4
1230 33056.6
1260 33967.8
1290 34883.9
1320 35804.6
1350 36729.9
1380 37659.7
1410 38593.7
1440 39531.9
1470 40474.3
1500 41420.6
1530 42370.8
1560 43324.8
1590 44282.4
1620 45243.5
1650 46208
1680 47175.9
1710 48147.1
1740 49121.5
1770 50098.9
1800 51079.4
1830 52062.9
1860 53049.3
1860 53049.3
