0 0
30 762.591
60 1525.18
90 2287.77
120 3050.36
150 3812.95
180 4575.55
210 5338.14
240 6100.73
270 6863.32
300 7625.91
330 8388.5
360 9151.09
390 9913.69
420 10676.3
450 11439.2
480 12202.4
510 12966.6
540 13732.4
570 14500.5
600 15271.8
630 16047
660 16826.9
690 17612
720 18402.7
750 19199.4
780 20002.2
810 20811.3
840 21626.8
870 22448.7
900 23276.8
930 24111.3
960 24951.9
990 25798.6
1020 26651.2
1050 27509.7
1080 28374
1110 29244
1140 30119.5
1170 31000.3
1200 31886.3
1230 32777.3
1260 33673.3
1290 34574.2
1320 35479.7
1350 36389.9
1380 37304.3
1410 38223.1
1440 39146.2
1470 40073.5
1500 41004.8
1530 41940
1560 42879
1590 43821.6
1620 44767.9
1650 45717.8
1680 46671
1710 47627.7
1740 48587.6
1770 49550.7
1800 50516.9
1830 51486.2
1860 52458.5
1860 52458.5
