0 0
30 437.409
60 874.818
90 1312.23
120 1749.64
150 2187.05
180 2624.45
210 3061.86
240 3499.26
270 3936.64
300 4373.95
330 4811.18
360 5248.26
390 5685.14
420 6121.73
450 6557.95
480 6993.6
510 7428.41
540 7861.97
570 8293.75
600 8723.11
630 9149.41
660 9572.03
690 9990.41
720 10404.1
750 10812.6
780 11215.8
810 11613.3
840 12005.1
870 12391
900 12771
930 13145.1
960 13513.3
990 13875.6
1020 14232.2
1050 14583
1080 14928.2
1110 15268
1140 15602.3
1170 15931.4
1200 16255.4
1230 16574.3
1260 16888.3
1290 17197.5
1320 17502.1
1350 17802.2
1380 18098
1410 18389.2
1440 18676.2
1470 18959
1500 19237.8
1530 19512.6
1560 19783.6
1590 20050.8
1620 20314.4
1650 20574.4
1680 20830.9
1710 21084.1
1740 21333.9
1770 21580.5
1800 21824
1830 22064.4
1860 22301.8
1860 22301.8
