0 0
30 437.409
60 874.818
90 1312.23
120 1749.64
150 2187.05
180 2624.45
210 3061.86
240 3499.27
270 3936.68
300 4374.09
330 4811.5
360 5248.91
390 5686.32
420 6123.72
450 6561.11
480 6998.45
510 7435.67
540 7872.62
570 8309.09
600 8744.78
630 9179.3
660 9612.23
690 10043.1
720 10471.5
750 10896.9
780 11319
810 11737.4
840 12151.8
870 12562.1
900 12967.9
930 13369.3
960 13766.1
990 14158.1
1020 14545.3
1050 14927.7
1080 15305.2
1110 15678
1140 16046
1170 16409.3
1200 16767.9
1230 17121.8
1260 17471.3
1290 17816.3
1320 18156.9
1350 18493.3
1380 18825.5
1410 19153.6
1440 19477.7
1470 19797.8
1500 20114
1530 20426.4
1560 20735.1
1590 21040.1
1620 21341.6
1650 21639.7
1680 21934.3
1710 22225.7
1740 22513.7
1770 22798.6
1800 23080.4
1830 23359.1
1860 23634.9
1860 23634.9
