0 0
30 762.591
60 1525.27
90 2289.59
120 3057.3
150 3829.29
180 4605.72
210 5386.45
240 6171.11
270 6959.4
300 7751
330 8545.66
360 9343.24
390 10143.9
420 10948
450 11756.4
480 12570
510 13389.9
540 14216.6
570 15050.8
600 15892.8
630 16742.6
660 17600.5
690 18466.3
720 19339.9
750 20221.1
780 21109.8
810 22005.8
840 22908.8
870 23818.4
900 24734.6
930 25657.1
960 26585.6
990 27519.9
1020 28459.8
1050 29405.2
1080 30355.8
1110 31311.4
1140 32271.9
1170 33237
1200 34206.5
1230 35180.5
1260 36158.6
1290 37140.8
1320 38127
1350 39116.9
1380 40110.5
1410 41107.7
1440 42108.3
1470 43112.3
1500 44119.5
1530 45129.8
1560 46143.1
1590 47159.4
1620 48178.5
1650 49200.3
1680 50224.9
1710 51252
1740 52281.7
1770 53313.8
1800 54348.4
1830 55385.2
1860 56424.4
1860 56424.4
