0 0
30 437.409
60 874.818
90 1312.23
120 1749.63
150 2186.9
180 2622.92
210 3054.59
240 3477.45
270 3887.4
300 4281.6
330 4658.63
360 5018.19
390 5360.22
420 5685.02
450 5992.55
480 6287
510 6569.26
540 6839.93
570 7099.14
600 7347.67
630 7586.3
660 7815.72
690 8036.59
720 8249.46
750 8454.84
780 8653.16
810 8844.85
840 9030.28
870 9209.82
900 9383.82
930 9552.6
960 9716.43
990 9875.63
1020 10030.4
1050 10180.9
1080 10327.5
1110 10470.2
1140 10609.2
1170 10744.8
1200 10877.1
1230 11006.2
1260 11132.2
1290 11255.4
1320 11375.7
1350 11493.3
1380 11608.2
1410 11720.7
1440 11830.7
1470 11938.4
1500 12043.7
1530 12146.9
1560 12247.8
1590 12346.5
1620 12443
1650 12536.8
1680 12629.5
1710 12721.3
1740 12811.8
1770 12901
1800 12989
1830 13075.7
1860 13161.1
1860 13161.1
