0 0
30 437.409
60 874.818
90 1312.23
120 1749.64
150 2187.05
180 2624.45
210 3061.86
240 3499.26
270 3936.53
300 4373.2
330 4808.17
360 5239.73
390 5665.96
420 6085.14
450 6495.98
480 6897.56
510 7289.34
540 7671.16
570 8042.98
600 8404.87
630 8757.04
660 9099.79
690 9433.32
720 9757.87
750 10073.8
780 10381.4
810 10681.1
840 10973.3
870 11258.2
900 11536.2
930 11807.6
960 12072.8
990 12331.8
1020 12585
1050 12832.6
1080 13074.9
1110 13312.1
1140 13544.5
1170 13772.2
1200 13995.4
1230 14214.3
1260 14428.9
1290 14639.4
1320 14846
1350 15048.8
1380 15247.9
1410 15443.4
1440 15635.5
1470 15824.3
1500 16009.9
1530 16192.3
1560 16371.8
1590 16548.4
1620 16722.1
1650 16893.2
1680 17061.5
1710 17227.4
1740 17390.7
1770 17551.6
1800 17710.1
1830 17866.4
1860 18020.5
1860 18020.5
