0 0
30 762.591
60 1525.18
90 2287.78
120 3050.55
150 3813.86
180 4578.14
210 5343.73
240 6110.87
270 6879.7
300 7650.28
330 8422.69
360 9197.18
390 9974.33
420 10755
450 11540.4
480 12331.7
510 13129.8
540 13935.6
570 14749.7
600 15572.5
630 16404.2
660 17244.7
690 18093.9
720 18951.7
750 19817.7
780 20692
810 21574.1
840 22463.7
870 23360.7
900 24264.7
930 25175.5
960 26092.8
990 27016.4
1020 27946
1050 28881.4
1080 29822.3
1110 30768.7
1140 31720.2
1170 32676.7
1200 33637.9
1230 34603.8
1260 35574.2
1290 36548.9
1320 37527.9
1350 38510.9
1380 39497.8
1410 40488.4
1440 41482.7
1470 42480.5
1500 43481.8
1530 44486.4
1560 45494.2
1590 46505.1
1620 47519
1650 48535.9
1680 49555.6
1710 50578.1
1740 51603.2
1770 52630.9
1800 53661.2
1830 54693.9
1860 55729
1860 55729
