0 0
30 762.591
60 1525.18
90 2287.77
120 3050.36
150 3812.95
180 4575.55
210 5338.14
240 6100.73
270 6863.32
300 7625.91
330 8388.5
360 9151.09
390 9913.68
420 10676.3
450 11438.9
480 12201.7
510 12964.9
540 13728.9
570 14494.2
600 15261.5
630 16031.6
660 16805.2
690 17582.8
720 18365
750 19152.1
780 19944.6
810 20742.6
840 21546.3
870 22355.8
900 23171.1
930 23992.3
960 24819.2
990 25651.9
1020 26490.4
1050 27334.5
1080 28184.2
1110 29039.3
1140 29899.7
1170 30765.3
1200 31636.1
1230 32512
1260 33392.7
1290 34278.3
1320 35168.5
1350 36063.2
1380 36962.3
1410 37865.6
1440 38773.2
1470 39685
1500 40600.8
1530 41520.6
1560 42444.3
1590 43371.8
1620 44303
1650 45237.8
1680 46176.1
1710 47117.8
1740 48062.9
1770 49011.3
1800 49962.9
1830 50917.6
1860 51875.3
1860 51875.3
