0 0
30 763.047
60 1533.75
90 2315.73
120 3107.84
150 3908.4
180 4716.08
210 5529.76
240 6348.59
270 7171.92
300 7999.31
330 8830.63
360 9666.15
390 10506.5
420 11352.7
450 12205.4
480 13065.2
510 13932.6
540 14807.7
570 15690.4
600 16580.7
630 17478.4
660 18383.3
690 19295.1
720 20213.7
750 21138.7
780 22070
810 23007.4
840 23950.6
870 24899.5
900 25853.7
930 26813.1
960 27777.4
990 28746.4
1020 29720
1050 30697.9
1080 31680
1110 32666.1
1140 33656.2
1170 34650
1200 35647.5
1230 36648.5
1260 37652.9
1290 38660.7
1320 39671.6
1350 40685.7
1380 41702.8
1410 42722.8
1440 43745.6
1470 44771.2
1500 45799.4
1530 46830.2
1560 47863.6
1590 48899.4
1620 49937.6
1650 50978.1
1680 52020.9
1710 53065.8
1740 54113
1770 55162.2
1800 56213.5
1830 57266.7
1860 58321.7
1860 58321.7
