0 0
30 762.591
60 1525.18
90 2287.77
120 3050.36
150 3812.95
180 4575.55
210 5338.14
240 6100.73
270 6863.32
300 7625.91
330 8388.51
360 9151.14
390 9913.9
420 10677
450 11440.9
480 12206
510 12973
540 13742.6
570 14515.4
600 15291.9
630 16072.6
660 16857.9
690 17648
720 18443.1
750 19243.4
780 20049
810 20859.9
840 21676.2
870 22497.9
900 23324.8
930 24157.1
960 24994.6
990 25837.2
1020 26684.9
1050 27537.7
1080 28395.4
1110 29257.9
1140 30125.1
1170 30997
1200 31873.4
1230 32754.3
1260 33639.5
1290 34528.9
1320 35422.4
1350 36320
1380 37221.5
1410 38126.8
1440 39035.9
1470 39948.6
1500 40864.9
1530 41784.8
1560 42708.1
1590 43634.7
1620 44564.7
1650 45497.8
1680 46434.1
1710 47373.5
1740 48315.8
1770 49261
1800 50209.2
1830 51160.1
1860 52113.7
1860 52113.7
