0 0
30 437.409
60 874.818
90 1312.23
120 1749.64
150 2187.05
180 2624.45
210 3061.86
240 3499.27
270 3936.65
300 4373.92
330 4810.88
360 5247.18
390 5682.35
420 6115.88
450 6547.31
480 6976.24
510 7402.4
540 7825.61
570 8245.74
600 8662.69
630 9076.39
660 9486.78
690 9893.85
720 10297.6
750 10698.2
780 11095.6
810 11489.9
840 11881.1
870 12269.3
900 12654.4
930 13036.5
960 13415.6
990 13791.5
1020 14164.2
1050 14533.6
1080 14899.7
1110 15262.2
1140 15621.2
1170 15976.6
1200 16328.3
1230 16676.3
1260 17020.7
1290 17361.3
1320 17698.2
1350 18031.4
1380 18360.8
1410 18686.6
1440 19008.6
1470 19327
1500 19641.8
1530 19952.9
1560 20260.5
1590 20564.6
1620 20865.3
1650 21162.5
1680 21456.3
1710 21746.9
1740 22034.2
1770 22318.2
1800 22599.1
1830 22876.9
1860 23151.6
1860 23151.6
