0 0
30 762.591
60 1525.18
90 2287.77
120 3050.5
150 3814.68
180 4583.57
210 5360.69
240 6148.21
270 6947.6
300 7759.32
330 8582.89
360 9417.76
390 10263.7
420 11120.4
450 11987.6
480 12864.9
510 13751.8
540 14648.2
570 15553.5
600 16467.3
630 17389.5
660 18319.7
690 19257.5
720 20202.7
750 21154.9
780 22113.8
810 23079.3
840 24050.9
870 25028.5
900 26011.9
930 27000.8
960 27995
990 28994.3
1020 29998.5
1050 31007.4
1080 32020.8
1110 33038.6
1140 34060.6
1170 35086.5
1200 36116.4
1230 37150
1260 38187.1
1290 39227.7
1320 40271.6
1350 41318.7
1380 42369
1410 43422.2
1440 44478.4
1470 45537.3
1500 46598.9
1530 47663.2
1560 48730
1590 49799.3
1620 50870.9
1650 51944.9
1680 53021.1
1710 54099.4
1740 55179.8
1770 56262.2
1800 57346.7
1830 58433
1860 59521.2
1860 59521.2
