0 0
30 437.409
60 874.812
90 1310.88
120 1736.8
150 2142.13
180 2523.29
210 2880.25
240 3214.55
270 3529.06
300 3825.74
330 4106.28
360 4372.43
390 4625.49
420 4866.57
450 5096.62
480 5316.52
510 5527.07
540 5728.91
570 5922.56
600 6108.67
630 6287.71
660 6460.09
690 6626.23
720 6786.52
750 6941.32
780 7090.95
810 7235.7
840 7375.9
870 7511.77
900 7643.5
930 7771.29
960 7895.36
990 8015.95
1020 8133.17
1050 8247.14
1080 8358.03
1110 8466
1140 8571.17
1170 8673.68
1200 8773.63
1230 8871.14
1260 8966.32
1290 9059.25
1320 9150.02
1350 9238.72
1380 9325.41
1410 9410.17
1440 9493.06
1470 9574.15
1500 9653.51
1530 9731.2
1560 9807.27
1590 9881.8
1620 9954.81
1650 10026.4
1680 10096.5
1710 10165.3
1740 10232.8
1770 10299
1800 10363.9
1830 10427.6
1860 10490.1
1860 10490.1
