0 0
30 762.591
60 1525.31
90 2290.44
120 3060.95
150 3837.9
180 4621.09
210 5409.78
240 6203.28
270 7001.14
300 7802.93
330 8608.39
360 9417.52
390 10230.6
420 11048.1
450 11870.6
480 12698.6
510 13532.7
540 14373.2
570 15220.3
600 16074.1
630 16934.7
660 17802
690 18676
720 19556.5
750 20443.5
780 21336.6
810 22235.8
840 23140.9
870 24051.6
900 24967.8
930 25889.3
960 26815.9
990 27747.5
1020 28683.9
1050 29624.9
1080 30570.4
1110 31520.4
1140 32474.5
1170 33432.7
1200 34394.8
1230 35360.9
1260 36330.7
1290 37304.2
1320 38281.2
1350 39261.6
1380 40245.3
1410 41232.3
1440 42222.3
1470 43215.5
1500 44211.6
1530 45210.6
1560 46212.4
1590 47217
1620 48224.2
1650 49234
1680 50246.4
1710 51261.2
1740 52278.4
1770 53298.1
1800 54320
1830 55344.1
1860 56370.5
1860 56370.5
