0 0
30 436.485
60 858.474
90 1263.64
120 1656.53
150 2040.22
180 2417.17
210 2789.09
240 3157.16
270 3522.22
300 3884.84
330 4245.36
360 4604.23
390 4961.65
420 5317.24
450 5670.47
480 6020.65
510 6366.95
540 6708.58
570 7044.93
600 7375.56
630 7700.24
660 8018.7
690 8330.68
720 8636.11
750 8935.01
780 9227.45
810 9513.59
840 9793.58
870 10067.6
900 10335.8
930 10598.4
960 10855.4
990 11107.3
1020 11354
1050 11595.7
1080 11832.6
1110 12064.9
1140 12292.7
1170 12516.3
1200 12735.8
1230 12951.1
1260 13162.6
1290 13370.3
1320 13574.4
1350 13775
1380 13972.1
1410 14166
1440 14356.7
1470 14544.3
1500 14729
1530 14910.7
1560 15089.7
1590 15266
1620 15439.6
1650 15610.7
1680 15779.2
1710 15945.4
1740 16109.3
1770 16270.8
1800 16430.1
1830 16587.3
1860 16742.4
1860 16742.4
