0 0
30 762.591
60 1525.18
90 2287.77
120 3050.36
150 3812.95
180 4575.55
210 5338.14
240 6100.73
270 6863.32
300 7625.91
330 8388.52
360 9151.15
390 9913.84
420 10676.6
450 11439.5
480 12202.6
510 12966
540 13729.8
570 14494.3
600 15259.8
630 16026.6
660 16795.3
690 17566.3
720 18340.2
750 19117.5
780 19898.7
810 20684.1
840 21474
870 22268.8
900 23068.5
930 23873.4
960 24683.6
990 25499
1020 26319.7
1050 27145.6
1080 27976.8
1110 28813.3
1140 29655
1170 30501.7
1200 31353.4
1230 32210
1260 33071.6
1290 33937.8
1320 34808.9
1350 35684.6
1380 36564.8
1410 37449.4
1440 38338.4
1470 39231.5
1500 40128.7
1530 41030
1560 41935.2
1590 42844.2
1620 43757
1650 44673.5
1680 45593.6
1710 46517.2
1740 47444.2
1770 48374.5
1800 49308.2
1830 50245
1860 51185
1860 51185
