0 0
30 437.409
60 874.818
90 1312.23
120 1749.64
150 2187.05
180 2624.45
210 3061.86
240 3499.25
270 3936.61
300 4373.89
330 4811.04
360 5247.96
390 5684.41
420 6119.95
450 6553.93
480 6985.45
510 7413.53
540 7837.25
570 8255.86
600 8668.71
630 9075.35
660 9475.46
690 9868.88
720 10255.5
750 10635.2
780 11008
810 11374
840 11733.1
870 12085.7
900 12431.7
930 12771.4
960 13104.9
990 13432.4
1020 13754
1050 14069.8
1080 14380.2
1110 14685.1
1140 14984.7
1170 15279.1
1200 15568.5
1230 15853.2
1260 16133.1
1290 16408.3
1320 16679.2
1350 16945.7
1380 17208
1410 17466.3
1440 17720.6
1470 17971.2
1500 18218.1
1530 18461.3
1560 18701
1590 18937.3
1620 19170.3
1650 19400
1680 19626.5
1710 19850
1740 20070.5
1770 20288.1
1800 20502.8
1830 20714.7
1860 20923.9
1860 20923.9
