0 0
30 762.591
60 1525.2
90 2290.2
120 3070.32
150 3877.1
180 4712.26
210 5572.94
240 6457.28
270 7362.12
300 8284.86
330 9223.87
360 10177.3
390 11143.8
420 12122
450 13110.9
480 14109.7
510 15117.4
540 16133.5
570 17157.4
600 18188.4
630 19226.1
660 20270.1
690 21319.8
720 22375
750 23435.3
780 24500.5
810 25570.2
840 26644
870 27722
900 28803.8
930 29889.2
960 30978.1
990 32070.3
1020 33165.5
1050 34263.8
1080 35364.8
1110 36468.5
1140 37574.8
1170 38683.5
1200 39794.6
1230 40907.9
1260 42023.3
1290 43140.8
1320 44260.2
1350 45381.5
1380 46504.6
1410 47629.5
1440 48756
1470 49884.2
1500 51014
1530 52145.3
1560 53278
1590 54412.1
1620 55547.6
1650 56684.4
1680 57822.5
1710 58961.8
1740 60102.3
1770 61244
1800 62386.7
1830 63530.6
1860 64675.4
1860 64675.4
