0 0
30 773.409
60 1571.45
90 2382.41
120 3200.9
150 4024.26
180 4851.02
210 5680.26
240 6511.32
270 7343.85
300 8178.12
330 9015.28
360 9857.01
390 10705
420 11560.9
450 12425.5
480 13299.3
510 14182.4
540 15074.6
570 15975.8
600 16885.6
630 17803.8
660 18730.2
690 19664.3
720 20605.9
750 21554.6
780 22510.3
810 23472.7
840 24441.3
870 25416
900 26396.5
930 27382.7
960 28374.1
990 29370.4
1020 30371.5
1050 31377.3
1080 32387.6
1110 33402.1
1140 34420.7
1170 35443.2
1200 36469.4
1230 37499.3
1260 38532.6
1290 39569.2
1320 40609
1350 41652
1380 42697.9
1410 43746.8
1440 44798.4
1470 45852.7
1500 46909.7
1530 47969.1
1560 49031
1590 50095.3
1620 51161.8
1650 52230.5
1680 53301.4
1710 54374.4
1740 55449.4
1770 56526.3
1800 57605.1
1830 58685.8
1860 59768.2
1860 59768.2
