0 0
30 762.591
60 1525.18
90 2287.77
120 3050.81
150 3816.01
180 4584.94
210 5358.36
240 6136.57
270 6919.45
300 7706.74
330 8498.16
360 9293.44
390 10092.4
420 10894.9
450 11701.2
480 12511.7
510 13326.8
540 14147.2
570 14973.3
600 15805.5
630 16644.1
660 17489
690 18340.4
720 19198.3
750 20062.6
780 20933.3
810 21810.3
840 22693.5
870 23582.8
900 24477.9
930 25378.7
960 26285.1
990 27196.8
1020 28113.6
1050 29035.4
1080 29962.1
1110 30893.5
1140 31829.4
1170 32769.7
1200 33714.3
1230 34663
1260 35615.7
1290 36572.3
1320 37532.7
1350 38496.7
1380 39464.3
1410 40435.3
1440 41409.7
1470 42387.3
1500 43368
1530 44351.8
1560 45338.6
1590 46328.3
1620 47320.8
1650 48316
1680 49313.9
1710 50314.3
1740 51317.4
1770 52322.9
1800 53330.8
1830 54341
1860 55353.6
1860 55353.6
