0 0
30 762.591
60 1525.18
90 2287.77
120 3050.36
150 3812.95
180 4575.55
210 5338.14
240 6100.73
270 6863.32
300 7625.91
330 8388.5
360 9151.09
390 9913.68
420 10676.3
450 11438.9
480 12201.5
510 12964.1
540 13726.9
570 14489.9
600 15253.2
630 16017.1
660 16781.9
690 17547.8
720 18315.1
750 19084.3
780 19855.6
810 20629.4
840 21405.9
870 22185.4
900 22968.2
930 23754.4
960 24544.3
990 25338
1020 26135.6
1050 26937.2
1080 27743
1110 28552.8
1140 29366.7
1170 30184.8
1200 31007
1230 31833.3
1260 32663.7
1290 33498.2
1320 34336.7
1350 35179.3
1380 36025.9
1410 36876.4
1440 37730.7
1470 38588.9
1500 39450.7
1530 40316.3
1560 41185.5
1590 42058.3
1620 42934.7
1650 43814.4
1680 44697.5
1710 45584
1740 46473.8
1770 47366.8
1800 48262.9
1830 49162.1
1860 50064.4
1860 50064.4
