0 0
30 762.591
60 1525.18
90 2287.77
120 3050.36
150 3812.95
180 4575.55
210 5338.14
240 6100.73
270 6863.32
300 7625.91
330 8388.5
360 9151.11
390 9913.73
420 10676.4
450 11439.2
480 12202.1
510 12965.3
540 13728.9
570 14493
600 15257.7
630 16023.3
660 16789.8
690 17557.5
720 18326.6
750 19097.2
780 19869.6
810 20644.2
840 21421.2
870 22201.1
900 22984.1
930 23770.6
960 24560.8
990 25355
1020 26153.5
1050 26956.4
1080 27763.9
1110 28576.1
1140 29393
1170 30214.7
1200 31041.2
1230 31872.5
1260 32708.7
1290 33549.7
1320 34395.5
1350 35246
1380 36101.2
1410 36961
1440 37825.3
1470 38694.2
1500 39567.4
1530 40445
1560 41326.8
1590 42212.8
1620 43103
1650 43997.2
1680 44895.3
1710 45797.4
1740 46703.2
1770 47612.8
1800 48526
1830 49442.8
1860 50363.1
1860 50363.1
