0 0
30 762.591
60 1525.18
90 2287.77
120 3050.56
150 3815.01
180 4584.13
210 5361.12
240 6148.58
270 6947.73
300 7759.26
330 8583.28
360 9419.3
390 10266.6
420 11124.5
450 11992.1
480 12868.8
510 13754
540 14647.4
570 15548.6
600 16457.3
630 17373.1
660 18295.7
690 19224.7
720 20159.9
750 21101.2
780 22048.2
810 23000.7
840 23958.7
870 24921.9
900 25890.1
930 26863.1
960 27840.9
990 28823.1
1020 29809.7
1050 30800.5
1080 31795.3
1110 32794
1140 33796.5
1170 34802.6
1200 35812.3
1230 36825.4
1260 37841.8
1290 38861.4
1320 39884.2
1350 40910
1380 41938.7
1410 42970.4
1440 44004.9
1470 45042.1
1500 46082
1530 47124.5
1560 48169.5
1590 49217
1620 50266.8
1650 51318.9
1680 52373.3
1710 53429.8
1740 54488.4
1770 55549
1800 56611.7
1830 57676.3
1860 58742.8
1860 58742.8
