0 0
30 437.409
60 874.818
90 1311.56
120 1745.21
150 2173.81
180 2596.63
210 3013.66
240 3425.18
270 3831.47
300 4232.39
330 4627.29
360 5015.33
390 5395.52
420 5767.19
450 6129.82
480 6483.15
510 6827.12
540 7161.76
570 7487.19
600 7803.62
630 8111.3
660 8410.56
690 8701.73
720 8985.12
750 9261.11
780 9530
810 9792.05
840 10047.6
870 10296.8
900 10540.2
930 10777.8
960 11010.1
990 11237.1
1020 11459.1
1050 11676.3
1080 11888.9
1110 12097.1
1140 12301.2
1170 12501.3
1200 12697.5
1230 12890.1
1260 13079.1
1290 13264.6
1320 13446.8
1350 13625.7
1380 13801.6
1410 13974.5
1440 14144.5
1470 14311.7
1500 14476.3
1530 14638.2
1560 14797.6
1590 14954.6
1620 15109.2
1650 15261.4
1680 15411.5
1710 15559.4
1740 15705.2
1770 15848.9
1800 15990.6
1830 16130.4
1860 16268.3
1860 16268.3
