0 0
30 437.409
60 874.818
90 1312.23
120 1749.64
150 2187.04
180 2624.29
210 3060.94
240 3496.32
270 3929.69
300 4360.43
330 4788.1
360 5212.37
390 5632.88
420 6049.15
450 6460.54
480 6866.34
510 7265.96
540 7658.83
570 8044.44
600 8422.64
630 8793.2
660 9156.12
690 9511.63
720 9859.8
750 10200.7
780 10534.4
810 10861.3
840 11181.3
870 11494.9
900 11802.1
930 12103.2
960 12398.5
990 12688
1020 12972.1
1050 13250.8
1080 13524.4
1110 13793
1140 14056.8
1170 14315.9
1200 14570.6
1230 14820.9
1260 15067.1
1290 15309.1
1320 15547.2
1350 15781.4
1380 16012
1410 16238.9
1440 16462.4
1470 16682.5
1500 16899.3
1530 17112.9
1560 17323.4
1590 17530.9
1620 17735.4
1650 17937.1
1680 18136
1710 18332.2
1740 18525.8
1770 18716.8
1800 18905.4
1830 19091.6
1860 19275.4
1860 19275.4
