0 0
30 763.515
60 1541.53
90 2336.36
120 3143.48
150 3959.78
180 4782.83
210 5610.92
240 6442.84
270 7277.77
300 8115.16
330 8954.64
360 9795.77
390 10638.4
420 11482.8
450 12329.5
480 13179.3
510 14033.1
540 14891.4
570 15755.1
600 16624.4
630 17499.8
660 18381.3
690 19269.3
720 20163.9
750 21065
780 21972.5
810 22886.4
840 23806.4
870 24732.4
900 25664.2
930 26601.6
960 27544.6
990 28492.7
1020 29446
1050 30404.3
1080 31367.4
1110 32335.1
1140 33307.3
1170 34283.7
1200 35264.2
1230 36248.9
1260 37237.4
1290 38229.7
1320 39225.6
1350 40225
1380 41227.9
1410 42234
1440 43243.3
1470 44255.7
1500 45271
1530 46289.3
1560 47310.3
1590 48334
1620 49360.4
1650 50389.3
1680 51420.8
1710 52454.6
1740 53490.7
1770 54529.2
1800 55569.9
1830 56612.7
1860 57657.6
1860 57657.6
