0 0
30 437.409
60 874.818
90 1312.23
120 1749.44
150 2184.28
180 2610.86
210 3022.63
240 3416.09
270 3790.15
300 4145.6
330 4483.22
360 4804.64
390 5111.88
420 5406.13
450 5688.39
480 5959.56
510 6220.46
540 6471.78
570 6714.18
600 6948.21
630 7174.43
660 7393.29
690 7605.15
720 7810.42
750 8009.47
780 8202.62
810 8390.17
840 8572.45
870 8749.71
900 8922.17
930 9090.06
960 9253.54
990 9412.83
1020 9568.12
1050 9719.57
1080 9867.34
1110 10011.6
1140 10152.5
1170 10290.1
1200 10424.6
1230 10556.1
1260 10684.7
1290 10810.5
1320 10933.6
1350 11054.2
1380 11172.3
1410 11287.9
1440 11401.3
1470 11512.4
1500 11621.3
1530 11728.2
1560 11833
1590 11935.9
1620 12037
1650 12136.2
1680 12233.6
1710 12329.3
1740 12423.3
1770 12515.8
1800 12606.6
1830 12695.9
1860 12783.8
1860 12783.8
