0 0
30 762.591
60 1525.18
90 2287.8
120 3050.8
150 3814.71
180 4579.91
210 5346.66
240 6115.27
270 6886.31
300 7660.71
330 8439.76
360 9224.68
390 10016.6
420 10816.4
450 11624.5
480 12441.7
510 13268.2
540 14103.8
570 14948.4
600 15801.9
630 16663.9
660 17534.1
690 18412.4
720 19298.3
750 20191.6
780 21091.9
810 21999
840 22912.6
870 23832.4
900 24758.1
930 25689.5
960 26626.4
990 27568.6
1020 28516
1050 29468.2
1080 30425.1
1110 31386.6
1140 32352.3
1170 33322.4
1200 34296.5
1230 35274.6
1260 36256.5
1290 37242.1
1320 38231.3
1350 39223.9
1380 40219.9
1410 41219.3
1440 42221.8
1470 43227.4
1500 44236
1530 45247.5
1560 46261.8
1590 47278.9
1620 48298.7
1650 49321
1680 50345.9
1710 51373.3
1740 52403.1
1770 53435.3
1800 54469.8
1830 55506.6
1860 56545.5
1860 56545.5
