0 0
30 762.591
60 1525.18
90 2287.77
120 3050.36
150 3812.95
180 4575.55
210 5338.16
240 6100.82
270 6863.55
300 7626.4
330 8389.4
360 9152.6
390 9916.08
420 10680
450 11444.7
480 12210.8
510 12979.2
540 13750.8
570 14526.7
600 15307.7
630 16094.7
660 16888.2
690 17688.6
720 18496.1
750 19310.8
780 20132.8
810 20962.1
840 21798.7
870 22642.4
900 23493.2
930 24350.8
960 25215.2
990 26086.1
1020 26963.3
1050 27846.8
1080 28736.2
1110 29631.5
1140 30532.5
1170 31439
1200 32350.8
1230 33267.8
1260 34189.8
1290 35116.6
1320 36048.1
1350 36984.2
1380 37924.8
1410 38869.6
1440 39818.5
1470 40771.3
1500 41728.2
1530 42688.8
1560 43653.2
1590 44621.1
1620 45592.6
1650 46567.4
1680 47545.5
1710 48526.8
1740 49511.3
1770 50498.7
1800 51489.1
1830 52482.3
1860 53478.4
1860 53478.4
