0 0
30 762.591
60 1525.18
90 2287.77
120 3050.36
150 3812.95
180 4575.55
210 5338.14
240 6100.73
270 6863.36
300 7626.23
330 8389.96
360 9155.79
390 9925.42
420 10700.7
450 11483.1
480 12273.8
510 13073.6
540 13882.9
570 14701.9
600 15530.6
630 16368.9
660 17216.8
690 18073.9
720 18940.1
750 19815.1
780 20698.5
810 21590
840 22489.4
870 23396.3
900 24310.4
930 25231.4
960 26158.9
990 27092.7
1020 28032.7
1050 28978.4
1080 29929.7
1110 30886.5
1140 31848.4
1170 32815.2
1200 33786.8
1230 34763
1260 35743.5
1290 36728.3
1320 37717.2
1350 38710
1380 39706.5
1410 40706.7
1440 41710.4
1470 42717.6
1500 43728.1
1530 44741.9
1560 45758.8
1590 46778.7
1620 47801.4
1650 48827.1
1680 49855.4
1710 50886.5
1740 51920.2
1770 52956.4
1800 53995
1830 55036
1860 56079.4
1860 56079.4
