0 0
30 437.409
60 874.818
90 1312.22
120 1749.41
150 2184.88
180 2615.43
210 3037.73
240 3449.02
270 3850.17
300 4240.98
330 4621.56
360 4991.72
390 5351.26
420 5700.2
450 6038.59
480 6366.54
510 6684.28
540 6992.15
570 7290.52
600 7579.74
630 7860.12
660 8132.06
690 8395.93
720 8652.09
750 8900.91
780 9142.72
810 9377.83
840 9606.57
870 9829.28
900 10046.3
930 10257.7
960 10463.9
990 10665.1
1020 10861.4
1050 11053.1
1080 11240.4
1110 11423.5
1140 11602.6
1170 11777.7
1200 11949.1
1230 12116.9
1260 12281.2
1290 12442.1
1320 12599.8
1350 12754.4
1380 12906
1410 13054.7
1440 13200.6
1470 13343.9
1500 13484.5
1530 13622.5
1560 13758.1
1590 13891.3
1620 14022.2
1650 14150.8
1680 14277.2
1710 14401.5
1740 14523.7
1770 14643.9
1800 14762.1
1830 14878.4
1860 14992.9
1860 14992.9
