0 0
30 437.409
60 874.806
90 1310.01
120 1730.72
150 2125.2
180 2491.23
210 2830.83
240 3145.66
270 3439.3
300 3714.72
330 3973.78
360 4218.47
390 4450.38
420 4670.79
450 4880.8
480 5081.3
510 5273
540 5456.61
570 5632.75
600 5801.94
630 5964.66
660 6121.34
690 6272.34
720 6418.02
750 6558.69
780 6694.65
810 6826.17
840 6953.53
870 7076.96
900 7196.59
930 7312.62
960 7425.24
990 7534.63
1020 7640.94
1050 7744.33
1080 7844.92
1110 7942.85
1140 8038.23
1170 8131.17
1200 8221.82
1230 8310.29
1260 8396.6
1290 8480.86
1320 8563.14
1350 8643.51
1380 8722.04
1410 8798.82
1440 8873.88
1470 8947.31
1500 9019.16
1530 9089.49
1560 9158.34
1590 9225.8
1620 9291.87
1650 9356.6
1680 9420.05
1710 9482.24
1740 9543.24
1770 9603.07
1800 9661.78
1830 9719.39
1860 9775.95
1860 9775.95
