0 0
30 762.591
60 1525.18
90 2287.81
120 3050.58
150 3813.51
180 4576.63
210 5339.99
240 6104.27
270 6871.6
300 7645.53
330 8429.63
360 9226.53
390 10037.6
420 10863.5
450 11704.2
480 12559.4
510 13428.6
540 14311.2
570 15206.2
600 16113.1
630 17031.1
660 17959.5
690 18897.7
720 19845.1
750 20801
780 21765.1
810 22736.6
840 23715.3
870 24700.9
900 25692.9
930 26691
960 27695
990 28704.4
1020 29719
1050 30738.5
1080 31762.8
1110 32791.4
1140 33824.2
1170 34861.1
1200 35901.8
1230 36946.3
1260 37994.2
1290 39045.6
1320 40100.1
1350 41157.8
1380 42218.5
1410 43282
1440 44348.2
1470 45417.1
1500 46488.5
1530 47562.4
1560 48638.7
1590 49717.2
1620 50798
1650 51880.9
1680 52965.8
1710 54052.8
1740 55141.6
1770 56232.4
1800 57324.9
1830 58419.3
1860 59515.3
1860 59515.3
