0 0
30 762.591
60 1525.18
90 2287.77
120 3050.38
150 3813.19
180 4576.96
210 5343.07
240 6113.5
270 6890.69
300 7677.14
330 8474.77
360 9284.79
390 10108
420 10944.2
450 11793.4
480 12655.1
510 13528.6
540 14413.5
570 15309.2
600 16215.2
630 17131
660 18056.1
690 18990
720 19932.3
750 20882.4
780 21840
810 22804.7
840 23776
870 24753.7
900 25737.4
930 26727
960 27721.9
990 28722.1
1020 29727.2
1050 30737.1
1080 31751.5
1110 32770.2
1140 33793.1
1170 34820
1200 35850.6
1230 36885
1260 37922.9
1290 38964.2
1320 40008.8
1350 41056.5
1380 42107.3
1410 43161
1440 44217.6
1470 45276.9
1500 46338.8
1530 47403.2
1560 48470.2
1590 49539.5
1620 50611.1
1650 51685
1680 52761
1710 53839.1
1740 54919.3
1770 56001.4
1800 57085.5
1830 58171.4
1860 59259.1
1860 59259.1
