0 0
30 762.591
60 1525.18
90 2287.77
120 3050.37
150 3813.15
180 4577.54
210 5347.2
240 6127.04
270 6921.39
300 7733.12
330 8563.83
360 9413.21
390 10278.7
420 11159.8
450 12056.1
480 12966.1
510 13889.4
540 14824.9
570 15771.6
600 16729
630 17696.4
660 18672.9
690 19657.9
720 20650.8
750 21651
780 22658.3
810 23672
840 24691.8
870 25717.3
900 26748.2
930 27784.1
960 28824.9
990 29870.2
1020 30919.9
1050 31973.6
1080 33031.2
1110 34092.4
1140 35157.2
1170 36225.3
1200 37296.5
1230 38370.8
1260 39448
1290 40528
1320 41610.6
1350 42695.9
1380 43783.6
1410 44873.6
1440 45965.9
1470 47060.5
1500 48157.1
1530 49255.7
1560 50356.4
1590 51458.9
1620 52563.3
1650 53669.5
1680 54777.4
1710 55886.9
1740 56998.1
1770 58110.8
1800 59225
1830 60340.7
1860 61457.8
1860 61457.8
