0 0
30 762.591
60 1525.18
90 2287.77
120 3050.36
150 3812.95
180 4575.55
210 5338.14
240 6100.74
270 6863.47
300 7626.8
330 8391.83
360 9160.27
390 9934.04
420 10714.9
450 11504
480 12302.4
510 13110.7
540 13928.8
570 14757
600 15595.1
630 16443
660 17300.2
690 18166.7
720 19042.1
750 19926.2
780 20818.6
810 21718.9
840 22626.7
870 23541.8
900 24463.8
930 25392.4
960 26327.2
990 27268.2
1020 28215
1050 29167.4
1080 30125.1
1110 31087.9
1140 32055.5
1170 33027.8
1200 34004.6
1230 34985.7
1260 35971.1
1290 36960.6
1320 37954
1350 38951.2
1380 39952.1
1410 40956.6
1440 41964.5
1470 42975.7
1500 43990.1
1530 45007.7
1560 46028.2
1590 47051.6
1620 48077.9
1650 49106.8
1680 50138.5
1710 51172.6
1740 52209.3
1770 53248.4
1800 54289.9
1830 55333.6
1860 56379.5
1860 56379.5
