0 0
30 437.409
60 874.818
90 1312.23
120 1749.64
150 2187.05
180 2624.44
210 3061.72
240 3498.46
270 3933.83
300 4366.73
330 4796.02
360 5220.77
390 5640.28
420 6053.98
450 6461.62
480 6863.03
510 7258.13
540 7646.88
570 8029.21
600 8404.91
630 8773.83
660 9135.85
690 9490.92
720 9838.95
750 10179.9
780 10513.8
810 10840.8
840 11160.9
870 11474.2
900 11780.8
930 12081
960 12375
990 12662.9
1020 12944.9
1050 13221.2
1080 13492
1110 13757.3
1140 14017.3
1170 14272.2
1200 14522.2
1230 14767.4
1260 15008
1290 15244.2
1320 15476
1350 15703.6
1380 15927.2
1410 16146.9
1440 16362.7
1470 16574.9
1500 16783.4
1530 16988.5
1560 17190.2
1590 17388.6
1620 17583.7
1650 17775.7
1680 17964.7
1710 18150.8
1740 18333.9
1770 18514.2
1800 18691.8
1830 18866.8
1860 19039.2
1860 19039.2
