0 0
30 437.409
60 874.818
90 1312.23
120 1749.62
150 2186.3
180 2618.29
210 3038.64
240 3442.48
270 3827.49
300 4193.59
330 4540.93
360 4870.48
390 5183.79
420 5482.28
450 5767.29
480 6039.87
510 6300.92
540 6551.69
570 6793.69
600 7027.51
630 7253.65
660 7472.61
690 7684.82
720 7890.75
750 8090.82
780 8285.39
810 8474.81
840 8659.37
870 8839.28
900 9014.8
930 9186.2
960 9353.68
990 9517.42
1020 9677.56
1050 9834.24
1080 9987.55
1110 10137.5
1140 10284.6
1170 10429.2
1200 10571.1
1230 10710.6
1260 10847.6
1290 10982.3
1320 11114.6
1350 11244.6
1380 11372.5
1410 11498.3
1440 11621.9
1470 11743.6
1500 11863.4
1530 11981.4
1560 12097.5
1590 12211.8
1620 12324.3
1650 12435.2
1680 12544.4
1710 12651.9
1740 12758
1770 12862.5
1800 12965.5
1830 13067
1860 13167.2
1860 13167.2
