0 0
30 762.591
60 1525.18
90 2287.77
120 3050.36
150 3812.95
180 4575.55
210 5338.14
240 6100.75
270 6863.41
300 7626.16
330 8389.06
360 9152.17
390 9915.59
420 10679.5
450 11444.1
480 12209.9
510 12977.3
540 13746.9
570 14519.5
600 15295.5
630 16075.5
660 16859.9
690 17649.2
720 18443.6
750 19243.3
780 20048.5
810 20859.3
840 21675.7
870 22497.7
900 23325.5
930 24158.9
960 24997.9
990 25842.5
1020 26692.5
1050 27547.9
1080 28408.6
1110 29274.5
1140 30145.4
1170 31021.4
1200 31902.1
1230 32787.6
1260 33677.6
1290 34572.2
1320 35471.3
1350 36374.7
1380 37282.3
1410 38194.2
1440 39110.1
1470 40030
1500 40953.7
1530 41881.2
1560 42812.4
1590 43747.1
1620 44685.4
1650 45627.2
1680 46572.2
1710 47520.6
1740 48472.2
1770 49426.9
1800 50384.7
1830 51345.5
1860 52309.2
1860 52309.2
