0 0
30 762.591
60 1525.21
90 2290.12
120 3066.83
150 3863.82
180 4685.04
210 5529.5
240 6394.95
270 7278.63
300 8178.13
330 9091.26
360 10016.1
390 10951.1
420 11895.3
450 12847.5
480 13807.1
510 14773.6
540 15746.2
570 16724.5
600 17708.4
630 18697.6
660 19691.9
690 20691.1
720 21695
750 22703.4
780 23716.1
810 24733
840 25754
870 26779
900 27807.7
930 28840.1
960 29876
990 30915.3
1020 31958
1050 33004
1080 34053.1
1110 35105.2
1140 36160.3
1170 37218.1
1200 38278.7
1230 39341.9
1260 40407.6
1290 41475.5
1320 42545.8
1350 43618.3
1380 44693
1410 45769.8
1440 46848.6
1470 47929.5
1500 49012.3
1530 50097
1560 51183.6
1590 52271.9
1620 53362.1
1650 54453.9
1680 55547.4
1710 56642.5
1740 57739.2
1770 58837.5
1800 59937.2
1830 61038.5
1860 62141.1
1860 62141.1
