0 0
30 437.409
60 874.818
90 1312.23
120 1749.64
150 2187.05
180 2624.43
210 3061.67
240 3498.48
270 3934.36
300 4368.65
330 4800.62
360 5229.35
390 5653.75
420 6072.64
450 6484.86
480 6889.35
510 7285.2
540 7671.9
570 8049.16
600 8416.89
630 8775.07
660 9123.87
690 9463.55
720 9794.28
750 10116.3
780 10429.9
810 10735.4
840 11033
870 11323
900 11605.6
930 11881.2
960 12150.1
990 12412.4
1020 12668.4
1050 12918.4
1080 13162.6
1110 13401.3
1140 13634.6
1170 13862.8
1200 14086
1230 14304.4
1260 14518.3
1290 14727.8
1320 14933
1350 15134.1
1380 15331.3
1410 15524.6
1440 15714.3
1470 15900.4
1500 16083.1
1530 16262.5
1560 16438.7
1590 16611.7
1620 16781.7
1650 16948.8
1680 17113
1710 17274.4
1740 17433.2
1770 17589.4
1800 17743
1830 17894.3
1860 18043.1
1860 18043.1
