0 0
30 953.238
60 1906.48
90 2859.71
120 3812.95
150 4766.19
180 5719.43
210 6672.67
240 7625.9
270 8579.14
300 9532.38
330 10485.6
360 11438.9
390 12392.1
420 13345.5
450 14299.1
480 15253.4
510 16209.2
540 17167.4
570 18129.3
600 19096.3
630 20069.7
660 21050.7
690 22040
720 23038.3
750 24046.1
780 25063.6
810 26091
840 27128.2
870 28175
900 29231.4
930 30297
960 31371.7
990 32455.3
1020 33547.4
1050 34647.9
1080 35756.5
1110 36872.8
1140 37996.6
1170 39127.7
1200 40265.8
1230 41410.7
1260 42562.2
1290 43720
1320 44883.9
1350 46053.8
1380 47229.3
1410 48410.4
1440 49596.9
1470 50788.6
1500 51985.4
1530 53187.1
1560 54393.6
1590 55604.7
1620 56820.4
1650 58040.3
1680 59264.6
1710 60492.9
1740 61725.3
1770 62961.6
1800 64201.7
1830 65445.5
1860 66692.9
1860 66692.9
