0 0
30 546.762
60 1093.52
90 1640.29
120 2187.05
150 2733.81
180 3280.57
210 3827.33
240 4374.1
270 4920.86
300 5467.62
330 6014.38
360 6561.11
390 7107.75
420 7654.14
450 8199.96
480 8744.68
510 9287.49
540 9827.39
570 10363.2
600 10893.6
630 11417.3
660 11933.5
690 12441
720 12939.4
750 13428.1
780 13906.7
810 14375.1
840 14833.4
870 15281.5
900 15719.5
930 16147.8
960 16566.6
990 16976.2
1020 17376.8
1050 17768.6
1080 18152.2
1110 18527.6
1140 18895.1
1170 19255.2
1200 19608
1230 19953.8
1260 20292.8
1290 20625.4
1320 20951.6
1350 21271.8
1380 21586.2
1410 21894.9
1440 22198.1
1470 22496
1500 22788.8
1530 23076.6
1560 23359.5
1590 23637.8
1620 23911.6
1650 24181
1680 24446.2
1710 24707.2
1740 24964.3
1770 25217.5
1800 25466.9
1830 25712.8
1860 25955
1860 25955
