0 0
30 953.238
60 1906.48
90 2859.71
120 3812.95
150 4766.19
180 5719.43
210 6672.67
240 7625.9
270 8579.14
300 9532.38
330 10485.6
360 11438.9
390 12392.1
420 13345.5
450 14299.1
480 15253.2
510 16208.5
540 17165.6
570 18125.3
600 19088.6
630 20056.4
660 21029.4
690 22008.4
720 22994
750 23986.7
780 24986.8
810 25994.6
840 27010.2
870 28033.7
900 29065.3
930 30104.9
960 31152.4
990 32207.7
1020 33270.8
1050 34341.6
1080 35419.7
1110 36505.2
1140 37597.8
1170 38697.4
1200 39803.8
1230 40916.8
1260 42036.3
1290 43162.1
1320 44294
1350 45431.9
1380 46575.6
1410 47725
1440 48879.9
1470 50040.1
1500 51205.5
1530 52375.9
1560 53551.3
1590 54731.4
1620 55916.3
1650 57105.6
1680 58299.4
1710 59497.5
1740 60699.7
1770 61906
1800 63116.4
1830 64330.7
1860 65548.7
1860 65548.7
