0 0
30 546.762
60 1093.52
90 1640.29
120 2187.05
150 2733.81
180 3280.57
210 3827.33
240 4374.07
270 4920.65
300 5466.64
330 6011.27
360 6553.48
390 7092.09
420 7626
450 8154.21
480 8675.93
510 9190.39
540 9696.95
570 10195.1
600 10684.4
630 11164.5
660 11635.1
690 12096.2
720 12547.8
750 12989.9
780 13422.7
810 13846.2
840 14260.7
870 14666.3
900 15063.3
930 15451.8
960 15832.2
990 16204.7
1020 16569.4
1050 16926.6
1080 17276.7
1110 17619.7
1140 17956
1170 18285.8
1200 18609.3
1230 18926.6
1260 19238.1
1290 19544
1320 19844.2
1350 20139.1
1380 20428.8
1410 20713.4
1440 20993
1470 21268
1500 21538.3
1530 21804.2
1560 22065.9
1590 22323.3
1620 22576.7
1650 22826.1
1680 23071.7
1710 23313.6
1740 23551.9
1770 23786.6
1800 24018
1830 24246.1
1860 24470.9
1860 24470.9
