0 0
30 953.238
60 1906.48
90 2859.71
120 3812.95
150 4766.19
180 5719.43
210 6672.67
240 7625.94
270 8579.49
300 9534.14
330 10491.6
360 11454.1
390 12424
420 13403.6
450 14394.1
480 15396.6
510 16411.5
540 17438.9
570 18478.8
600 19530.9
630 20594.8
660 21670.1
690 22756.5
720 23853.6
750 24960.9
780 26077.9
810 27204.4
840 28339.9
870 29483.9
900 30636.1
930 31796.1
960 32963.7
990 34138.5
1020 35320.2
1050 36508.5
1080 37703.1
1110 38903.8
1140 40110.4
1170 41322.7
1200 42540.5
1230 43763.6
1260 44991.8
1290 46224.9
1320 47462.8
1350 48705.2
1380 49952
1410 51203.1
1440 52458.3
1470 53717.6
1500 54980.7
1530 56247.6
1560 57518.2
1590 58792.3
1620 60069.9
1650 61350.7
1680 62634.9
1710 63922.2
1740 65212.5
1770 66505.9
1800 67802.3
1830 69101.5
1860 70403.4
1860 70403.4
