0 0
30 546.762
60 1093.52
90 1640.29
120 2187.05
150 2733.81
180 3280.57
210 3827.33
240 4374.1
270 4920.86
300 5467.62
330 6014.36
360 6561.05
390 7107.57
420 7653.73
450 8199.16
480 8743.28
510 9285.25
540 9823.96
570 10358.2
600 10886.6
630 11408.2
660 11921.8
690 12426.7
720 12922.3
750 13408.2
780 13884.2
810 14350.3
840 14806.5
870 15252.9
900 15689.7
930 16117
960 16535
990 16944.2
1020 17344.7
1050 17736.9
1080 18121
1110 18497.3
1140 18865.9
1170 19227.2
1200 19581.4
1230 19928.8
1260 20269.5
1290 20603.9
1320 20932.1
1350 21254.3
1380 21570.8
1410 21881.7
1440 22187.2
1470 22487.5
1500 22782.7
1530 23073
1560 23358.6
1590 23639.5
1620 23916
1650 24188.1
1680 24456.1
1710 24720
1740 24979.8
1770 25235.8
1800 25488
1830 25736.6
1860 25981.6
1860 25981.6
