0 0
30 546.762
60 1093.52
90 1640.29
120 2187.05
150 2733.81
180 3280.57
210 3827.27
240 4373.7
270 4919.4
300 5463.58
330 6005.18
360 6542.97
390 7075.74
420 7602.38
450 8121.77
480 8633.1
510 9135.79
540 9629.43
570 10113.7
600 10588.5
630 11053.7
660 11509.3
690 11955.5
720 12392.4
750 12820.3
780 13239.4
810 13649.8
840 14051.9
870 14446
900 14832.2
930 15210.8
960 15582.1
990 15946.3
1020 16303.7
1050 16654.4
1080 16998.7
1110 17336.7
1140 17668.8
1170 17994.9
1200 18315.4
1230 18630.4
1260 18940.1
1290 19244.5
1320 19544
1350 19838.6
1380 20128.5
1410 20413.9
1440 20694.8
1470 20971.4
1500 21243.9
1530 21512.3
1560 21776.9
1590 22037.5
1620 22294.5
1650 22548
1680 22797.9
1710 23044.3
1740 23287.5
1770 23527.3
1800 23764.1
1830 23997.8
1860 24228.4
1860 24228.4
