0 0
30 546.762
60 1093.52
90 1640.29
120 2186.99
150 2732.63
180 3273.73
210 3805.8
240 4325.37
270 4830.85
300 5321.35
330 5797.07
360 6258.51
390 6706.23
420 7140.98
450 7563.56
480 7974.73
510 8375.19
540 8765.57
570 9146.37
600 9518.03
630 9881.03
660 10235.7
690 10582.6
720 10921.9
750 11254
780 11579.3
810 11897.9
840 12210.3
870 12516.7
900 12817.1
930 13111.8
960 13401.1
990 13685.1
1020 13964
1050 14237.8
1080 14506.9
1110 14771.5
1140 15031.5
1170 15287.2
1200 15538.6
1230 15786
1260 16029.4
1290 16268.9
1320 16504.7
1350 16736.9
1380 16965.5
1410 17190.8
1440 17412.6
1470 17631.3
1500 17846.8
1530 18059.3
1560 18268.7
1590 18475.3
1620 18679
1650 18879.9
1680 19078.2
1710 19273.7
1740 19466.8
1770 19657.3
1800 19845.3
1830 20031
1860 20214.3
1860 20214.3
