0 0
30 953.238
60 1906.48
90 2859.71
120 3812.95
150 4766.19
180 5719.43
210 6672.68
240 7626.04
270 8579.84
300 9534.85
330 10492.6
360 11455.2
390 12425.2
420 13404.7
450 14395.6
480 15399.2
510 16415.9
540 17446.1
570 18489.9
600 19547
630 20617
660 21699.5
690 22794
720 23900
750 25017
780 26144.4
810 27281.8
840 28428.7
870 29584.7
900 30749.3
930 31922.3
960 33103.2
990 34291.7
1020 35487.6
1050 36690.4
1080 37900
1110 39116
1140 40338.1
1170 41566.1
1200 42799.8
1230 44039
1260 45283.5
1290 46533.1
1320 47787.6
1350 49046.8
1380 50310.6
1410 51578.7
1440 52851.1
1470 54127.6
1500 55408
1530 56692.2
1560 57980.2
1590 59271.7
1620 60566.7
1650 61865.1
1680 63166.7
1710 64471.5
1740 65779.4
1770 67090.2
1800 68404
1830 69720.5
1860 71039.8
1860 71039.8
