0 0
30 953.238
60 1906.48
90 2859.71
120 3812.95
150 4766.19
180 5719.44
210 6672.79
240 7626.6
270 8581.79
300 9540.04
330 10503.8
360 11475.8
390 12458.4
420 13453.5
450 14462.3
480 15485.2
510 16522.6
540 17574.1
570 18639.4
600 19717.8
630 20809
660 21912.3
690 23027.2
720 24153.2
750 25289.6
780 26436.1
810 27592.1
840 28757.1
870 29930.8
900 31112.8
930 32302.7
960 33500.3
990 34705.1
1020 35916.8
1050 37135.1
1080 38359.8
1110 39590.5
1140 40827
1170 42069.2
1200 43316.8
1230 44569.5
1260 45827.3
1290 47089.8
1320 48356.9
1350 49628.5
1380 50904.4
1410 52184.4
1440 53468.5
1470 54756.5
1500 56048.1
1530 57343.4
1560 58642.2
1590 59944.4
1620 61249.8
1650 62558.5
1680 63870.3
1710 65185.1
1740 66502.8
1770 67823.4
1800 69146.7
1830 70472.7
1860 71801.4
1860 71801.4
