0 0
30 546.762
60 1093.52
90 1640.29
120 2187.05
150 2733.81
180 3280.57
210 3827.33
240 4374.02
270 4920.37
300 5465.68
330 6008.8
360 6548.36
390 7082.87
420 7610.93
450 8131.2
480 8642.65
510 9144.61
540 9636.54
570 10118.1
600 10589.1
630 11049.5
660 11499.4
690 11939
720 12368.6
750 12788.4
780 13198.8
810 13600.1
840 13992.6
870 14376.4
900 14752
930 15119.6
960 15479.5
990 15832.2
1020 16177.8
1050 16516.6
1080 16848.9
1110 17174.8
1140 17494.5
1170 17808.4
1200 18116.5
1230 18419.1
1260 18716.4
1290 19008.4
1320 19295.5
1350 19577.8
1380 19855.4
1410 20128.5
1440 20397.1
1470 20661.5
1500 20921.7
1530 21178
1560 21430.3
1590 21678.8
1620 21923.7
1650 22165
1680 22402.8
1710 22637.2
1740 22868.4
1770 23096.3
1800 23321.1
1830 23542.9
1860 23761.8
1860 23761.8
