0 0
30 953.238
60 1906.48
90 2859.71
120 3812.95
150 4766.19
180 5719.53
210 6673.53
240 7629.82
270 8590.94
300 9559.49
330 10537.5
360 11526.6
390 12527.7
420 13541.7
450 14569.2
480 15610.4
510 16665.5
540 17734.2
570 18816.3
600 19911.5
630 21019.3
660 22139.4
690 23271
720 24413.9
750 25567.4
780 26731
810 27903.9
840 29086
870 30276.8
900 31475.7
930 32682.4
960 33896.5
990 35117.7
1020 36345.7
1050 37580.2
1080 38820.8
1110 40067.4
1140 41319.6
1170 42577.3
1200 43840.1
1230 45108
1260 46380.7
1290 47658
1320 48939.8
1350 50225.8
1380 51515.9
1410 52810.1
1440 54108
1470 55409.7
1500 56714.9
1530 58023.7
1560 59335.7
1590 60651
1620 61969.5
1650 63291
1680 64615.4
1710 65942.7
1740 67272.7
1770 68605.5
1800 69940.9
1830 71278.8
1860 72619.2
1860 72619.2
