0 0
30 546.762
60 1093.52
90 1640.29
120 2187.05
150 2733.81
180 3280.57
210 3827.33
240 4374.1
270 4920.86
300 5467.62
330 6014.38
360 6561.14
390 7107.88
420 7654.55
450 8201.01
480 8746.98
510 9292
540 9835.44
570 10376.5
600 10914.4
630 11448.3
660 11977.4
690 12500.9
720 13018.3
750 13529.2
780 14033
810 14529.4
840 15018.3
870 15499.5
900 15972.9
930 16438.6
960 16896.5
990 17346.6
1020 17788.9
1050 18223.5
1080 18650.7
1110 19070.5
1140 19483
1170 19888.4
1200 20286.9
1230 20678.6
1260 21063.8
1290 21442.5
1320 21814.9
1350 22181.2
1380 22541.6
1410 22896.2
1440 23245.2
1470 23588.7
1500 23926.9
1530 24259.9
1560 24587.9
1590 24910.9
1620 25229.1
1650 25542.7
1680 25851.6
1710 26156.1
1740 26456.2
1770 26752.1
1800 27043.9
1830 27331.7
1860 27615.6
1860 27615.6
