0 0
30 953.238
60 1906.48
90 2859.71
120 3812.95
150 4766.19
180 5719.43
210 6672.67
240 7625.92
270 8579.29
300 9533.15
330 10488.3
360 11445.8
390 12407.2
420 13373.8
450 14346.9
480 15327.5
510 16316.5
540 17314.4
570 18321.7
600 19338.6
630 20365.4
660 21402
690 22448.3
720 23504.2
750 24569.4
780 25643.7
810 26726.8
840 27818.4
870 28918.4
900 30026.3
930 31142.1
960 32265.3
990 33395.8
1020 34533.4
1050 35677.9
1080 36829
1110 37986.5
1140 39150.1
1170 40319.7
1200 41495
1230 42675.9
1260 43862.2
1290 45053.8
1320 46250.4
1350 47452
1380 48658.3
1410 49869.2
1440 51084.6
1470 52304.4
1500 53528.4
1530 54756.6
1560 55988.8
1590 57224.9
1620 58464.7
1650 59708.3
1680 60955.5
1710 62206.2
1740 63460.4
1770 64717.8
1800 65978.5
1830 67242.4
1860 68509.3
1860 68509.3
