0 0
30 546.762
60 1093.52
90 1640.29
120 2187.05
150 2733.81
180 3280.57
210 3827.33
240 4374.05
270 4920.59
300 5466.58
330 6011.41
360 6554.24
390 7094.1
420 7630.02
450 8161.07
480 8686.4
510 9205.31
540 9717.18
570 10221.5
600 10718
630 11206.3
660 11686.3
690 12157.9
720 12620.9
750 13075.5
780 13521.5
810 13959.2
840 14388.7
870 14810
900 15223.5
930 15629.3
960 16027.5
990 16418.4
1020 16802
1050 17178.7
1080 17548.6
1110 17912
1140 18268.9
1170 18619.7
1200 18964.4
1230 19303.5
1260 19636.9
1290 19964.9
1320 20287.6
1350 20605.1
1380 20917.7
1410 21225.4
1440 21528.3
1470 21826.7
1500 22120.6
1530 22410.2
1560 22695.6
1590 22976.9
1620 23254.3
1650 23527.8
1680 23797.5
1710 24063.6
1740 24326.1
1770 24585.1
1800 24840.7
1830 25093
1860 25342
1860 25342
