0 0
30 546.762
60 1093.52
90 1640.29
120 2187.05
150 2733.8
180 3280.41
210 3826.05
240 4368.65
270 4905.4
300 5433.75
330 5951.78
360 6458.3
390 6952.46
420 7433.85
450 7902.11
480 8357.22
510 8799.38
540 9229.04
570 9646.67
600 10052.6
630 10447.3
660 10831.5
690 11205.4
720 11569.6
750 11924.5
780 12270.6
810 12608.3
840 12937.8
870 13259.6
900 13574
930 13881.4
960 14181.9
990 14476
1020 14763.9
1050 15045.8
1080 15321.9
1110 15592.5
1140 15857.8
1170 16117.9
1200 16373.1
1230 16623.6
1260 16869.4
1290 17110.9
1320 17348.1
1350 17581.1
1380 17810.1
1410 18035.4
1440 18256.9
1470 18474.7
1500 18689.1
1530 18900
1560 19107.7
1590 19312.1
1620 19513.5
1650 19711.9
1680 19907.4
1710 20100
1740 20289.8
1770 20476.9
1800 20661.5
1830 20843.4
1860 21022.9
1860 21022.9
