0 0
30 953.238
60 1906.48
90 2859.71
120 3812.95
150 4766.19
180 5719.43
210 6672.67
240 7625.97
270 8579.48
300 9533.58
330 10489
360 11446.7
390 12408.3
420 13375.3
450 14349.4
480 15332.1
510 16324.6
540 17327.8
570 18342.2
600 19368.1
630 20405.5
660 21454.4
690 22514.8
720 23586.4
750 24668.8
780 25761.8
810 26864.9
840 27977.9
870 29100.3
900 30231.8
930 31372
960 32520.6
990 33677.2
1020 34841.6
1050 36013.4
1080 37192.3
1110 38378.1
1140 39570.5
1170 40769.4
1200 41974.3
1230 43185.2
1260 44401.7
1290 45623.7
1320 46851.1
1350 48083.6
1380 49321
1410 50563.3
1440 51810.1
1470 53061.5
1500 54317.2
1530 55577.1
1560 56841.1
1590 58109
1620 59380.8
1650 60656.2
1680 61935.1
1710 63217.6
1740 64503.4
1770 65792.6
1800 67084.9
1830 68380.3
1860 69678.7
1860 69678.7
