0 0
30 546.762
60 1093.52
90 1640.29
120 2187.05
150 2733.81
180 3280.57
210 3827.33
240 4374.1
270 4920.86
300 5467.62
330 6014.38
360 6561.14
390 7107.85
420 7654.42
450 8200.63
480 8746.06
510 9290.1
540 9831.93
570 10370.7
600 10905.4
630 11435.2
660 11959.4
690 12477.2
720 12988.1
750 13491.7
780 13987.7
810 14475.9
840 14956.1
870 15428.5
900 15892.8
930 16349.2
960 16797.7
990 17238.4
1020 17671.5
1050 18097.1
1080 18515.3
1110 18926.4
1140 19330.4
1170 19727.4
1200 20117.7
1230 20501.4
1260 20878.7
1290 21249.8
1320 21614.8
1350 21973.9
1380 22327.2
1410 22674.8
1440 23017
1470 23353.9
1500 23685.6
1530 24012.2
1560 24333.9
1590 24650.9
1620 24963.1
1650 25270.8
1680 25574
1710 25873
1740 26167.7
1770 26458.4
1800 26745
1830 27027.7
1860 27306.6
1860 27306.6
