0 0
30 546.762
60 1093.52
90 1640.29
120 2187.05
150 2733.81
180 3280.57
210 3827.33
240 4374.1
270 4920.86
300 5467.62
330 6014.38
360 6561.14
390 7107.9
420 7654.65
450 8201.35
480 8747.9
510 9294.11
540 9839.63
570 10383.9
600 10926.2
630 11465.6
660 12001.4
690 12532.4
720 13057.9
750 13577.1
780 14089.4
810 14594.4
840 15091.7
870 15581.1
900 16062.5
930 16535.7
960 17000.9
990 17458.1
1020 17907.3
1050 18348.7
1080 18782.4
1110 19208.6
1140 19627.5
1170 20039.1
1200 20443.7
1230 20841.5
1260 21232.6
1290 21617.1
1320 21995.2
1350 22367.3
1380 22733.3
1410 23093.5
1440 23447.9
1470 23796.9
1500 24140.4
1530 24478.7
1560 24811.9
1590 25140
1620 25463.4
1650 25782
1680 26096
1710 26405.6
1740 26710.8
1770 27011.8
1800 27308.6
1830 27601.5
1860 27890.3
1860 27890.3
