0 0
30 546.762
60 1093.52
90 1640.29
120 2187.05
150 2733.81
180 3280.57
210 3827.33
240 4374.08
270 4920.75
300 5467.01
330 6012.16
360 6555.04
390 7094.1
420 7627.65
450 8154.17
480 8672.42
510 9181.46
540 9680.79
570 10170.1
600 10649.3
630 11118.3
660 11577.3
690 12026.6
720 12466.3
750 12896.4
780 13317.2
810 13729
840 14131.9
870 14526.2
900 14912.1
930 15289.9
960 15659.8
990 16022.1
1020 16377
1050 16724.7
1080 17065.4
1110 17399.4
1140 17727
1170 18048.3
1200 18363.5
1230 18672.8
1260 18976.4
1290 19274.5
1320 19567.2
1350 19854.7
1380 20137.2
1410 20414.8
1440 20687.7
1470 20956
1500 21219.9
1530 21479.5
1560 21734.8
1590 21986.2
1620 22233.5
1650 22477
1680 22716.8
1710 22953
1740 23185.6
1770 23414.8
1800 23640.7
1830 23863.3
1860 24082.7
1860 24082.7
