0 0
30 953.238
60 1906.48
90 2859.71
120 3812.95
150 4766.19
180 5719.43
210 6672.74
240 7626.4
270 8581.29
300 9539.09
330 10502
360 11472.5
390 12452.7
420 13444.2
450 14448
480 15464.7
510 16494.7
540 17537.6
570 18593.4
600 19661.5
630 20741.8
660 21833.7
690 22936.9
720 24050.7
750 25174.7
780 26308.6
810 27452
840 28604.3
870 29765.3
900 30934.4
930 32111.4
960 33296
990 34487.7
1020 35686.4
1050 36891.6
1080 38103.2
1110 39320.8
1140 40544.4
1170 41773.6
1200 43008.2
1230 44248.2
1260 45493.3
1290 46743.2
1320 47997.8
1350 49256.9
1380 50520.5
1410 51788.2
1440 53060.1
1470 54335.9
1500 55615.6
1530 56898.9
1560 58185.9
1590 59476.4
1620 60770.2
1650 62067.3
1680 63367.5
1710 64670.9
1740 65977.2
1770 67286.4
1800 68598.4
1830 69913.2
1860 71230.7
1860 71230.7
