0 0
30 953.238
60 1906.48
90 2859.71
120 3812.95
150 4766.19
180 5719.43
210 6672.67
240 7625.91
270 8579.2
300 9532.74
330 10487
360 11442.7
390 12401.1
420 13363.4
450 14331.1
480 15305.3
510 16287.1
540 17277.6
570 18277.2
600 19286.5
630 20305.8
660 21335.3
690 22375
720 23424.9
750 24485.3
780 25555.7
810 26636
840 27725.9
870 28825.1
900 29933.3
930 31050.3
960 32175.8
990 33309.5
1020 34451.1
1050 35600.3
1080 36756.9
1110 37920.5
1140 39091
1170 40268.1
1200 41451.5
1230 42641.1
1260 43836.6
1290 45037.8
1320 46244.7
1350 47456.8
1380 48674.2
1410 49896.6
1440 51123.8
1470 52355.8
1500 53592.3
1530 54833.3
1560 56078.5
1590 57328
1620 58581.4
1650 59838.7
1680 61099.9
1710 62364.7
1740 63633.2
1770 64905.1
1800 66180.4
1830 67459.1
1860 68740.9
1860 68740.9
