0 0
30 953.238
60 1906.48
90 2859.71
120 3812.95
150 4766.19
180 5719.43
210 6672.69
240 7626.13
270 8580.34
300 9536.58
330 10496.7
360 11462.8
390 12436.7
420 13419.9
450 14413.4
480 15417.9
510 16433.6
540 17460.9
570 18499.7
600 19549.6
630 20610.5
660 21682
690 22763.8
720 23855.7
750 24957.3
780 26068.3
810 27188.4
840 28317.3
870 29454.7
900 30600.2
930 31753.6
960 32914.6
990 34083
1020 35258.3
1050 36440.4
1080 37629
1110 38823.9
1140 40024.9
1170 41231.7
1200 42444.2
1230 43662.2
1260 44885.4
1290 46113.6
1320 47346.8
1350 48584.7
1380 49827.1
1410 51074
1440 52325.1
1470 53580.4
1500 54839.6
1530 56102.8
1560 57369.7
1590 58640.3
1620 59914.4
1650 61191.9
1680 62472.8
1710 63757
1740 65044.3
1770 66334.6
1800 67628
1830 68924.2
1860 70223.3
1860 70223.3
