0 0
30 546.762
60 1093.52
90 1640.29
120 2187.05
150 2733.81
180 3280.57
210 3827.33
240 4374.06
270 4920.49
300 5465.75
330 6008.08
360 6545.08
390 7074.32
420 7593.8
450 8102.07
480 8598.13
510 9081.58
540 9552.26
570 10010.3
600 10455.9
630 10889.6
660 11311.7
690 11722.7
720 12123
750 12513.2
780 12893.5
810 13264.4
840 13626.3
870 13979.7
900 14324.7
930 14661.9
960 14991.4
990 15313.6
1020 15628.8
1050 15937.4
1080 16239.6
1110 16535.6
1140 16825.7
1170 17110.1
1200 17389
1230 17662.6
1260 17931.1
1290 18194.6
1320 18453.4
1350 18707.7
1380 18957.5
1410 19203.1
1440 19444.6
1470 19682
1500 19915.6
1530 20145.4
1560 20371.6
1590 20594.2
1620 20813.4
1650 21029.2
1680 21241.8
1710 21451.3
1740 21657.7
1770 21861
1800 22061.5
1830 22259.1
1860 22454
1860 22454
