0 0
30 546.762
60 1093.52
90 1640.29
120 2187.05
150 2733.81
180 3280.52
210 3826.87
240 4371.92
270 4914.21
300 5451.95
330 5983.45
360 6507.26
390 7022.32
420 7527.84
450 8023.02
480 8507.3
510 8980.38
540 9442.07
570 9892.19
600 10330.8
630 10757.9
660 11173.9
690 11579
720 11973.4
750 12357.5
780 12731.7
810 13096.3
840 13451.7
870 13798.3
900 14136.5
930 14466.6
960 14788.9
990 15103.8
1020 15411.6
1050 15712.4
1080 16006.7
1110 16294.6
1140 16576.4
1170 16852.4
1200 17122.6
1230 17387.5
1260 17647.1
1290 17901.7
1320 18151.4
1350 18396.4
1380 18636.9
1410 18873
1440 19104.8
1470 19332.5
1500 19556.3
1530 19776.3
1560 19992.6
1590 20205.2
1620 20414.4
1650 20620.1
1680 20822.6
1710 21021.9
1740 21218.2
1770 21411.4
1800 21601.7
1830 21789.2
1860 21973.9
1860 21973.9
