0 0
30 953.238
60 1906.48
90 2859.71
120 3813.11
150 4767.64
180 5725.58
210 6689.88
240 7663.3
270 8648.06
300 9645.97
330 10658.3
360 11685.9
390 12729
420 13787.6
450 14861.3
480 15949.4
510 17051.3
540 18166
570 19293
600 20431.8
630 21581.8
660 22742.2
690 23912.5
720 25092.2
750 26280.7
780 27477.4
810 28682
840 29894
870 31113.2
900 32339
930 33571.4
960 34809.9
990 36054.4
1020 37304.4
1050 38560
1080 39820.6
1110 41086.2
1140 42356.6
1170 43631.5
1200 44910.9
1230 46194.5
1260 47482.2
1290 48773.8
1320 50069.2
1350 51368.2
1380 52670.8
1410 53976.8
1440 55286
1470 56598.5
1500 57913.9
1530 59232.4
1560 60553.7
1590 61877.8
1620 63204.6
1650 64534.1
1680 65866.1
1710 67200.5
1740 68537.4
1770 69876.7
1800 71218.2
1830 72561.9
1860 73907.7
1860 73907.7
