0 0
30 953.238
60 1906.48
90 2859.71
120 3812.95
150 4766.19
180 5719.43
210 6672.67
240 7625.91
270 8579.24
300 9532.95
330 10487.8
360 11444.9
390 12406.3
420 13374
450 14349.9
480 15335.9
510 16333.2
540 17342.7
570 18364.9
600 19399.8
630 20447.4
660 21507.4
690 22579.6
720 23663.6
750 24758.8
780 25865
810 26981.6
840 28108.1
870 29244.2
900 30389.4
930 31543.4
960 32705.6
990 33875.8
1020 35053.6
1050 36238.6
1080 37430.7
1110 38629.4
1140 39834.5
1170 41045.9
1200 42263.2
1230 43486.3
1260 44714.8
1290 45948.6
1320 47187.5
1350 48431.2
1380 49679.7
1410 50932.8
1440 52190.4
1470 53452.2
1500 54718.1
1530 55988
1560 57261.8
1590 58539.4
1620 59820.5
1650 61105.3
1680 62393.4
1710 63684.9
1740 64979.7
1770 66277.6
1800 67578.5
1830 68882.4
1860 70189.2
1860 70189.2
