0 0
30 953.238
60 1906.48
90 2859.71
120 3812.95
150 4766.19
180 5719.43
210 6672.67
240 7625.9
270 8579.14
300 9532.38
330 10485.6
360 11438.9
390 12392.2
420 13345.7
450 14299.6
480 15254.5
510 16211.1
540 17170.3
570 18133.2
600 19100.9
630 20074.4
660 21054.6
690 22042.3
720 23038.1
750 24042.5
780 25055.8
810 26078.1
840 27109.5
870 28150.1
900 29199.6
930 30258.1
960 31325.3
990 32401.2
1020 33485.4
1050 34577.9
1080 35678.2
1110 36786.2
1140 37901.7
1170 39024.4
1200 40154.1
1230 41290.6
1260 42433.6
1290 43583
1320 44738.5
1350 45900
1380 47067.2
1410 48240.1
1440 49418.3
1470 50601.8
1500 51790.4
1530 52984
1560 54182.3
1590 55385.4
1620 56592.9
1650 57804.8
1680 59021.1
1710 60241.5
1740 61466
1770 62694.5
1800 63926.8
1830 65162.9
1860 66402.8
1860 66402.8
