0 0
30 953.238
60 1906.48
90 2859.71
120 3812.95
150 4766.29
180 5720.38
210 6676.83
240 7637.95
270 8606.05
300 9583.09
330 10570.5
360 11569.5
390 12581
420 13605.5
450 14643.1
480 15693.8
510 16757.5
540 17833.7
570 18922.1
600 20022
630 21133.2
660 22255.1
690 23387.4
720 24529.6
750 25681.2
780 26841.9
810 28011
840 29188.2
870 30373.3
900 31565.8
930 32765.4
960 33971.8
990 35184.6
1020 36403.8
1050 37629
1080 38860
1110 40096.6
1140 41338.5
1170 42585.6
1200 43837.6
1230 45094.3
1260 46355.6
1290 47621.4
1320 48891.5
1350 50165.7
1380 51443.9
1410 52725.9
1440 54011.7
1470 55301.1
1500 56594
1530 57890.3
1560 59189.9
1590 60492.7
1620 61798.6
1650 63107.5
1680 64419.2
1710 65733.8
1740 67051.1
1770 68371
1800 69693.6
1830 71018.7
1860 72346.2
1860 72346.2
