0 0
30 953.238
60 1906.48
90 2859.75
120 3813.67
150 4770.8
180 5736.19
210 6715.25
240 7711.74
270 8727.39
300 9762.85
330 10817.9
360 11891.7
390 12983.2
420 14091.3
450 15214.7
480 16352.6
510 17503.7
540 18667.3
570 19842.7
600 21029.1
630 22225.8
660 23432.3
690 24647.8
720 25871.7
750 27103.6
780 28343.1
810 29589.7
840 30843
870 32102.7
900 33368.5
930 34639.9
960 35916.9
990 37199.2
1020 38486.4
1050 39778.4
1080 41075.1
1110 42376.1
1140 43681.2
1170 44990.4
1200 46303.5
1230 47620.3
1260 48940.6
1290 50264.4
1320 51591.5
1350 52921.8
1380 54255.2
1410 55591.5
1440 56930.7
1470 58272.7
1500 59617.4
1530 60964.6
1560 62314.4
1590 63666.6
1620 65021.2
1650 66378
1680 67737.1
1710 69098.4
1740 70461.7
1770 71827.1
1800 73194.5
1830 74563.7
1860 75934.9
1860 75934.9
