0 0
30 546.762
60 1093.52
90 1640.29
120 2186.99
150 2732.91
180 3275.71
210 3811.99
240 4338.54
270 4853.17
300 5354.8
330 5842.76
360 6317.07
390 6778.1
420 7226.38
450 7662.33
480 8086.39
510 8498.91
540 8900.29
570 9290.93
600 9671.21
630 10041.5
660 10402.2
690 10753.8
720 11096.5
750 11431
780 11757.3
810 12075.7
840 12386.6
870 12690.4
900 12987.3
930 13277.7
960 13561.8
990 13839.9
1020 14112.1
1050 14378.7
1080 14639.9
1110 14896
1140 15147.1
1170 15393.4
1200 15635
1230 15872.3
1260 16105.3
1290 16334.1
1320 16558.9
1350 16779.8
1380 16996.9
1410 17210.4
1440 17420.4
1470 17627
1500 17830.2
1530 18030.3
1560 18227.3
1590 18421.3
1620 18612.4
1650 18800.6
1680 18986.1
1710 19168.9
1740 19349.1
1770 19526.8
1800 19701.9
1830 19874.8
1860 20045.2
1860 20045.2
