0 0
30 953.238
60 1906.48
90 2859.71
120 3812.95
150 4766.19
180 5719.43
210 6672.67
240 7625.9
270 8579.14
300 9532.38
330 10485.6
360 11439
390 12392.5
420 13346.4
450 14301.3
480 15257.9
510 16216.9
540 17179.5
570 18146.4
600 19118.6
630 20097
660 21082.1
690 22074.4
720 23074.3
750 24082.3
780 25098.4
810 26122.7
840 27155.3
870 28196
900 29245
930 30302
960 31366.9
990 32439.7
1020 33520.1
1050 34608
1080 35703.4
1110 36805.9
1140 37915.4
1170 39031.9
1200 40155
1230 41284.8
1260 42421
1290 43563.5
1320 44712
1350 45866.4
1380 47026.6
1410 48192.4
1440 49363.5
1470 50539.8
1500 51721.3
1530 52907.8
1560 54099.1
1590 55295
1620 56495.6
1650 57700.5
1680 58909.7
1710 60123.2
1740 61340.8
1770 62562.4
1800 63787.9
1830 65017.2
1860 66250.1
1860 66250.1
