0 0
30 953.238
60 1906.48
90 2859.71
120 3812.95
150 4766.19
180 5719.43
210 6672.67
240 7625.91
270 8579.18
300 9532.61
330 10486.6
360 11441.8
390 12399.1
420 13359.8
450 14324.8
480 15295.1
510 16271.7
540 17255.4
570 18246.7
600 19246
630 20253.5
660 21269.7
690 22294.4
720 23327.8
750 24369.9
780 25420.6
810 26479.6
840 27546.9
870 28622.2
900 29705.3
930 30796.1
960 31894.4
990 32999.8
1020 34112.3
1050 35231.6
1080 36357.6
1110 37490
1140 38628.8
1170 39773.6
1200 40924.3
1230 42080.8
1260 43242.9
1290 44410.4
1320 45583.1
1350 46760.9
1380 47943.7
1410 49131.4
1440 50323.7
1470 51520.6
1500 52721.9
1530 53927.5
1560 55137.3
1590 56351.2
1620 57569
1650 58790.8
1680 60016.3
1710 61245.4
1740 62478.2
1770 63714.5
1800 64954.1
1830 66197.1
1860 67443.3
1860 67443.3
