0 0
30 953.238
60 1906.48
90 2859.71
120 3812.95
150 4766.19
180 5719.54
210 6673.68
240 7630.38
270 8592.28
300 9562.24
330 10542.7
360 11535.3
390 12541
420 13560.2
450 14593
480 15639.5
510 16699.3
540 17771.9
570 18856.7
600 19953.4
630 21061.4
660 22180.3
690 23309.7
720 24448.9
750 25597.4
780 26755
810 27921.1
840 29095.3
870 30277.3
900 31466.7
930 32663.1
960 33866.4
990 35076.1
1020 36292
1050 37513.8
1080 38741.3
1110 39974.3
1140 41212.6
1170 42455.9
1200 43704.2
1230 44957.3
1260 46214.9
1290 47476.9
1320 48743.2
1350 50013.6
1380 51288
1410 52566.3
1440 53848.2
1470 55133.8
1500 56422.8
1530 57715.3
1560 59011
1590 60309.9
1620 61611.9
1650 62916.9
1680 64224.8
1710 65535.5
1740 66849
1770 68165.1
1800 69483.7
1830 70805
1860 72128.6
1860 72128.6
