0 0
30 546.762
60 1093.52
90 1640.29
120 2187.05
150 2733.81
180 3280.56
210 3827.21
240 4373.4
270 4918.21
300 5459.96
330 5996.2
360 6524.2
390 7041.58
420 7546.46
450 8037.7
480 8514.77
510 8977.41
540 9425.85
570 9860.6
600 10282.2
630 10691
660 11087.7
690 11472.8
720 11846.8
750 12210.4
780 12563.9
810 12907.9
840 13242.9
870 13569.2
900 13887.2
930 14197.3
960 14499.7
990 14794.9
1020 15083.2
1050 15364.9
1080 15640.2
1110 15909.5
1140 16173
1170 16430.8
1200 16683.2
1230 16930.5
1260 17172.7
1290 17410.2
1320 17643.1
1350 17871.5
1380 18095.6
1410 18315.6
1440 18531.5
1470 18743.5
1500 18951.9
1530 19156.6
1560 19357.8
1590 19555.6
1620 19750.2
1650 19941.5
1680 20129.7
1710 20314.9
1740 20497.2
1770 20676.6
1800 20853.3
1830 21027.3
1860 21198.6
1860 21198.6
