0 0
30 953.238
60 1906.48
90 2859.71
120 3812.95
150 4766.19
180 5719.43
210 6672.67
240 7625.95
270 8579.51
300 9533.93
330 10490.2
360 11449.6
390 12413.3
420 13382.2
450 14357.3
480 15339.2
510 16328.7
540 17326
570 18331.7
600 19346
630 20369.1
660 21400.9
690 22441.7
720 23491.5
750 24550.1
780 25617.4
810 26693.3
840 27777.5
870 28869.9
900 29970.2
930 31078.2
960 32193.6
990 33316.3
1020 34445.9
1050 35582.5
1080 36725.6
1110 37875.1
1140 39031
1170 40192.9
1200 41360.6
1230 42534
1260 43712.9
1290 44897.1
1320 46086.5
1350 47280.9
1380 48480.1
1410 49684.1
1440 50892.7
1470 52105.8
1500 53323.2
1530 54544.8
1560 55770.4
1590 57000.1
1620 58233.6
1650 59470.9
1680 60711.9
1710 61956.4
1740 63204.4
1770 64455.8
1800 65710.6
1830 66968.5
1860 68229.7
1860 68229.7
