0 0
30 953.238
60 1906.48
90 2859.71
120 3812.95
150 4766.19
180 5719.43
210 6672.67
240 7625.9
270 8579.16
300 9532.53
330 10486.3
360 11441
390 12397.5
420 13356.8
450 14320.2
480 15288.8
510 16263.6
540 17245.3
570 18234.7
600 19232
630 20237.8
660 21252.2
690 22275.4
720 23307.4
750 24348.1
780 25397.5
810 26455.5
840 27522
870 28596.9
900 29679.9
930 30770.9
960 31869.8
990 32976.4
1020 34090.4
1050 35211.8
1080 36340.2
1110 37475.6
1140 38617.6
1170 39766.2
1200 40921
1230 42081.9
1260 43248.7
1290 44421.3
1320 45599.4
1350 46782.8
1380 47971.5
1410 49165.2
1440 50363.9
1470 51567.3
1500 52775.4
1530 53987.9
1560 55204.8
1590 56426.1
1620 57651.5
1650 58880.9
1680 60114.3
1710 61351.5
1740 62592.4
1770 63836.9
1800 65085
1830 66336.5
1860 67591.4
1860 67591.4
