0 0
30 953.238
60 1908.53
90 2880.02
120 3878.14
150 4903.86
180 5954.68
210 7028.2
240 8121.55
270 9232.35
300 10358.8
330 11499.2
360 12652
390 13816
420 14990.4
450 16174.3
480 17367.1
510 18568.5
540 19777.8
570 20994.8
600 22219.2
630 23450.6
660 24688.6
690 25933.1
720 27183.7
750 28440.2
780 29702.2
810 30969.6
840 32242.1
870 33519.6
900 34801.8
930 36088.4
960 37379.4
990 38674.6
1020 39973.7
1050 41276.8
1080 42583.5
1110 43893.8
1140 45207.5
1170 46524.5
1200 47844.8
1230 49168.1
1260 50494.4
1290 51823.5
1320 53155.5
1350 54490.2
1380 55827.5
1410 57167.3
1440 58509.6
1470 59854.3
1500 61201.2
1530 62550.5
1560 63901.9
1590 65255.4
1620 66611
1650 67968.6
1680 69328.2
1710 70689.7
1740 72053
1770 73418.1
1800 74784.9
1830 76153.5
1860 77523.8
1860 77523.8
