0 0
30 953.238
60 1906.48
90 2859.71
120 3812.95
150 4766.19
180 5719.43
210 6672.67
240 7626
270 8579.74
300 9534.73
330 10492.4
360 11454.6
390 12423.4
420 13400.3
450 14386.9
480 15383.9
510 16392.1
540 17411.8
570 18443.2
600 19486.2
630 20540.6
660 21606
690 22682.2
720 23768.6
750 24865
780 25971.2
810 27086.7
840 28211.2
870 29344.2
900 30485.4
930 31634.4
960 32791
990 33954.8
1020 35125.7
1050 36303.2
1080 37487.2
1110 38677.5
1140 39873.9
1170 41075.9
1200 42283.6
1230 43496.7
1260 44715
1290 45938.2
1320 47166.4
1350 48399.2
1380 49636.5
1410 50878.2
1440 52124.2
1470 53374.3
1500 54628.3
1530 55886.3
1560 57147.9
1590 58413.2
1620 59682
1650 60954.2
1680 62229.8
1710 63508.6
1740 64790.5
1770 66075.6
1800 67363.6
1830 68654.5
1860 69948.2
1860 69948.2
