0 0
30 546.762
60 1093.52
90 1640.29
120 2187.05
150 2733.81
180 3280.57
210 3827.28
240 4373.6
270 4918.55
300 5460.5
330 5997.63
360 6528.17
390 7050.7
420 7564.07
450 8067.4
480 8560.03
510 9041.54
540 9511.79
570 9970.83
600 10418.8
630 10856
660 11282.3
690 11698.3
720 12104.2
750 12500.3
780 12887
810 13264.6
840 13633.5
870 13993.9
900 14346.2
930 14690.7
960 15027.7
990 15357.3
1020 15680
1050 15996
1080 16305.5
1110 16608.7
1140 16905.8
1170 17197.1
1200 17482.8
1230 17763.1
1260 18038
1290 18307.9
1320 18572.9
1350 18833.1
1380 19088.8
1410 19340
1440 19586.9
1470 19829.6
1500 20068.3
1530 20303
1560 20534
1590 20761.2
1620 20984.8
1650 21205
1680 21421.8
1710 21635.2
1740 21845.5
1770 22052.7
1800 22256.9
1830 22458.1
1860 22656.5
1860 22656.5
