0 0
30 953.238
60 1906.48
90 2859.71
120 3812.95
150 4766.19
180 5719.43
210 6672.67
240 7625.92
270 8579.24
300 9532.81
330 10487
360 11442.3
390 12399.4
420 13359
450 14321.7
480 15288.4
510 16259.4
540 17235.4
570 18216.8
600 19204
630 20197.5
660 21197.6
690 22204.6
720 23218.8
750 24240.3
780 25269.4
810 26306.1
840 27350.4
870 28402.3
900 29461.9
930 30529.1
960 31603.6
990 32685.6
1020 33774.8
1050 34871.2
1080 35974.6
1110 37084.9
1140 38202
1170 39325.5
1200 40455.5
1230 41591.6
1260 42733.9
1290 43882.1
1320 45036
1350 46195.6
1380 47360.7
1410 48531.1
1440 49706.7
1470 50887.2
1500 52072.7
1530 53263
1560 54457.8
1590 55657.2
1620 56861
1650 58069
1680 59281.2
1710 60497.5
1740 61717.8
1770 62941.8
1800 64169.7
1830 65401.2
1860 66636.2
1860 66636.2
