0 0
30 546.762
60 1093.52
90 1640.29
120 2187.05
150 2733.81
180 3280.57
210 3827.3
240 4373.87
270 4919.91
300 5464.78
330 6007.54
360 6547.05
390 7082.11
420 7611.52
450 8134.18
480 8649.07
510 9155.44
540 9652.64
570 10140.2
600 10617.7
630 11085.2
660 11542.6
690 11989.8
720 12427
750 12854.5
780 13272.4
810 13681
840 14080.5
870 14471.3
900 14853.4
930 15227.3
960 15593.3
990 15951.5
1020 16302.2
1050 16645.9
1080 16982.5
1110 17312.3
1140 17635.6
1170 17952.7
1200 18263.6
1230 18568.7
1260 18868
1290 19161.9
1320 19450.6
1350 19734.1
1380 20012.7
1410 20286.6
1440 20555.8
1470 20820.6
1500 21081.1
1530 21337.3
1560 21589.5
1590 21837.7
1620 22082.1
1650 22322.7
1680 22559.7
1710 22793.3
1740 23023.4
1770 23250.2
1800 23473.7
1830 23694.2
1860 23911.5
1860 23911.5
