0 0
30 953.238
60 1906.48
90 2859.72
120 3813.17
150 4768
180 5726.69
210 6692.35
240 7667.98
270 8655.41
300 9655.66
330 10669.2
360 11696.1
390 12736.6
420 13790.4
450 14857.7
480 15938
510 17030.9
540 18136.1
570 19253
600 20380.9
630 21519.4
660 22668
690 23826.3
720 24993.8
750 26170.2
780 27354.8
810 28547.4
840 29747.5
870 30954.7
900 32168.8
930 33389.4
960 34616.3
990 35849.1
1020 37087.7
1050 38331.8
1080 39581
1110 40835.3
1140 42094.5
1170 43358.4
1200 44626.9
1230 45899.7
1260 47176.7
1290 48457.8
1320 49742.9
1350 51031.6
1380 52324.1
1410 53620
1440 54919.4
1470 56222
1500 57527.8
1530 58836.7
1560 60148.6
1590 61463.3
1620 62780.9
1650 64101.1
1680 65424
1710 66749.5
1740 68077.4
1770 69407.8
1800 70740.6
1830 72075.6
1860 73412.9
1860 73412.9
