0 0
30 953.238
60 1906.48
90 2859.71
120 3812.95
150 4766.19
180 5719.43
210 6672.67
240 7625.9
270 8579.14
300 9532.38
330 10485.6
360 11438.9
390 12392.1
420 13345.4
450 14299
480 15253
510 16208
540 17164.6
570 18123.5
600 19085.6
630 20051.7
660 21022.6
690 21999.1
720 22981.7
750 23970.8
780 24967
810 25970.6
840 26981.7
870 28000.5
900 29027.1
930 30061.4
960 31103.5
990 32153.4
1020 33211.1
1050 34276.5
1080 35349.3
1110 36429.5
1140 37517
1170 38611.6
1200 39713.1
1230 40821.4
1260 41936.2
1290 43057.5
1320 44185.1
1350 45318.8
1380 46458.4
1410 47603.8
1440 48754.8
1470 49911.3
1500 51073.1
1530 52240.1
1560 53412.1
1590 54589.1
1620 55770.9
1650 56957.3
1680 58148.4
1710 59343.9
1740 60543.8
1770 61747.9
1800 62956.1
1830 64168.3
1860 65384.4
1860 65384.4
