0 0
30 546.762
60 1093.52
90 1640.29
120 2187.05
150 2733.81
180 3280.57
210 3827.33
240 4374.1
270 4920.86
300 5467.62
330 6014.38
360 6561.14
390 7107.89
420 7654.58
450 8201.1
480 8747.19
510 9292.42
540 9836.1
570 10377.4
600 10915.3
630 11448.8
660 11977
690 12499
720 13014.1
750 13521.8
780 14021.7
810 14513.5
840 14997
870 15472.1
900 15938.8
930 16397
960 16847
990 17288.7
1020 17722.3
1050 18148.1
1080 18566.2
1110 18976.6
1140 19379.7
1170 19775.6
1200 20164.6
1230 20546.8
1260 20922.4
1290 21291.6
1320 21654.6
1350 22011.6
1380 22362.6
1410 22708
1440 23047.7
1470 23382.1
1500 23711.2
1530 24035.1
1560 24354.2
1590 24668.4
1620 24977.9
1650 25282.9
1680 25583.5
1710 25879.7
1740 26171.7
1770 26459.6
1800 26743.5
1830 27023.4
1860 27299.6
1860 27299.6
