0 0
30 953.238
60 1906.48
90 2859.71
120 3812.95
150 4766.19
180 5719.43
210 6672.67
240 7625.9
270 8579.14
300 9532.38
330 10485.6
360 11438.9
390 12392.1
420 13345.5
450 14299.1
480 15253.3
510 16208.7
540 17165.9
570 18125.9
600 19089.4
630 20057.4
660 21030.7
690 22010
720 22995.8
750 23988.8
780 24989.2
810 25997.4
840 27013.5
870 28037.7
900 29070
930 30110.4
960 31158.8
990 32215
1020 33279.1
1050 34350.9
1080 35430.1
1110 36516.8
1140 37610.6
1170 38711.4
1200 39819
1230 40933.3
1260 42054.1
1290 43181.1
1320 44314.3
1350 45453.4
1380 46598.3
1410 47748.9
1440 48905
1470 50066.5
1500 51233.1
1530 52404.9
1560 53581.7
1590 54763.2
1620 55949.4
1650 57140.3
1680 58335.5
1710 59535.1
1740 60738.9
1770 61946.7
1800 63158.6
1830 64374.5
1860 65594.3
1860 65594.3
