0 0
30 953.238
60 1906.48
90 2859.71
120 3812.95
150 4766.19
180 5719.43
210 6672.67
240 7625.9
270 8579.15
300 9532.41
330 10485.8
360 11439.3
390 12393.3
420 13348.2
450 14304.3
480 15262.4
510 16223
540 17187.2
570 18155.6
600 19129
630 20108.1
660 21093.5
690 22085.8
720 23085.3
750 24092.2
780 25106.8
810 26129.2
840 27159.5
870 28197.6
900 29243.6
930 30297.4
960 31358.8
990 32427.9
1020 33504.4
1050 34588.3
1080 35679.4
1110 36777.5
1140 37882.6
1170 38994.3
1200 40112.6
1230 41237.3
1260 42368.3
1290 43505.5
1320 44648.6
1350 45797.6
1380 46952.3
1410 48112.4
1440 49277.9
1470 50448.6
1500 51624.5
1530 52805.2
1560 53990.8
1590 55181
1620 56375.9
1650 57575.1
1680 58778.7
1710 59986.5
1740 61198.3
1770 62414.2
1800 63633.9
1830 64857.5
1860 66084.7
1860 66084.7
