0 0
30 953.238
60 1906.48
90 2859.71
120 3812.95
150 4766.19
180 5719.43
210 6672.7
240 7626.16
270 8580.2
300 9535.57
330 10493.2
360 11454.3
390 12419.8
420 13390.5
450 14367.3
480 15350.6
510 16340.8
540 17338.2
570 18342.9
600 19355
630 20374.7
660 21401.8
690 22436.3
720 23478.3
750 24527.7
780 25584.4
810 26648.2
840 27719.1
870 28796.8
900 29881.2
930 30972.4
960 32070.3
990 33174.6
1020 34285.3
1050 35402.3
1080 36525.3
1110 37654.3
1140 38789
1170 39929.3
1200 41075
1230 42226
1260 43382.2
1290 44543.5
1320 45709.6
1350 46880.5
1380 48056.1
1410 49236.2
1440 50420.8
1470 51609.8
1500 52802.9
1530 54000.2
1560 55201.5
1590 56406.7
1620 57615.6
1650 58828.4
1680 60044.8
1710 61264.7
1740 62488.2
1770 63715.1
1800 64945.4
1830 66178.8
1860 67415.4
1860 67415.4
