0 0
30 546.762
60 1093.52
90 1640.29
120 2187.05
150 2733.81
180 3280.57
210 3827.33
240 4374.09
270 4920.73
300 5466.8
330 6011.14
360 6551.84
390 7086.58
420 7613.23
450 8130.08
480 8636.02
510 9130.25
540 9612.34
570 10082.2
600 10540
630 10986
660 11420.4
690 11843.6
720 12256
750 12658.1
780 13050.2
810 13432.9
840 13806.4
870 14171.2
900 14527.7
930 14876
960 15216.5
990 15549.6
1020 15875.5
1050 16194.5
1080 16506.9
1110 16812.9
1140 17112.8
1170 17406.9
1200 17695.3
1230 17978.3
1260 18256
1290 18528.7
1320 18796.4
1350 19059.3
1380 19317.7
1410 19571.7
1440 19821.4
1470 20067
1500 20308.6
1530 20546.3
1560 20780.2
1590 21010.5
1620 21237.2
1650 21460.6
1680 21680.6
1710 21897.3
1740 22110.9
1770 22321.4
1800 22528.9
1830 22733.5
1860 22935.3
1860 22935.3
