0 0
30 953.238
60 1906.48
90 2859.71
120 3812.95
150 4766.2
180 5719.65
210 6673.99
240 7630.66
270 8591.62
300 9558.96
330 10534.6
360 11520
390 12516.4
420 13524.9
450 14545.8
480 15579.8
510 16627.1
540 17687.4
570 18760.8
600 19846.7
630 20944.7
660 22054.4
690 23175.3
720 24306.9
750 25448.7
780 26600.4
810 27761.5
840 28931.6
870 30110.3
900 31297.3
930 32492
960 33694.3
990 34903.7
1020 36119.9
1050 37342.6
1080 38571.5
1110 39806.4
1140 41047.2
1170 42293.4
1200 43545.1
1230 44801.8
1260 46063.5
1290 47330
1320 48601
1350 49876.5
1380 51156.3
1410 52440.1
1440 53727.8
1470 55019.4
1500 56314.7
1530 57613.6
1560 58915.9
1590 60221.6
1620 61530.6
1650 62842.7
1680 64157.9
1710 65476
1740 66797
1770 68120.8
1800 69447.4
1830 70776.6
1860 72108.3
1860 72108.3
