0 0
30 953.238
60 1906.48
90 2859.71
120 3812.95
150 4766.33
180 5720.8
210 6678.93
240 7644.22
270 8619.76
300 9607.55
330 10608.9
360 11625
390 12656
420 13702.1
450 14762.7
480 15837.4
510 16925.5
540 18026.5
570 19139.8
600 20264.5
630 21400.2
660 22546.2
690 23702
720 24867.3
750 26041.4
780 27224
810 28414.6
840 29613
870 30818.6
900 32031.2
930 33250.4
960 34476.1
990 35707.8
1020 36945.4
1050 38188.6
1080 39437.2
1110 40691
1140 41949.6
1170 43212.9
1200 44480.9
1230 45753.3
1260 47029.9
1290 48310.6
1320 49595.3
1350 50883.7
1380 52175.9
1410 53471.6
1440 54770.7
1470 56073.2
1500 57378.8
1530 58687.7
1560 59999.5
1590 61314.3
1620 62632
1650 63952.4
1680 65275.5
1710 66601.2
1740 67929.4
1770 69260.2
1800 70593.3
1830 71928.7
1860 73266.4
1860 73266.4
