0 0
30 546.762
60 1093.52
90 1640.29
120 2187.05
150 2733.78
180 3280.09
210 3824.54
240 4364.65
270 4897.76
300 5421.66
330 5935.1
360 6437.68
390 6929.51
420 7410.97
450 7882.47
480 8344.47
510 8797.35
540 9241.34
570 9676.74
600 10103.8
630 10522.6
660 10933.5
690 11336.4
720 11731.4
750 12118.8
780 12498.5
810 12870.9
840 13236
870 13594.2
900 13945.5
930 14290.2
960 14628.4
990 14960.3
1020 15286
1050 15605.8
1080 15919.9
1110 16228.3
1140 16531.3
1170 16829
1200 17121.7
1230 17409.5
1260 17692.5
1290 17970.8
1320 18244.6
1350 18514
1380 18779.1
1410 19040.2
1440 19297.1
1470 19550.2
1500 19799.4
1530 20045
1560 20286.9
1590 20525.4
1620 20760.4
1650 20992.1
1680 21220.7
1710 21446.1
1740 21668.5
1770 21887.9
1800 22104.3
1830 22318
1860 22528.9
1860 22528.9
