0 0
30 546.762
60 1093.52
90 1640.29
120 2187.05
150 2733.81
180 3280.57
210 3827.33
240 4374.1
270 4920.86
300 5467.62
330 6014.36
360 6561.05
390 7107.54
420 7653.56
450 8198.65
480 8742.1
510 9283.05
540 9820.55
570 10353.6
600 10881.4
630 11403
660 11917.9
690 12425.6
720 12925.7
750 13417.7
780 13901.6
810 14377.3
840 14844.7
870 15304
900 15755
930 16198
960 16633.1
990 17060.3
1020 17479.9
1050 17892
1080 18296.6
1110 18694.1
1140 19084.6
1170 19468.1
1200 19845
1230 20215.2
1260 20579
1290 20936.5
1320 21288
1350 21633.6
1380 21973.4
1410 22307.6
1440 22636.5
1470 22960.2
1500 23278.7
1530 23592.2
1560 23900.9
1590 24205
1620 24504.5
1650 24799.5
1680 25090.3
1710 25376.8
1740 25659.2
1770 25937.6
1800 26212.1
1830 26482.8
1860 26749.9
1860 26749.9
