0 0
30 546.762
60 1093.52
90 1640.29
120 2187.05
150 2733.81
180 3280.57
210 3827.33
240 4374.07
270 4920.6
300 5466.41
330 6010.59
360 6551.95
390 7089.41
420 7621.98
450 8148.91
480 8669.67
510 9183.92
540 9691.33
570 10191.7
600 10684.8
630 11170.4
660 11648.4
690 12118.6
720 12581.1
750 13035.8
780 13482.7
810 13921.8
840 14353.1
870 14776.9
900 15193.3
930 15602.4
960 16004.3
990 16399.4
1020 16787.7
1050 17169.4
1080 17544.6
1110 17913.6
1140 18276.5
1170 18633.4
1200 18984.5
1230 19330
1260 19670
1290 20004.5
1320 20333.9
1350 20658.3
1380 20977.8
1410 21292.5
1440 21602.5
1470 21908.1
1500 22209.2
1530 22506
1560 22798.6
1590 23087.2
1620 23371.8
1650 23652.5
1680 23929.5
1710 24202.8
1740 24472.6
1770 24738.8
1800 25001.6
1830 25261
1860 25517.2
1860 25517.2
