0 0
30 546.762
60 1093.52
90 1640.29
120 2187.05
150 2733.81
180 3280.57
210 3827.33
240 4374.03
270 4920.4
300 5465.71
330 6008.72
360 6547.86
390 7081.58
420 7608.57
450 8127.67
480 8638.14
510 9139.53
540 9631.47
570 10113.8
600 10586.3
630 11049.2
660 11502.4
690 11946.2
720 12380.6
750 12806
780 13222.5
810 13630.2
840 14029.4
870 14420.4
900 14803.3
930 15178.3
960 15545.8
990 15906
1020 16259
1050 16605.1
1080 16944.5
1110 17277.5
1140 17604.2
1170 17924.8
1200 18239.6
1230 18548.6
1260 18852.2
1290 19150.3
1320 19443.3
1350 19731.3
1380 20014.4
1410 20292.9
1440 20566.7
1470 20836.2
1500 21101.3
1530 21362.3
1560 21619.2
1590 21872.1
1620 22121.3
1650 22366.6
1680 22608.3
1710 22846.5
1740 23081.3
1770 23312.6
1800 23540.8
1830 23765.7
1860 23987.5
1860 23987.5
