0 0
30 546.762
60 1093.52
90 1640.29
120 2187.05
150 2733.81
180 3280.57
210 3827.33
240 4374.1
270 4920.86
300 5467.61
330 6014.29
360 6560.7
390 7106.41
420 7650.72
450 8192.67
480 8731.17
510 9265.11
540 9793.4
570 10315.1
600 10829.6
630 11336.2
660 11834.7
690 12324.8
720 12806.3
750 13279.1
780 13743.2
810 14198.7
840 14645.8
870 15084.5
900 15515.1
930 15937.7
960 16352.4
990 16759.6
1020 17159.3
1050 17551.9
1080 17937.5
1110 18316.3
1140 18688.4
1170 19054.3
1200 19413.9
1230 19767.5
1260 20115.3
1290 20457.5
1320 20794.1
1350 21125.2
1380 21451.2
1410 21772.1
1440 22088.1
1470 22399.3
1500 22705.9
1530 23007.9
1560 23305.6
1590 23599
1620 23888.2
1650 24173.4
1680 24454.6
1710 24732.1
1740 25005.7
1770 25275.7
1800 25542.2
1830 25805.1
1860 26064.7
1860 26064.7
