0 0
30 546.762
60 1093.52
90 1640.29
120 2187.05
150 2733.81
180 3280.57
210 3827.33
240 4374.1
270 4920.86
300 5467.6
330 6014.18
360 6560.19
390 7104.73
420 7646.43
450 8183.63
480 8714.72
510 9238.21
540 9753
570 10258.3
600 10753.6
630 11238.6
660 11713.3
690 12177.7
720 12632
750 13076.4
780 13511
810 13936.1
840 14351.9
870 14758.7
900 15156.8
930 15546.4
960 15927.8
990 16301.3
1020 16667.2
1050 17025.7
1080 17376.9
1110 17721.3
1140 18059
1170 18390.2
1200 18715.1
1230 19033.9
1260 19346.8
1290 19654
1320 19955.8
1350 20252.2
1380 20543.4
1410 20829.7
1440 21111
1470 21387.6
1500 21659.7
1530 21927.4
1560 22190.7
1590 22449.9
1620 22705
1650 22956.1
1680 23203.4
1710 23447
1740 23687
1770 23923.4
1800 24156.4
1830 24386
1860 24612.4
1860 24612.4
