0 0
30 953.238
60 1906.48
90 2859.71
120 3813.01
150 4767.09
180 5724.29
210 6688.01
240 7661.46
270 8646.83
300 9645.2
330 10657.2
360 11682.9
390 12721.9
420 13773.6
450 14837.7
480 15913.6
510 17001.1
540 18099.7
570 19209.1
600 20328.8
630 21458.5
660 22597.8
690 23746.2
720 24903.5
750 26069
780 27242.7
810 28424.3
840 29613.4
870 30809.6
900 32012.7
930 33222.3
960 34438.2
990 35660.1
1020 36887.9
1050 38121.3
1080 39360.1
1110 40604
1140 41852.9
1170 43106.6
1200 44365
1230 45627.7
1260 46894.7
1290 48165.9
1320 49441.1
1350 50720.2
1380 52003.1
1410 53289.6
1440 54579.6
1470 55873
1500 57169.8
1530 58469.7
1560 59772.7
1590 61078.7
1620 62387.6
1650 63699.4
1680 65013.9
1710 66331.1
1740 67650.9
1770 68973.2
1800 70298.1
1830 71625.2
1860 72954.8
1860 72954.8
