0 0
30 546.762
60 1093.52
90 1640.29
120 2187.05
150 2733.8
180 3280.35
210 3826.01
240 4369.34
270 4908.38
300 5441.04
330 5965.43
360 6479.99
390 6983.55
420 7475.12
450 7954.18
480 8420.19
510 8872.95
540 9312.57
570 9739.22
600 10153.3
630 10555.3
660 10945.6
690 11324.7
720 11693.1
750 12051.3
780 12399.6
810 12738.5
840 13068.4
870 13389.7
900 13702.7
930 14008
960 14305.7
990 14596.3
1020 14880.1
1050 15157.4
1080 15428.5
1110 15693.6
1140 15952.8
1170 16206.6
1200 16454.9
1230 16698.2
1260 16936.5
1290 17170
1320 17399
1350 17623.5
1380 17843.8
1410 18059.9
1440 18272.2
1470 18480.6
1500 18685.3
1530 18886.5
1560 19084.1
1590 19278.4
1620 19469.5
1650 19657.3
1680 19842.1
1710 20024
1740 20203
1770 20379.2
1800 20552.6
1830 20723.4
1860 20891.7
1860 20891.7
