0 0
30 953.238
60 1906.48
90 2859.71
120 3812.95
150 4766.19
180 5719.44
210 6672.83
240 7627.01
270 8583.56
300 9544.82
330 10513.4
360 11491.8
390 12481.9
420 13484.9
450 14501.7
480 15532.6
510 16577.9
540 17637.4
570 18710.8
600 19797.6
630 20897.1
660 22008.8
690 23132.2
720 24266.6
750 25411.8
780 26567.1
810 27732.1
840 28906.3
870 30089.1
900 31280.2
930 32479.3
960 33686.1
990 34900
1020 36120.9
1050 37348.4
1080 38582.2
1110 39822.2
1140 41067.9
1170 42319.3
1200 43576
1230 44838
1260 46105
1290 47376.8
1320 48653.2
1350 49934
1380 51219.1
1410 52508.3
1440 53801.6
1470 55098.6
1500 56399.4
1530 57703.7
1560 59011.4
1590 60322.5
1620 61636.8
1650 62954.3
1680 64274.8
1710 65598.1
1740 66924.4
1770 68253.3
1800 69585
1830 70919.2
1860 72255.9
1860 72255.9
