0 0
30 953.238
60 1906.48
90 2859.71
120 3812.95
150 4766.19
180 5719.43
210 6672.67
240 7625.98
270 8579.63
300 9534.32
330 10491.2
360 11451.6
390 12417.1
420 13389.1
450 14368.8
480 15357.4
510 16355.4
540 17363.5
570 18381.9
600 19410.9
630 20450.5
660 21500.6
690 22561
720 23631.4
750 24711.6
780 25801.2
810 26899.9
840 28007.4
870 29123.6
900 30248
930 31380.4
960 32520.5
990 33667.8
1020 34822.2
1050 35983.4
1080 37151.1
1110 38325.2
1140 39505.5
1170 40691.6
1200 41883.5
1230 43080.9
1260 44283.6
1290 45491.6
1320 46704.5
1350 47922.2
1380 49144.6
1410 50371.5
1440 51602.9
1470 52838.5
1500 54078.3
1530 55322
1560 56569.7
1590 57821.2
1620 59076.3
1650 60335
1680 61597.2
1710 62862.8
1740 64131.6
1770 65403.7
1800 66678.9
1830 67957.1
1860 69238.2
1860 69238.2
