0 0
30 546.762
60 1093.52
90 1640.29
120 2187.05
150 2733.81
180 3280.57
210 3827.29
240 4373.6
270 4918.32
300 5459.31
330 5994.04
360 6520.31
390 7036.73
420 7542.56
450 8037.26
480 8520.68
510 8992.97
540 9454.15
570 9904.43
600 10344.1
630 10773.5
660 11192.9
690 11602.8
720 12003.3
750 12394.8
780 12777.5
810 13151.7
840 13517.8
870 13876.1
900 14226.8
930 14570.1
960 14906.4
990 15235.8
1020 15558.7
1050 15875.2
1080 16185.6
1110 16490.1
1140 16788.9
1170 17082.1
1200 17370
1230 17652.6
1260 17930.1
1290 18202.8
1320 18470.7
1350 18734
1380 18992.9
1410 19247.5
1440 19497.9
1470 19744.2
1500 19986.6
1530 20225.2
1560 20460.1
1590 20691.3
1620 20919.1
1650 21143.4
1680 21364.4
1710 21582.2
1740 21796.8
1770 22008.4
1800 22217
1830 22422.8
1860 22625.7
1860 22625.7
