0 0
30 953.238
60 1906.48
90 2859.71
120 3812.95
150 4766.19
180 5719.43
210 6672.67
240 7625.9
270 8579.14
300 9532.38
330 10485.6
360 11439
390 12392.7
420 13347.2
450 14303.5
480 15262.6
510 16225.7
540 17193.7
570 18167.4
600 19147.6
630 20134.6
660 21128.8
690 22130.5
720 23139.9
750 24157.2
780 25182.5
810 26216
840 27257.6
870 28307.3
900 29364.9
930 30430.5
960 31504
990 32585.2
1020 33674
1050 34770.3
1080 35873.8
1110 36984.4
1140 38102
1170 39226.3
1200 40357.2
1230 41494.4
1260 42638
1290 43787.5
1320 44942.9
1350 46104
1380 47270.7
1410 48442.8
1440 49620.2
1470 50802.6
1500 51989.9
1530 53182.1
1560 54378.9
1590 55580.4
1620 56786.3
1650 57996.5
1680 59210.9
1710 60429.4
1740 61651.9
1770 62878.3
1800 64108.4
1830 65342.2
1860 66579.5
1860 66579.5
