0 0
30 953.238
60 1906.48
90 2859.71
120 3812.95
150 4766.19
180 5719.43
210 6672.67
240 7625.9
270 8579.14
300 9532.38
330 10485.7
360 11439.1
390 12393.1
420 13348.3
450 14305.8
480 15266.5
510 16231.8
540 17202.4
570 18179.4
600 19163.6
630 20155.7
660 21156.2
690 22165.5
720 23184
750 24211.9
780 25249.2
810 26295.8
840 27351.7
870 28416.7
900 29490.7
930 30573.7
960 31665.2
990 32765.2
1020 33873.3
1050 34989.2
1080 36112.8
1110 37243.6
1140 38381.7
1170 39526.7
1200 40678.4
1230 41836.5
1260 43000.9
1290 44171.2
1320 45347.5
1350 46529.4
1380 47716.8
1410 48909.6
1440 50107.6
1470 51310.6
1500 52518.4
1530 53730.8
1560 54947.9
1590 56169.3
1620 57395.1
1650 58625.1
1680 59859.1
1710 61097
1740 62338.8
1770 63584.4
1800 64833.6
1830 66086.4
1860 67342.6
1860 67342.6
