0 0
30 546.762
60 1093.52
90 1640.29
120 2187.05
150 2733.81
180 3280.57
210 3827.33
240 4374.1
270 4920.86
300 5467.62
330 6014.38
360 6561.13
390 7107.83
420 7654.33
450 8200.38
480 8745.47
510 9288.89
540 9829.69
570 10366.8
600 10899.1
630 11425.6
660 11945.4
690 12457.7
720 12961.9
750 13457.5
780 13944.2
810 14421.9
840 14890.5
870 15349.9
900 15800.4
930 16241.9
960 16674.7
990 17098.8
1020 17514.6
1050 17922.1
1080 18321.8
1110 18713.8
1140 19098.3
1170 19475.6
1200 19845.9
1230 20209.4
1260 20566.4
1290 20917
1320 21261.5
1350 21600
1380 21932.8
1410 22259.9
1440 22581.7
1470 22898.2
1500 23209.6
1530 23516
1560 23817.7
1590 24114.6
1620 24407.1
1650 24695.2
1680 24978.9
1710 25258.5
1740 25534
1770 25805.5
1800 26073.2
1830 26337.1
1860 26597.2
1860 26597.2
