0 0
30 546.762
60 1093.52
90 1640.29
120 2187.05
150 2733.81
180 3280.57
210 3827.22
240 4373.21
270 4917.17
300 5457.08
330 5990.79
360 6516.48
390 7032.69
420 7538.35
450 8032.86
480 8516.01
510 8987.43
540 9447.05
570 9895.05
600 10331.7
630 10757.3
660 11172.2
690 11576.8
720 11971.5
750 12356.6
780 12732.5
810 13099.5
840 13457.8
870 13807.9
900 14150.1
930 14484.7
960 14812
990 15132.5
1020 15446.2
1050 15753.4
1080 16054.5
1110 16349.5
1140 16638.9
1170 16922.7
1200 17201.1
1230 17474.4
1260 17742.7
1290 18006.2
1320 18265.1
1350 18519.5
1380 18769.6
1410 19015.5
1440 19257.4
1470 19495.2
1500 19729.3
1530 19959.6
1560 20186.3
1590 20409.6
1620 20629.4
1650 20846
1680 21059.3
1710 21269.6
1740 21476.8
1770 21681.2
1800 21882.6
1830 22081.3
1860 22277.3
1860 22277.3
