0 0
30 546.762
60 1093.52
90 1640.29
120 2186.89
150 2732.32
180 3274.23
210 3809.57
240 4335.68
270 4850.64
300 5353.25
330 5842.72
360 6318.49
390 6780.25
420 7227.82
450 7661.29
480 8081.04
510 8487.64
540 8881.7
570 9263.68
600 9634.25
630 9993.93
660 10343.2
690 10682.7
720 11012.8
750 11334
780 11646.8
810 11951.6
840 12248.8
870 12538.9
900 12822.1
930 13098.7
960 13369.1
990 13633.5
1020 13892.1
1050 14145.4
1080 14393.4
1110 14636.3
1140 14874.4
1170 15107.7
1200 15336.6
1230 15561
1260 15781.3
1290 15997.5
1320 16209.8
1350 16418.3
1380 16623.3
1410 16824.7
1440 17022.7
1470 17217.5
1500 17409.1
1530 17597.7
1560 17783.2
1590 17965.9
1620 18145.7
1650 18322.9
1680 18497.4
1710 18669.4
1740 18838.9
1770 19005.9
1800 19170.7
1830 19333.1
1860 19493.3
1860 19493.3
