0 0
30 953.238
60 1906.48
90 2859.71
120 3812.95
150 4766.19
180 5719.46
210 6673.01
240 7627.74
270 8585.27
300 9547.46
330 10516
360 11492.1
390 12476.7
420 13470.3
450 14473.7
480 15487.2
510 16510.8
540 17544.7
570 18588.9
600 19643.1
630 20707.2
660 21781.3
690 22864.8
720 23957.6
750 25059.4
780 26169.9
810 27288.8
840 28415.9
870 29550.9
900 30693.5
930 31843.4
960 33000.3
990 34164.1
1020 35334.3
1050 36510.9
1080 37693.5
1110 38882
1140 40076.2
1170 41275.9
1200 42480.9
1230 43691.1
1260 44906.3
1290 46126.3
1320 47351
1350 48580.3
1380 49814
1410 51051.9
1440 52293.9
1470 53539.9
1500 54789.9
1530 56043.5
1560 57300.8
1590 58561.7
1620 59826.1
1650 61093.8
1680 62364.8
1710 63639
1740 64916.2
1770 66196.5
1800 67479.7
1830 68765.8
1860 70054.7
1860 70054.7
