0 0
30 953.238
60 1906.48
90 2859.71
120 3812.95
150 4766.19
180 5719.43
210 6672.67
240 7625.91
270 8579.21
300 9532.9
330 10487.7
360 11444.9
390 12405.8
420 13372
450 14344.4
480 15324.2
510 16312.2
540 17308.8
570 18314.5
600 19329.7
630 20354.5
660 21389.2
690 22433.7
720 23488
750 24552.2
780 25626.2
810 26709.8
840 27802.9
870 28905.3
900 30016.9
930 31137.3
960 32266.2
990 33403.4
1020 34548.7
1050 35701.7
1080 36862.2
1110 38029.9
1140 39204.6
1170 40386
1200 41574
1230 42768.3
1260 43968.6
1290 45174.7
1320 46386.6
1350 47603.9
1380 48826.5
1410 50054.1
1440 51286.7
1470 52523.9
1500 53765.8
1530 55012
1560 56262.6
1590 57517.3
1620 58776.1
1650 60038.7
1680 61305.2
1710 62575.3
1740 63848.9
1770 65125.9
1800 66406.4
1830 67690
1860 68976.9
1860 68976.9
