0 0
30 546.762
60 1093.52
90 1640.25
120 2186.49
150 2730.76
180 3269.67
210 3798.42
240 4312.79
270 4810.23
300 5289.21
330 5749.3
360 6190.99
390 6615.19
420 7022.82
450 7414.84
480 7792.34
510 8156.18
540 8507.04
570 8845.75
600 9173.14
630 9489.97
660 9796.88
690 10094.3
720 10383
750 10663.3
780 10935.8
810 11200.8
840 11458.7
870 11710.1
900 11955.1
930 12194.2
960 12427.5
990 12655.4
1020 12878.2
1050 13095.9
1080 13308.9
1110 13517.3
1140 13721.3
1170 13921.1
1200 14116.9
1230 14308.8
1260 14496.9
1290 14681.5
1320 14862.6
1350 15040.4
1380 15215
1410 15386.5
1440 15555
1470 15720.5
1500 15883.3
1530 16043.4
1560 16200.8
1590 16355.7
1620 16508.1
1650 16658.1
1680 16805.8
1710 16951.2
1740 17094.5
1770 17235.6
1800 17374.6
1830 17511.6
1860 17646.7
1860 17646.7
