0 0
30 953.238
60 1906.48
90 2859.71
120 3812.95
150 4766.19
180 5719.43
210 6672.67
240 7625.9
270 8579.14
300 9532.38
330 10485.6
360 11438.9
390 12392.1
420 13345.4
450 14298.9
480 15252.8
510 16207.6
540 17163.9
570 18122.6
600 19084.7
630 20051.2
660 21023
690 22001
720 22985.9
750 23978.2
780 24978.3
810 25986.5
840 27003
870 28027.9
900 29061.2
930 30103
960 31153
990 32211.3
1020 33277.7
1050 34351.9
1080 35433.8
1110 36523.4
1140 37620.3
1170 38724.4
1200 39835.4
1230 40953.2
1260 42077.6
1290 43208.4
1320 44345.4
1350 45488.4
1380 46637.4
1410 47792
1440 48952.3
1470 50117.9
1500 51288.8
1530 52464.9
1560 53645.8
1590 54831.6
1620 56022.1
1650 57217.1
1680 58416.5
1710 59620.3
1740 60828.3
1770 62040.4
1800 63256.5
1830 64476.6
1860 65700.4
1860 65700.4
