0 0
30 953.238
60 1906.48
90 2859.71
120 3812.95
150 4766.19
180 5719.43
210 6672.67
240 7625.92
270 8579.26
300 9532.99
330 10487.8
360 11445
390 12406
420 13372.5
450 14345.9
480 15327.8
510 16319
540 17320.4
570 18332.3
600 19355
630 20388.5
660 21432.7
690 22487.6
720 23552.8
750 24628.2
780 25713.5
810 26808.3
840 27912.4
870 29025.4
900 30147
930 31277
960 32414.9
990 33560.5
1020 34713.6
1050 35873.9
1080 37041.1
1110 38215
1140 39395.3
1170 40582
1200 41774.7
1230 42973.2
1260 44177.3
1290 45386.8
1320 46601.6
1350 47821.4
1380 49046.1
1410 50275.5
1440 51509.5
1470 52748
1500 53990.7
1530 55237.6
1560 56488.5
1590 57743.3
1620 59001.9
1650 60264.2
1680 61530.1
1710 62799.4
1740 64072.1
1770 65348.1
1800 66627.4
1830 67909.7
1860 69195.1
1860 69195.1
