0 0
30 546.762
60 1093.52
90 1640.29
120 2187.05
150 2733.81
180 3280.57
210 3827.33
240 4374.08
270 4920.74
300 5467.01
330 6012.15
360 6555
390 7094.01
420 7627.54
450 8154.06
480 8672.24
510 9181.01
540 9679.64
570 10167.7
600 10645
630 11111.5
660 11567.3
690 12012.4
720 12447.2
750 12871.8
780 13286.5
810 13691.7
840 14087.6
870 14474.6
900 14853
930 15223
960 15585.1
990 15939.5
1020 16286.4
1050 16626.1
1080 16958.9
1110 17285
1140 17604.7
1170 17918
1200 18225.3
1230 18526.8
1260 18822.7
1290 19113.2
1320 19398.4
1350 19678.6
1380 19953.9
1410 20224.5
1440 20490.5
1470 20752
1500 21009.3
1530 21262.4
1560 21511.5
1590 21756.7
1620 21998.1
1650 22235.8
1680 22469.9
1710 22700.6
1740 22927.9
1770 23151.9
1800 23372.6
1830 23590.3
1860 23804.9
1860 23804.9
