0 0
30 953.238
60 1906.48
90 2859.71
120 3812.95
150 4766.19
180 5719.44
210 6672.88
240 7627.17
270 8583.7
300 9544.16
330 10510.3
360 11483.5
390 12464.8
420 13454.6
450 14453.4
480 15461.1
510 16477.9
540 17504
570 18539.5
600 19584.4
630 20638.6
660 21702.3
690 22775.4
720 23857.7
750 24949.1
780 26049.4
810 27158.4
840 28275.9
870 29401.7
900 30535.6
930 31677.5
960 32826.9
990 33983.8
1020 35147.8
1050 36318.7
1080 37496.2
1110 38680.1
1140 39870.3
1170 41066.5
1200 42268.5
1230 43476.2
1260 44689.4
1290 45907.8
1320 47131.4
1350 48359.9
1380 49593.2
1410 50831.2
1440 52073.6
1470 53320.4
1500 54571.4
1530 55826.5
1560 57085.5
1590 58348.4
1620 59615
1650 60885.3
1680 62159.1
1710 63436.3
1740 64716.9
1770 66000.6
1800 67287.5
1830 68577.4
1860 69870.4
1860 69870.4
