0 0
30 546.762
60 1093.52
90 1640.29
120 2187.05
150 2733.81
180 3280.55
210 3827.1
240 4372.9
270 4916.89
300 5457.61
330 5993.47
360 6522.92
390 7044.61
420 7557.24
450 8059.82
480 8551.57
510 9031.98
540 9500.69
570 9957.55
600 10402.5
630 10835.7
660 11257.5
690 11667.9
720 12067.6
750 12456.7
780 12835.8
810 13205.1
840 13565.2
870 13916.2
900 14258.6
930 14592.8
960 14919.1
990 15237.9
1020 15549.5
1050 15854.1
1080 16152.1
1110 16443.6
1140 16729
1170 17008.5
1200 17282.3
1230 17550.5
1260 17813.4
1290 18071.2
1320 18324
1350 18572
1380 18815.4
1410 19054.4
1440 19289.1
1470 19519.7
1500 19746.2
1530 19968.9
1560 20187.8
1590 20403.1
1620 20614.7
1650 20823
1680 21027.9
1710 21229.6
1740 21428.1
1770 21623.6
1800 21816.1
1830 22005.8
1860 22192.6
1860 22192.6
