0 0
30 546.762
60 1093.52
90 1640.29
120 2187.05
150 2733.81
180 3280.57
210 3827.33
240 4374.09
270 4920.8
300 5467.26
330 6013.03
360 6557.28
390 7098.9
420 7636.58
450 8168.94
480 8694.74
510 9212.86
540 9722.44
570 10222.8
600 10713.5
630 11194.2
660 11664.7
690 12125
720 12575.1
750 13014.7
780 13444.3
810 13864
840 14274.1
870 14674.9
900 15066.7
930 15449.7
960 15824.2
990 16190.5
1020 16548.9
1050 16899.7
1080 17243.1
1110 17579.5
1140 17909
1170 18231.9
1200 18548.5
1230 18858.9
1260 19163.4
1290 19462.2
1320 19755.3
1350 20043.2
1380 20325.8
1410 20603.4
1440 20876.1
1470 21144.2
1500 21407.7
1530 21666.7
1560 21921.5
1590 22172
1620 22418.6
1650 22661.3
1680 22900.1
1710 23135.3
1740 23366.8
1770 23594.9
1800 23819.6
1830 24040.9
1860 24259.1
1860 24259.1
