0 0
30 953.238
60 1906.48
90 2859.71
120 3812.95
150 4766.19
180 5719.43
210 6672.67
240 7625.9
270 8579.14
300 9532.38
330 10485.6
360 11438.9
390 12392.2
420 13345.7
450 14299.6
480 15254.5
510 16210.9
540 17169.6
570 18131.2
600 19096.6
630 20066.3
660 21041.1
690 22021.4
720 23007.9
750 24000.9
780 25001
810 26008.2
840 27022.9
870 28045.1
900 29074.9
930 30112.2
960 31157.1
990 32209.6
1020 33269.5
1050 34336.8
1080 35411.4
1110 36493.1
1140 37581.7
1170 38677.1
1200 39779.3
1230 40888
1260 42003.1
1290 43124.4
1320 44251.8
1350 45385.1
1380 46524.2
1410 47668.9
1440 48819.2
1470 49974.8
1500 51135.6
1530 52301.6
1560 53472.5
1590 54648.2
1620 55828.7
1650 57013.7
1680 58203.2
1710 59397
1740 60595.1
1770 61797.4
1800 63003.7
1830 64213.9
1860 65427.9
1860 65427.9
