0 0
30 953.238
60 1906.48
90 2859.71
120 3812.95
150 4766.19
180 5719.43
210 6672.67
240 7625.9
270 8579.14
300 9532.39
330 10485.7
360 11439.3
390 12393.4
420 13348.7
450 14306
480 15266.1
510 16230
540 17198.7
570 18172.8
600 19153
630 20140
660 21134.1
690 22135.6
720 23145
750 24162.2
780 25187.5
810 26220.9
840 27262.2
870 28311.6
900 29368.9
930 30434
960 31506.7
990 32587
1020 33674.9
1050 34770.1
1080 35872.6
1110 36982
1140 38098.3
1170 39221.3
1200 40350.8
1230 41486.5
1260 42628.5
1290 43776.5
1320 44930.3
1350 46089.8
1380 47254.7
1410 48424.9
1440 49600.4
1470 50780.8
1500 51966.1
1530 53156.1
1560 54350.8
1590 55550
1620 56753.6
1650 57961.5
1680 59173.5
1710 60389.7
1740 61609.7
1770 62833.6
1800 64061.2
1830 65292.5
1860 66527.4
1860 66527.4
