0 0
30 546.762
60 1093.52
90 1640.29
120 2187.05
150 2733.81
180 3280.57
210 3827.33
240 4374.08
270 4920.74
300 5467.03
330 6012.28
360 6555.28
390 7094.27
420 7627.1
450 8151.64
480 8666.09
510 9169.07
540 9659.73
570 10137.5
600 10602.3
630 11054.3
660 11493.5
690 11920.4
720 12335.3
750 12738.9
780 13131.6
810 13513.8
840 13886.1
870 14248.8
900 14602.3
930 14947.3
960 15283.9
990 15612.7
1020 15933.8
1050 16247.7
1080 16554.5
1110 16854.6
1140 17148.3
1170 17435.9
1200 17717.5
1230 17993.6
1260 18264.1
1290 18529.2
1320 18789.3
1350 19044.5
1380 19294.9
1410 19540.8
1440 19782.2
1470 20019.4
1500 20252.5
1530 20481.6
1560 20706.9
1590 20928.5
1620 21146.4
1650 21360.8
1680 21571.9
1710 21779.6
1740 21984.2
1770 22185.6
1800 22384
1830 22579.4
1860 22771.9
1860 22771.9
