0 0
30 546.762
60 1093.52
90 1640.29
120 2187.05
150 2733.75
180 3279.97
210 3824.6
240 4365.93
270 4902.06
300 5431.26
330 5951.94
360 6462.9
390 6963.17
420 7452.17
450 7929.36
480 8394.49
510 8847.42
540 9288.12
570 9716.7
600 10133.3
630 10538.2
660 10931.8
690 11314.3
720 11686.4
750 12048.3
780 12400.6
810 12743.6
840 13077.7
870 13403.5
900 13721.2
930 14031.1
960 14333.7
990 14629.1
1020 14917.6
1050 15199.6
1080 15475.5
1110 15745.2
1140 16009.2
1170 16267.6
1200 16520.6
1230 16768.4
1260 17011.3
1290 17249.5
1320 17483
1350 17712.2
1380 17937
1410 18157.7
1440 18374.4
1470 18587.2
1500 18796.3
1530 19001.8
1560 19203.9
1590 19402.5
1620 19597.9
1650 19790
1680 19979.1
1710 20165.2
1740 20348.3
1770 20528.6
1800 20706.2
1830 20881
1860 21053.3
1860 21053.3
