0 0
30 546.762
60 1093.52
90 1640.29
120 2187.05
150 2733.81
180 3280.57
210 3827.33
240 4374.08
270 4920.71
300 5466.85
330 6011.73
360 6554.19
390 7092.83
420 7626.24
450 8153.13
480 8672.46
510 9183.47
540 9685.58
570 10178.3
600 10661.4
630 11134.6
660 11598
690 12051.7
720 12495.8
750 12930.6
780 13356.3
810 13773.2
840 14181.6
870 14581.6
900 14973.7
930 15357.9
960 15734.7
990 16104.2
1020 16466.6
1050 16822.1
1080 17171
1110 17513.5
1140 17849.9
1170 18180.3
1200 18505
1230 18824.1
1260 19137.8
1290 19446.2
1320 19749.6
1350 20048
1380 20341.7
1410 20630.8
1440 20915.4
1470 21195.6
1500 21471.6
1530 21743.4
1560 22011.2
1590 22275.1
1620 22535.3
1650 22791.7
1680 23044.5
1710 23293.8
1740 23539.6
1770 23782.2
1800 24021.5
1830 24257.6
1860 24490.7
1860 24490.7
