0 0
30 546.762
60 1093.52
90 1640.29
120 2187.05
150 2733.63
180 3278.76
210 3819.46
240 4352.36
270 4874.98
300 5385.45
330 5883.12
360 6367.97
390 6840.19
420 7300.13
450 7748.31
480 8185.28
510 8611.58
540 9027.78
570 9434.32
600 9831.6
630 10220
660 10599.8
690 10971.6
720 11335.4
750 11691.8
780 12041.1
810 12383.4
840 12719
870 13048.2
900 13371.3
930 13688.3
960 13999.5
990 14305.1
1020 14605.3
1050 14900.3
1080 15190.1
1110 15475
1140 15755.1
1170 16030.5
1200 16301.3
1230 16567.9
1260 16830.1
1290 17088.2
1320 17342.2
1350 17592.4
1380 17838.9
1410 18081.6
1440 18320.7
1470 18556.4
1500 18788.6
1530 19017.5
1560 19243.3
1590 19465.9
1620 19685.5
1650 19902
1680 20115.7
1710 20326.6
1740 20534.7
1770 20740.1
1800 20942.8
1830 21143.1
1860 21340.8
1860 21340.8
