0 0
30 953.238
60 1906.48
90 2859.71
120 3812.95
150 4766.26
180 5720.2
210 6676.28
240 7636.83
270 8604.41
300 9581.16
330 10568.7
360 11568.2
390 12580.1
420 13604.6
450 14641.2
480 15689.9
510 16750.4
540 17822.1
570 18904.6
600 19997.4
630 21100
660 22212.1
690 23333.4
720 24463.4
750 25601.6
780 26748
810 27902.1
840 29063.8
870 30232.8
900 31408.9
930 32591.8
960 33781.2
990 34977
1020 36178.9
1050 37386.7
1080 38600.1
1110 39819.1
1140 41043.4
1170 42272.9
1200 43507.4
1230 44746.8
1260 45990.9
1290 47239.5
1320 48492.6
1350 49749.9
1380 51011.3
1410 52276.7
1440 53546.1
1470 54819.2
1500 56096
1530 57376.3
1560 58660.1
1590 59947.3
1620 61237.7
1650 62531.3
1680 63827.9
1710 65127.6
1740 66430.2
1770 67735.6
1800 69043.8
1830 70354.6
1860 71668.1
1860 71668.1
