0 0
30 546.762
60 1093.52
90 1640.29
120 2186.83
150 2730.94
180 3267.53
210 3790.75
240 4296.56
270 4782.74
300 5248.86
330 5695.31
360 6122.82
390 6532.47
420 6925.54
450 7303.17
480 7666.47
510 8016.41
540 8353.87
570 8679.71
600 8994.69
630 9299.59
660 9595.09
690 9881.78
720 10160
750 10430.4
780 10693.2
810 10949
840 11198
870 11440.8
900 11677.6
930 11908.7
960 12134.3
990 12354.7
1020 12570.2
1050 12781
1080 12987.3
1110 13189.2
1140 13387
1170 13580.7
1200 13770.7
1230 13956.9
1260 14139.6
1290 14318.8
1320 14494.8
1350 14667.5
1380 14837.1
1410 15003.7
1440 15167.5
1470 15328.4
1500 15486.7
1530 15642.4
1560 15795.5
1590 15946.2
1620 16094.5
1650 16240.5
1680 16384.3
1710 16525.9
1740 16665.5
1770 16802.9
1800 16938.4
1830 17072
1860 17203.6
1860 17203.6
