0 0
30 953.238
60 1906.48
90 2859.71
120 3812.95
150 4766.19
180 5719.43
210 6672.67
240 7625.9
270 8579.17
300 9532.55
330 10486.4
360 11441.3
390 12398.1
420 13358.1
450 14322.3
480 15291.8
510 16267.8
540 17250.9
570 18242
600 19241.5
630 20249.7
660 21266.7
690 22292.6
720 23327.5
750 24371.3
780 25423.8
810 26485
840 27554.6
870 28632.5
900 29718.4
930 30812.1
960 31913.4
990 33022.2
1020 34138.2
1050 35261.1
1080 36390.7
1110 37526.9
1140 38669.5
1170 39818.2
1200 40972.8
1230 42133.2
1260 43299.3
1290 44470.8
1320 45647.7
1350 46829.7
1380 48016.8
1410 49208.7
1440 50405.4
1470 51606.6
1500 52812.3
1530 54022.4
1560 55236.6
1590 56455
1620 57677.3
1650 58903.6
1680 60133.6
1710 61367.3
1740 62604.6
1770 63845.4
1800 65089.6
1830 66337.2
1860 67587.9
1860 67587.9
