0 0
30 546.762
60 1093.52
90 1640.29
120 2187.05
150 2733.76
180 3280.08
210 3824.93
240 4366.43
270 4902.4
300 5430.85
330 5950.05
360 6458.8
390 6956.2
420 7441.67
450 7914.86
480 8375.68
510 8824.2
540 9260.59
570 9685.15
600 10098.3
630 10500.4
660 10891.8
690 11273
720 11644.6
750 12006.7
780 12359.8
810 12704.4
840 13040.7
870 13369.1
900 13690
930 14003.7
960 14310.4
990 14610.5
1020 14904.3
1050 15192
1080 15473.9
1110 15750.2
1140 16021
1170 16286.7
1200 16547.4
1230 16803.3
1260 17054.6
1290 17301.4
1320 17544
1350 17782.3
1380 18016.5
1410 18246.8
1440 18473.2
1470 18696
1500 18915.2
1530 19130.9
1560 19343.3
1590 19552.4
1620 19758.3
1650 19961.1
1680 20161
1710 20358
1740 20552.1
1770 20743.6
1800 20932.3
1830 21118.5
1860 21302.1
1860 21302.1
