0 0
30 546.762
60 1093.52
90 1640.29
120 2187.05
150 2733.81
180 3280.57
210 3827.33
240 4374.02
270 4920.48
300 5466.2
330 6010.1
360 6550.45
390 7085.04
420 7611.64
450 8128.3
480 8633.43
510 9125.76
540 9604.7
570 10070.1
600 10521.9
630 10960.3
660 11385.7
690 11798.6
720 12199.6
750 12589
780 12967.3
810 13335.1
840 13692.8
870 14040.9
900 14379.8
930 14710
960 15031.9
990 15345.8
1020 15652.1
1050 15951.1
1080 16243.2
1110 16528.6
1140 16807.7
1170 17080.7
1200 17347.9
1230 17609.4
1260 17865.6
1290 18116.5
1320 18362.4
1350 18603.5
1380 18840
1410 19072
1440 19299.7
1470 19523.1
1500 19742.5
1530 19958
1560 20169.6
1590 20377.6
1620 20582.1
1650 20783.2
1680 20980.9
1710 21175.3
1740 21366.7
1770 21555
1800 21740.3
1830 21922.7
1860 22102.3
1860 22102.3
