0 0
30 953.238
60 1906.48
90 2859.71
120 3812.95
150 4766.21
180 5719.82
210 6675.18
240 7635.02
270 8602.33
300 9579.45
330 10568
360 11568.8
390 12582.6
420 13609.8
450 14650.5
480 15704.4
510 16771.2
540 17850.3
570 18941.5
600 20044.2
630 21158
660 22282.2
690 23416.4
720 24560.2
750 25713.1
780 26874.8
810 28044.8
840 29222.7
870 30408.3
900 31601
930 32800.8
960 34007.1
990 35219.9
1020 36438.8
1050 37663.5
1080 38893.9
1110 40129.7
1140 41370.8
1170 42616.8
1200 43867.7
1230 45123.2
1260 46383.2
1290 47647.5
1320 48916.1
1350 50188.6
1380 51465
1410 52745.3
1440 54029.2
1470 55316.6
1500 56607.5
1530 57901.6
1560 59199
1590 60499.6
1620 61803.1
1650 63109.6
1680 64418.9
1710 65731
1740 67045.9
1770 68363.3
1800 69683.4
1830 71005.9
1860 72330.9
1860 72330.9
