168			

0
3.00000000e+01
6.00000000e+01
9.00000000e+01
1.20000000e+02
1.50000000e+02
1.80000000e+02
2.10000000e+02
2.40000000e+02
2.70000000e+02
3.00000000e+02
3.30000000e+02
3.60000000e+02
3.90000000e+02
4.20000000e+02
4.50000000e+02
4.80000000e+02
5.10000000e+02
5.40000000e+02
5.70000000e+02
6.00000000e+02
6.30000000e+02
6.60000000e+02
6.90000000e+02
7.20000000e+02
7.50000000e+02
7.80000000e+02
8.10000000e+02
8.40000000e+02
8.70000000e+02
9.00000000e+02
9.30000000e+02
9.60000000e+02
9.90000000e+02
1.02000000e+03
1.05000000e+03
1.08000000e+03
1.11000000e+03
1.14000000e+03
1.17000000e+03
1.20000000e+03
1.23000000e+03
1.26000000e+03
1.29000000e+03
1.32000000e+03
1.35000000e+03
1.38000000e+03
1.41000000e+03
1.44000000e+03
1.47000000e+03
1.50000000e+03
1.53000000e+03
1.56000000e+03
1.59000000e+03
1.62000000e+03
1.65000000e+03
1.68000000e+03
1.71000000e+03
1.74000000e+03
1.77000000e+03
1.80000000e+03
1.83000000e+03
1.86000000e+03
1.89000000e+03
1.92000000e+03
1.95000000e+03
1.98000000e+03
2.03000000e+03
2.06000000e+03
2.09000000e+03
2.12000000e+03
2.15000000e+03
2.18000000e+03
2.21000000e+03
2.24000000e+03
2.27000000e+03
2.30000000e+03
2.33000000e+03
2.36000000e+03
2.39000000e+03
2.42000000e+03
2.45000000e+03
2.48000000e+03
2.51000000e+03
2.54000000e+03
2.57000000e+03
2.60000000e+03
2.63000000e+03
2.66000000e+03
2.69000000e+03
2.72000000e+03
2.75000000e+03
2.78000000e+03
2.81000000e+03
2.84000000e+03
2.87000000e+03
2.90000000e+03
2.93000000e+03
2.96000000e+03
2.99000000e+03
3.02000000e+03
3.05000000e+03
3.08000000e+03
3.11000000e+03
3.14000000e+03
3.17000000e+03
3.20000000e+03
3.23000000e+03
3.26000000e+03
3.29000000e+03
3.32000000e+03
3.35000000e+03
3.38000000e+03
3.41000000e+03
3.44000000e+03
3.47000000e+03
3.50000000e+03
3.53000000e+03
3.56000000e+03
3.59000000e+03
3.62000000e+03
3.65000000e+03
3.68000000e+03
3.71000000e+03
3.74000000e+03
3.77000000e+03
3.80000000e+03
3.83000000e+03
3.86000000e+03
3.89000000e+03
3.92000000e+03
3.95000000e+03
3.98000000e+03
4.01000000e+03
4.04000000e+03
4.07000000e+03
4.10000000e+03
4.13000000e+03
4.16000000e+03
4.19000000e+03
4.22000000e+03
4.25000000e+03
4.28000000e+03
4.31000000e+03
4.34000000e+03
4.37000000e+03
4.40000000e+03
4.43000000e+03
4.46000000e+03
4.49000000e+03
4.52000000e+03
4.55000000e+03
4.58000000e+03
4.61000000e+03
4.64000000e+03
4.67000000e+03
4.70000000e+03
4.73000000e+03
4.76000000e+03
4.79000000e+03
4.82000000e+03
4.85000000e+03
4.88000000e+03
4.91000000e+03
4.94000000e+03
4.97000000e+03
5.00000000e+03
5.03000000e+03
