0 0
30 765.468
60 1530.94
90 2296.4
120 3061.87
150 3827.34
180 4592.81
210 5358.27
240 6123.6
270 6888.26
300 7650.87
330 8409.2
360 9160.63
390 9902.78
420 10633.7
450 11352.3
480 12057.9
510 12750.1
540 13428.8
570 14094.2
600 14746.8
630 15386.9
660 16015.1
690 16631.5
720 17236.8
750 17831.2
780 18415.1
810 18988.7
840 19552.3
870 20105.9
900 20649.8
930 21184.1
960 21709
990 22224.6
1020 22731.1
1050 23228.7
1080 23717.5
1110 24197.7
1140 24669.6
1170 25133.3
1200 25589.1
1230 26037.2
1260 26477.8
1290 26911
1320 27337.1
1350 27756.2
1380 28168.5
1410 28574.3
1440 28973.7
1470 29366.9
1500 29754
1530 30135.2
1560 30510.6
1590 30880.4
1620 31244.8
1650 31603.9
1680 31957.9
1710 32306.8
1740 32650.8
1770 32990.1
1800 33324.6
1830 33654.7
1860 33980.3
1860 33980.3
