0 0
30 765.468
60 1530.94
90 2296.4
120 3061.87
150 3827.34
180 4592.81
210 5358.27
240 6123.72
270 6889.04
300 7653.92
330 8417.7
360 9179.25
390 9937
420 10689.1
450 11433.6
480 12168.7
510 12892.8
540 13604.5
570 14302.8
600 14986.9
630 15656.5
660 16311.4
690 16951.4
720 17576.7
750 18187.5
780 18783.9
810 19366.4
840 19935.3
870 20490.9
900 21033.9
930 21564.5
960 22083.2
990 22590.4
1020 23086.5
1050 23571.8
1080 24046.9
1110 24512
1140 24967.6
1170 25414.1
1200 25851.6
1230 26280.5
1260 26701.3
1290 27114
1320 27519
1350 27916.6
1380 28307
1410 28690.5
1440 29067.2
1470 29437.4
1500 29801.2
1530 30159
1560 30510.9
1590 30857.1
1620 31197.7
1650 31532.9
1680 31863
1710 32187.9
1740 32507.9
1770 32823.1
1800 33133.6
1830 33439.6
1860 33741.1
1860 33741.1
