0 0
30 1334.53
60 2669.06
90 4003.6
120 5338.13
150 6672.66
180 8007.19
210 9341.72
240 10676.3
270 12010.8
300 13345.5
330 14680.5
360 16016.7
390 17355.2
420 18697.7
450 20046
480 21402.3
510 22768.2
540 24145.5
570 25535.5
600 26938.8
630 28356.6
660 29789.1
690 31236.4
720 32698.6
750 34175.4
780 35666.6
810 37172
840 38691.1
870 40223.5
900 41768.7
930 43326.4
960 44896.2
990 46477.8
1020 48070.6
1050 49674.3
1080 51288.5
1110 52912.8
1140 54546.9
1170 56190.3
1200 57842.7
1230 59503.9
1260 61173.5
1290 62851.2
1320 64536.7
1350 66229.8
1380 67930.3
1410 69638
1440 71352.7
1470 73074
1500 74801.9
1530 76536.2
1560 78276.5
1590 80022.9
1620 81775
1650 83532.7
1680 85295.9
1710 87064.3
1740 88837.9
1770 90616.4
1800 92399.8
1830 94187.8
1860 95980.5
1860 95980.5
