0 0
30 765.468
60 1530.94
90 2296.4
120 3061.87
150 3827.34
180 4592.81
210 5358.28
240 6123.74
270 6889.21
300 7654.67
330 8420.1
360 9185.37
390 9950.15
420 10713.8
450 11475.1
480 12232.6
510 12984.6
540 13729.5
570 14465.7
600 15191.8
630 15906.8
660 16609.9
690 17300.4
720 17978.1
750 18642.7
780 19294.2
810 19932.5
840 20557.8
870 21170.3
900 21770.2
930 22357.8
960 22933.3
990 23497.2
1020 24049.6
1050 24591.1
1080 25121.8
1110 25642.3
1140 26152.7
1170 26653.3
1200 27144.5
1230 27626.6
1260 28099.8
1290 28564.5
1320 29020.9
1350 29469.2
1380 29909.7
1410 30342.6
1440 30768.2
1470 31186.8
1500 31598.5
1530 32003.6
1560 32402.2
1590 32794.6
1620 33180.8
1650 33561
1680 33935.5
1710 34304.3
1740 34667.7
1770 35025.7
1800 35378.6
1830 35726.4
1860 36069.4
1860 36069.4
