0 0
30 1334.53
60 2669.06
90 4003.6
120 5338.13
150 6672.66
180 8007.19
210 9341.72
240 10676.3
270 12010.8
300 13345.4
330 14680
360 16015.1
390 17351.3
420 18689.5
450 20031.3
480 21378.4
510 22732.7
540 24096
570 25469.9
600 26855.5
630 28253.8
660 29665.6
690 31091.2
720 32530.9
750 33984.5
780 35452
810 36933.1
840 38427.6
870 39935.2
900 41455.7
930 42988.6
960 44533.6
990 46090.3
1020 47658.5
1050 49237.7
1080 50827.5
1110 52427.6
1140 54037.8
1170 55657.5
1200 57286.4
1230 58924.3
1260 60570.9
1290 62225.7
1320 63888.6
1350 65559.3
1380 67237.5
1410 68922.9
1440 70615.4
1470 72314.7
1500 74020.6
1530 75732.9
1560 77451.6
1590 79176.2
1620 80906.8
1650 82643.1
1680 84385
1710 86132.3
1740 87884.9
1770 89642.6
1800 91405.2
1830 93172.7
1860 94944.8
1860 94944.8
