0 0
30 1334.53
60 2669.06
90 4003.6
120 5338.13
150 6672.66
180 8007.19
210 9341.72
240 10676.3
270 12010.8
300 13345.3
330 14679.9
360 16014.7
390 17350.1
420 18686.7
450 20025.9
480 21369.1
510 22718.3
540 24075.4
570 25442
600 26819.6
630 28209.3
660 29612
690 31028.2
720 32458.2
750 33902.2
780 35360
810 36831.6
840 38316.6
870 39814.9
900 41326.2
930 42850
960 44386.1
990 45934
1020 47493.2
1050 49063.5
1080 50644.5
1110 52235.9
1140 53837.4
1170 55448.6
1200 57069.1
1230 58698.7
1260 60337.1
1290 61983.9
1320 63638.9
1350 65301.9
1380 66972.5
1410 68650.7
1440 70336
1470 72028.3
1500 73727.4
1530 75433.1
1560 77145.2
1590 78863.5
1620 80587.8
1650 82317.9
1680 84053.7
1710 85795
1740 87541.6
1770 89293.5
1800 91050.4
1830 92812.4
1860 94579.1
1860 94579.1
