0 0
30 1334.53
60 2669.06
90 4003.6
120 5338.13
150 6672.66
180 8007.24
210 9342.27
240 10679.2
270 12020.4
300 13368.6
330 14725.8
360 16093.5
390 17472.3
420 18862.3
450 20263.5
480 21675.5
510 23098.1
540 24530.9
570 25973.5
600 27425.6
630 28886.9
660 30357.1
690 31836
720 33323.3
750 34819
780 36323
810 37835.2
840 39355.7
870 40884.4
900 42421.4
930 43966.7
960 45520.3
990 47082.3
1020 48652.5
1050 50231
1080 51817.7
1110 53412.5
1140 55015.2
1170 56625.8
1200 58244.1
1230 59869.9
1260 61503.2
1290 63143.7
1320 64791.4
1350 66446
1380 68107.5
1410 69775.6
1440 71450.2
1470 73131.1
1500 74818.2
1530 76511.2
1560 78210.2
1590 79915
1620 81625.3
1650 83341.2
1680 85062.4
1710 86788.8
1740 88520.2
1770 90256.7
1800 91998
1830 93744
1860 95494.7
1860 95494.7
