0 0
30 1334.53
60 2669.06
90 4003.6
120 5338.13
150 6672.66
180 8007.19
210 9341.73
240 10676.4
270 12011.7
300 13348.7
330 14689.1
360 16034.9
390 17387.9
420 18749.8
450 20122.1
480 21505.7
510 22901.5
540 24310.2
570 25732.2
600 27167.7
630 28616.7
660 30079.2
690 31555.4
720 33045
750 34547.9
780 36063.7
810 37592.3
840 39133.3
870 40686.4
900 42251.3
930 43827.7
960 45415.2
990 47013.5
1020 48622.2
1050 50241
1080 51869.6
1110 53507.6
1140 55154.7
1170 56810.7
1200 58475.1
1230 60147.8
1260 61828.5
1290 63517
1320 65212.9
1350 66916.1
1380 68626.3
1410 70343.2
1440 72066.7
1470 73796.6
1500 75532.5
1530 77274.5
1560 79022.2
1590 80775.6
1620 82534.5
1650 84298.6
1680 86067.9
1710 87842.3
1740 89621.4
1770 91405.4
1800 93193.9
1830 94986.9
1860 96784.3
1860 96784.3
