0 0
30 1334.53
60 2669.06
90 4003.6
120 5338.13
150 6672.67
180 8007.37
210 9342.76
240 10679.9
270 12020.3
300 13365.4
330 14716.7
360 16075.3
390 17442.2
420 18818
450 20203.5
480 21599.2
510 23005.6
540 24423.1
570 25852
600 27292.8
630 28745.4
660 30210
690 31686.7
720 33175.4
750 34676.2
780 36188.9
810 37713.2
840 39248.9
870 40795.9
900 42353.7
930 43922.1
960 45500.8
990 47089.4
1020 48687.8
1050 50295.6
1080 51912.4
1110 53538.1
1140 55172.4
1170 56814.8
1200 58465.3
1230 60123.6
1260 61789.4
1290 63462.6
1320 65142.8
1350 66830
1380 68523.8
1410 70224.1
1440 71930.7
1470 73643.4
1500 75362.1
1530 77086.5
1560 78816.4
1590 80551.8
1620 82292.5
1650 84038.2
1680 85789
1710 87544.6
1740 89304.9
1770 91069.7
1800 92839
1830 94612.7
1860 96390.6
1860 96390.6
