0 0
30 1334.53
60 2669.06
90 4003.6
120 5338.13
150 6672.66
180 8007.2
210 9341.91
240 10677.6
270 12016.4
300 13361.3
330 14715.5
360 16081.9
390 17462.2
420 18857.6
450 20268.8
480 21695.7
510 23138.6
540 24597
570 26070.3
600 27558
630 29059.7
660 30574.6
690 32102.2
720 33642
750 35193.4
780 36755.8
810 38328.7
840 39911.7
870 41504.3
900 43106.1
930 44716.6
960 46335.6
990 47962.5
1020 49597.2
1050 51239.3
1080 52888.5
1110 54544.5
1140 56207.2
1170 57876.2
1200 59551.5
1230 61232.7
1260 62919.9
1290 64612.8
1320 66311.2
1350 68014.9
1380 69724
1410 71438.2
1440 73157.5
1470 74881.7
1500 76610.7
1530 78344.3
1560 80082.6
1590 81825.4
1620 83572.5
1650 85324
1680 87079.7
1710 88839.5
1740 90603.3
1770 92371.1
1800 94142.7
1830 95918.2
1860 97697.4
1860 97697.4
