0 0
30 1334.53
60 2669.06
90 4003.94
120 5342.13
150 6688.96
180 8048.77
210 9423.99
240 10815.3
270 12222.6
300 13645.3
330 15082.9
360 16534.8
390 18000
420 19477.8
450 20967.4
480 22468.3
510 23980.1
540 25502.6
570 27035.6
600 28578.9
630 30132.4
660 31696
690 33269.7
720 34853.4
750 36447
780 38050.3
810 39663.1
840 41285.4
870 42916.8
900 44557.3
930 46206.5
960 47864.2
990 49530.2
1020 51204.4
1050 52886.4
1080 54576.1
1110 56273.1
1140 57977.4
1170 59688.6
1200 61406.6
1230 63131.1
1260 64862.1
1290 66599.2
1320 68342.3
1350 70091.3
1380 71845.9
1410 73606
1440 75371.5
1470 77142.1
1500 78917.7
1530 80698.1
1560 82483.4
1590 84273.2
1620 86067.4
1650 87866.1
1680 89668.9
1710 91475.8
1740 93286.7
1770 95101.6
1800 96920.2
1830 98742.6
1860 100569
1860 100569
