0 0
30 765.468
60 1530.94
90 2296.4
120 3061.84
150 3826.88
180 4590.16
210 5349.3
240 6101.64
270 6844.89
300 7577.47
330 8298.36
360 9007.05
390 9703.39
420 10387.5
450 11059.8
480 11720.8
510 12370.9
540 13010.4
570 13639.8
600 14259.4
630 14869.5
660 15470.4
690 16062.1
720 16644.6
750 17218
780 17782.6
810 18338.2
840 18884.9
870 19422.8
900 19952.1
930 20472.8
960 20985.1
990 21489.2
1020 21985.2
1050 22473.1
1080 22953.3
1110 23425.9
1140 23891
1170 24348.8
1200 24799.4
1230 25243.1
1260 25680.1
1290 26110.5
1320 26534.5
1350 26952.3
1380 27364
1410 27769.7
1440 28169.6
1470 28563.9
1500 28952.7
1530 29336.1
1560 29714.3
1590 30087.4
1620 30455.5
1650 30818.8
1680 31177.3
1710 31531.3
1740 31880.7
1770 32225.8
1800 32566.6
1830 32903.3
1860 33235.9
1860 33235.9
