0 0
30 1334.53
60 2669.06
90 4003.6
120 5338.24
150 6674.35
180 8016.26
210 9369.62
240 10738.6
270 12125.2
300 13530.4
330 14954.3
360 16397.1
390 17858.2
420 19337.2
450 20833.2
480 22345.8
510 23874.4
540 25418.1
570 26976.1
600 28547.8
630 30132.4
660 31729.3
690 33337.8
720 34957.2
750 36587.1
780 38226.9
810 39876.1
840 41534.2
870 43200.8
900 44875.6
930 46558.1
960 48248.1
990 49945.1
1020 51649
1050 53359.3
1080 55075.9
1110 56798.5
1140 58526.9
1170 60260.9
1200 62000.2
1230 63744.8
1260 65494.5
1290 67249
1320 69008.3
1350 70772.2
1380 72540.6
1410 74313.4
1440 76090.4
1470 77871.6
1500 79656.9
1530 81446.2
1560 83239.4
1590 85036.3
1620 86837
1650 88641.3
1680 90449.1
1710 92260.3
1740 94075
1770 95892.9
1800 97714
1830 99538.3
1860 101366
1860 101366
