0 0
30 1334.53
60 2669.06
90 4003.6
120 5338.17
150 6673.22
180 8010.12
210 9350.95
240 10698
270 12053.2
300 13418.1
330 14793.8
360 16180.9
390 17579.9
420 18991.3
450 20415.4
480 21852.3
510 23302.3
540 24765.3
570 26241.3
600 27730
630 29231.1
660 30744.3
690 32269.5
720 33806.3
750 35354.1
780 36912.7
810 38481.6
840 40060.3
870 41648.6
900 43246.1
930 44852.6
960 46467.6
990 48091.1
1020 49722.8
1050 51362.3
1080 53009.6
1110 54664.5
1140 56326.6
1170 57995.8
1200 59671.8
1230 61354.5
1260 63043.7
1290 64739.2
1320 66440.9
1350 68148.7
1380 69862.3
1410 71581.6
1440 73306.5
1470 75036.9
1500 76772.5
1530 78513.2
1560 80259
1590 82009.7
1620 83765.2
1650 85525.3
1680 87289.9
1710 89059
1740 90832.4
1770 92610
1800 94391.8
1830 96177.5
1860 97967.2
1860 97967.2
