0 0
30 765.468
60 1530.94
90 2296.4
120 3061.87
150 3827.34
180 4592.81
210 5358.28
240 6123.74
270 6889.21
300 7654.68
330 8420.14
360 9185.55
390 9950.83
420 10715.8
450 11480.2
480 12243.6
510 13005.4
540 13765.1
570 14521.9
600 15275
630 16023.4
660 16766.3
690 17502.7
720 18232
750 18953.4
780 19666.4
810 20370.5
840 21065.3
870 21750.5
900 22425.8
930 23091.2
960 23746.6
990 24391.9
1020 25027.3
1050 25652.8
1080 26268.5
1110 26874.5
1140 27471
1170 28058.2
1200 28636.4
1230 29205.6
1260 29766.1
1290 30318
1320 30861.6
1350 31397.1
1380 31924.6
1410 32444.3
1440 32956.5
1470 33461.3
1500 33959
1530 34449.7
1560 34933.5
1590 35410.6
1620 35881.3
1650 36345.7
1680 36803.9
1710 37256
1740 37702.3
1770 38142.9
1800 38577.8
1830 39007.3
1860 39431.5
1860 39431.5
