0 0
30 765.468
60 1530.94
90 2296.4
120 3061.87
150 3827.34
180 4592.79
210 5358.14
240 6123.16
270 6887.34
300 7649.82
330 8409.35
360 9164.33
390 9912.98
420 10653.5
450 11384.4
480 12104.5
510 12812.7
540 13508.4
570 14191.1
600 14860.7
630 15517
660 16160.4
690 16791
720 17408.9
750 18014.4
780 18607.8
810 19189.6
840 19760.2
870 20319.9
900 20869.2
930 21408.5
960 21938
990 22458.1
1020 22969.1
1050 23471.5
1080 23965.4
1110 24451
1140 24928.8
1170 25398.9
1200 25861.5
1230 26316.8
1260 26765.1
1290 27206.5
1320 27641.3
1350 28069.7
1380 28491.8
1410 28907.7
1440 29317.7
1470 29721.8
1500 30120.2
1530 30513
1560 30900.4
1590 31282.6
1620 31659.6
1650 32031.6
1680 32398.7
1710 32761
1740 33118.7
1770 33471.8
1800 33820.5
1830 34164.8
1860 34504.9
1860 34504.9
