0 0
30 1334.53
60 2669.06
90 4003.6
120 5338.13
150 6672.66
180 8007.21
210 9341.89
240 10677.1
270 12013.7
300 13353.1
330 14697.1
360 16047.5
390 17406.1
420 18774.2
450 20152.9
480 21542.8
510 22944.5
540 24358.3
570 25784.5
600 27223.1
630 28674
660 30137.1
690 31612.3
720 33099.4
750 34598.1
780 36108.3
810 37629.6
840 39161.8
870 40704.6
900 42257.5
930 43820.3
960 45392.6
990 46974.1
1020 48564.5
1050 50163.6
1080 51771.1
1110 53386.7
1140 55010
1170 56641.1
1200 58279.5
1230 59925.1
1260 61577.8
1290 63237.4
1320 64903.7
1350 66576.4
1380 68255.5
1410 69940.8
1440 71632
1470 73329.1
1500 75032
1530 76740.4
1560 78454.2
1590 80173.3
1620 81897.6
1650 83626.9
1680 85361.1
1710 87100.1
1740 88843.7
1770 90591.8
1800 92344.4
1830 94101.4
1860 95862.5
1860 95862.5
