0 0
30 1334.53
60 2669.06
90 4003.6
120 5338.15
150 6673.12
180 8009.84
210 9350.7
240 10698.4
270 12055.1
300 13422.5
330 14801.6
360 16192.9
390 17596.6
420 19012.5
450 20440.2
480 21879.2
510 23329.1
540 24789.6
570 26260.2
600 27740.6
630 29230.5
660 30729.6
690 32237.9
720 33755.4
750 35282
780 36817.4
810 38361.8
840 39915.1
870 41477.2
900 43047.9
930 44627.2
960 46214.9
990 47810.8
1020 49414.8
1050 51026.9
1080 52646.7
1110 54274.1
1140 55909
1170 57551.2
1200 59200.6
1230 60856.9
1260 62519.9
1290 64189.5
1320 65865.5
1350 67547.7
1380 69236
1410 70930.3
1440 72630.4
1470 74336.1
1500 76047.3
1530 77763.9
1560 79485.7
1590 81212.6
1620 82944.5
1650 84681.2
1680 86422.7
1710 88168.7
1740 89919.3
1770 91674.2
1800 93433.4
1830 95196.7
1860 96964.1
1860 96964.1
