0 0
30 765.468
60 1530.94
90 2296.4
120 3061.87
150 3827.34
180 4592.81
210 5358.28
240 6123.74
270 6889.14
300 7654.3
330 8418.76
360 9181.68
390 9941.87
420 10697.9
450 11448.1
480 12191.3
510 12926.4
540 13652.2
570 14368.4
600 15074.4
630 15770
660 16455.2
690 17129.9
720 17794.2
750 18448.1
780 19091.9
810 19725.5
840 20349.2
870 20963
900 21566.9
930 22161.3
960 22746.2
990 23321.8
1020 23888.2
1050 24445.7
1080 24994.3
1110 25534.4
1140 26065.9
1170 26589
1200 27104
1230 27611
1260 28110.1
1290 28601.5
1320 29085.3
1350 29561.9
1380 30031.2
1410 30493.5
1440 30948.9
1470 31397.5
1500 31839.5
1530 32275.2
1560 32704.6
1590 33127.8
1620 33545.1
1650 33956.5
1680 34362.2
1710 34762.4
1740 35157.1
1770 35546.6
1800 35930.8
1830 36310.1
1860 36684.4
1860 36684.4
