0 0
30 1334.53
60 2669.06
90 4003.6
120 5338.13
150 6672.7
180 8007.73
210 9344.4
240 10684.7
270 12031
300 13385.1
330 14748.6
360 16122.5
390 17507
420 18902.4
450 20308.6
480 21725.5
510 23152.8
540 24590.3
570 26037.6
600 27494.7
630 28961.4
660 30437.7
690 31923.7
720 33419.2
750 34924.3
780 36439
810 37963.3
840 39497.3
870 41040.9
900 42593.9
930 44156.4
960 45728.1
990 47308.8
1020 48898.3
1050 50496.5
1080 52103.1
1110 53717.8
1140 55340.6
1170 56971.1
1200 58609.3
1230 60254.8
1260 61907.6
1290 63567.4
1320 65234
1350 66907.2
1380 68586.8
1410 70272.7
1440 71964.6
1470 73662.5
1500 75366.2
1530 77075.4
1560 78790.2
1590 80510.2
1620 82235.4
1650 83965.7
1680 85701
1710 87441
1740 89185.7
1770 90935
1800 92688.8
1830 94446.9
1860 96209.2
1860 96209.2
