0 0
30 1334.53
60 2669.06
90 4003.6
120 5338.13
150 6672.66
180 8007.19
210 9341.72
240 10676.3
270 12010.9
300 13345.7
330 14681.3
360 16018.7
390 17359.4
420 18705.1
450 20057.8
480 21419.3
510 22791.4
540 24175.5
570 25572.7
600 26983.6
630 28408.7
660 29848.4
690 31302.6
720 32771.3
750 34254.1
780 35750.9
810 37261.4
840 38785
870 40321.4
900 41870.4
930 43431.6
960 45004.5
990 46588.9
1020 48184.2
1050 49790.2
1080 51406.4
1110 53032.5
1140 54668.1
1170 56313
1200 57966.8
1230 59629.2
1260 61299.9
1290 62978.6
1320 64665
1350 66359
1380 68060.2
1410 69768.3
1440 71483.2
1470 73204.7
1500 74932.5
1530 76666.5
1560 78406.4
1590 80152.2
1620 81903.7
1650 83660.7
1680 85423
1710 87190.4
1740 88962.9
1770 90740.2
1800 92522.3
1830 94308.9
1860 96100
1860 96100
