0 0
30 765.468
60 1530.94
90 2296.4
120 3061.87
150 3827.34
180 4592.81
210 5358.28
240 6123.74
270 6889.15
300 7654.34
330 8418.89
360 9182.13
390 9943.09
420 10700.7
450 11453.6
480 12201
510 12941.6
540 13674.8
570 14399.9
600 15116.4
630 15824
660 16522.2
690 17210.8
720 17889.6
750 18558.5
780 19217.3
810 19866
840 20504.3
870 21132.4
900 21750.4
930 22358.1
960 22955.8
990 23543.4
1020 24121.1
1050 24689
1080 25247.3
1110 25796
1140 26335.6
1170 26866.1
1200 27387.6
1230 27900.5
1260 28404.9
1290 28901
1320 29388.9
1350 29868.8
1380 30340.9
1410 30805.5
1440 31262.8
1470 31712.8
1500 32155.9
1530 32592.2
1560 33021.8
1590 33445
1620 33862
1650 34272.8
1680 34677.6
1710 35076.6
1740 35469.9
1770 35857.8
1800 36240.2
1830 36617.5
1860 36989.6
1860 36989.6
