0 0
30 765.468
60 1530.94
90 2296.4
120 3061.87
150 3827.34
180 4592.81
210 5358.28
240 6123.74
270 6889.21
300 7654.67
330 8420.1
360 9185.42
390 9950.48
420 10715
450 11478.5
480 12240.3
510 12999.7
540 13755.6
570 14506.8
600 15252.3
630 15990.9
660 16721.7
690 17443.8
720 18156.6
750 18859.5
780 19552
810 20233.9
840 20904.9
870 21564.8
900 22213.8
930 22851.9
960 23479.3
990 24096
1020 24702.2
1050 25298.1
1080 25884
1110 26459.9
1140 27026.1
1170 27582.9
1200 28130.5
1230 28669.2
1260 29199.1
1290 29720.4
1320 30233.6
1350 30738.6
1380 31235.8
1410 31725.5
1440 32207.7
1470 32682.9
1500 33151
1530 33612.3
1560 34066.9
1590 34515.1
1620 34957
1650 35392.8
1680 35822.6
1710 36246.7
1740 36665.1
1770 37078.1
1800 37485.7
1830 37888.1
1860 38285.4
1860 38285.4
