0 0
30 765.468
60 1530.94
90 2296.4
120 3061.87
150 3827.24
180 4592.03
210 5355.05
240 6114.41
270 6867.92
300 7613.38
330 8348.69
360 9072.13
390 9782.28
420 10478.1
450 11159
480 11824.8
510 12475.8
540 13112.4
570 13734.8
600 14343.6
630 14939.2
660 15522.3
690 16093.3
720 16652.8
750 17201.1
780 17739
810 18266.6
840 18784.5
870 19292.9
900 19792.3
930 20283
960 20765.1
990 21239.1
1020 21705.1
1050 22163.3
1080 22614
1110 23057.2
1140 23493.2
1170 23922.3
1200 24344.5
1230 24760.1
1260 25169.3
1290 25572.2
1320 25968.9
1350 26359.7
1380 26744.5
1410 27123.7
1440 27497.4
1470 27865.8
1500 28228.9
1530 28586.9
1560 28940
1590 29288.2
1620 29631.8
1650 29970.7
1680 30305.1
1710 30635.2
1740 30961
1770 31282.7
1800 31600.3
1830 31914
1860 32223.8
1860 32223.8
