0 0
30 765.468
60 1530.94
90 2296.4
120 3061.87
150 3827.34
180 4592.81
210 5358.24
240 6123.43
270 6887.65
300 7649.55
330 8407.42
360 9159.6
390 9904.79
420 10642.1
450 11370.8
480 12090.5
510 12800.3
540 13499.7
570 14188.2
600 14865.3
630 15530.6
660 16183.9
690 16825.1
720 17454.1
750 18070.8
780 18675.5
810 19268.4
840 19849.5
870 20419.1
900 20977.6
930 21525.2
960 22062.1
990 22588.7
1020 23105.2
1050 23611.9
1080 24109.2
1110 24597.2
1140 25076.4
1170 25547
1200 26009.1
1230 26463.1
1260 26909.2
1290 27347.6
1320 27778.5
1350 28202.1
1380 28618.7
1410 29028.4
1440 29431.4
1470 29827.9
1500 30218.1
1530 30602.2
1560 30980.4
1590 31352.7
1620 31719.4
1650 32080.5
1680 32436.4
1710 32787
1740 33132.5
1770 33473.2
1800 33809
1830 34140.2
1860 34466.9
1860 34466.9
