0 0
30 765.468
60 1530.94
90 2296.4
120 3061.87
150 3827.33
180 4592.66
210 5357.37
240 6120.66
270 6881.42
300 7638.52
330 8390.95
360 9137.55
390 9877.1
420 10608.2
450 11329.5
480 12039.5
510 12737.3
540 13422.3
570 14093.8
600 14751.4
630 15394.9
660 16024.3
690 16639.8
720 17241.6
750 17830
780 18405.5
810 18968.2
840 19518.7
870 20057.3
900 20584.3
930 21100.2
960 21605.4
990 22100.3
1020 22585.3
1050 23060.6
1080 23526.5
1110 23983.4
1140 24431.7
1170 24871.6
1200 25303.3
1230 25727.3
1260 26143.6
1290 26552.7
1320 26954.8
1350 27350
1380 27738.5
1410 28120.6
1440 28496.4
1470 28866.3
1500 29230.2
1530 29588.5
1560 29941.3
1590 30288.7
1620 30630.9
1650 30968.1
1680 31300.4
1710 31627.9
1740 31950.7
1770 32269.1
1800 32583
1830 32892.6
1860 33198.1
1860 33198.1
