0 0
30 765.468
60 1530.94
90 2296.4
120 3061.87
150 3827.34
180 4592.81
210 5358.28
240 6123.74
270 6889.21
300 7654.67
330 8420.1
360 9185.39
390 9950.34
420 10714.6
450 11477.5
480 12238.5
510 12996.8
540 13751.5
570 14501.5
600 15246
630 15983.6
660 16713.3
690 17434.3
720 18145.7
750 18846.6
780 19536.5
810 20215.1
840 20882.1
870 21537.4
900 22180.9
930 22812.5
960 23432.4
990 24040.6
1020 24637.4
1050 25223
1080 25797.7
1110 26361.7
1140 26915.4
1170 27459.1
1200 27993
1230 28517.4
1260 29032.6
1290 29538.8
1320 30036.2
1350 30525.1
1380 31005.7
1410 31478.4
1440 31943.3
1470 32400.7
1500 32850.7
1530 33293.5
1560 33729.5
1590 34158.7
1620 34581.4
1650 34997.8
1680 35407.9
1710 35812
1740 36210.3
1770 36602.8
1800 36989.9
1830 37371.5
1860 37747.8
1860 37747.8
