0 0
30 765.468
60 1530.94
90 2296.4
120 3061.79
150 3826.39
180 4588.61
210 5346.52
240 6098.05
270 6841.02
300 7572.76
330 8290.58
360 8992.39
390 9676.8
420 10343
450 10990.9
480 11620.8
510 12233.1
540 12828.5
570 13407.8
600 13971.6
630 14520.7
660 15055.5
690 15576.8
720 16085
750 16580.8
780 17064.6
810 17536.9
840 17998.3
870 18449.2
900 18889.9
930 19320.9
960 19742.5
990 20155.1
1020 20559
1050 20954.6
1080 21342.3
1110 21722.2
1140 22094.7
1170 22460
1200 22818.4
1230 23170.2
1260 23515.5
1290 23854.6
1320 24187.7
1350 24514.9
1380 24836.6
1410 25152.9
1440 25463.9
1470 25769.8
1500 26070.9
1530 26367.1
1560 26658.7
1590 26945.9
1620 27228.6
1650 27507.2
1680 27781.7
1710 28052.2
1740 28318.9
1770 28581.8
1800 28841.1
1830 29096.7
1860 29348.9
1860 29348.9
