0 0
30 765.468
60 1530.94
90 2296.4
120 3061.87
150 3827.34
180 4592.81
210 5358.27
240 6123.71
270 6889
300 7653.79
330 8417.42
360 9178.89
390 9936.91
420 10690.1
450 11436.9
480 12176.2
510 12906.7
540 13627.6
570 14338.2
600 15037.9
630 15726.3
660 16403
690 17067.8
720 17720.6
750 18361.6
780 18990.6
810 19607.8
840 20213
870 20806.6
900 21388.8
930 21959.8
960 22519.9
990 23069.3
1020 23608.4
1050 24137.3
1080 24656.4
1110 25166
1140 25666.3
1170 26157.8
1200 26640.6
1230 27115
1260 27581.3
1290 28039.7
1320 28490.4
1350 28933.6
1380 29369.5
1410 29798.5
1440 30220.5
1470 30636.1
1500 31045.3
1530 31448.2
1560 31845.1
1590 32236.1
1620 32621.4
1650 33001.1
1680 33375.3
1710 33744.2
1740 34107.9
1770 34466.7
1800 34820.5
1830 35169.6
1860 35514.1
1860 35514.1
