0 0
30 765.468
60 1530.94
90 2296.4
120 3061.85
150 3827.02
180 4590.9
210 5351.74
240 6107.44
270 6856.02
300 7595.81
330 8325.57
360 9044.35
390 9751.48
420 10446.4
450 11128.7
480 11798.4
510 12454.9
540 13098.2
570 13728.4
600 14345.8
630 14950.7
660 15543.3
690 16123.7
720 16692.5
750 17249.9
780 17796.3
810 18332.1
840 18857.7
870 19373.3
900 19879.4
930 20376.3
960 20864.4
990 21344
1020 21815.4
1050 22278.9
1080 22734.8
1110 23183.3
1140 23624.7
1170 24059
1200 24486.6
1230 24907.6
1260 25322.1
1290 25730.4
1320 26132.7
1350 26529.1
1380 26919.7
1410 27304.6
1440 27684.1
1470 28058.1
1500 28427
1530 28790.7
1560 29149.4
1590 29503.3
1620 29852.4
1650 30197
1680 30537.1
1710 30872.9
1740 31204.3
1770 31531.6
1800 31854.8
1830 32174
1860 32489.3
1860 32489.3
