0 0
30 1334.53
60 2669.06
90 4003.6
120 5338.13
150 6672.66
180 8007.19
210 9341.72
240 10676.3
270 12010.8
300 13345.3
330 14680
360 16015.1
390 17351.2
420 18689.6
450 20031.8
480 21379.9
510 22735.8
540 24101.4
570 25478.4
600 26868.1
630 28271.4
660 29688.9
690 31120.9
720 32567.4
750 34028.4
780 35504
810 36993.8
840 38497.7
870 40015.3
900 41546.1
930 43089.8
960 44645.8
990 46213.8
1020 47793.6
1050 49384.5
1080 50986.3
1110 52598.6
1140 54220.9
1170 55853
1200 57494.4
1230 59144.9
1260 60804.1
1290 62471.6
1320 64147.2
1350 65830.7
1380 67521.8
1410 69220.3
1440 70925.8
1470 72638.2
1500 74357.2
1530 76082.7
1560 77814.4
1590 79552.1
1620 81295.8
1650 83045.1
1680 84799.9
1710 86560.1
1740 88325.5
1770 90096
1800 91871.4
1830 93651.6
1860 95436.5
1860 95436.5
