0 0
30 1334.53
60 2669.06
90 4003.6
120 5338.13
150 6672.66
180 8007.19
210 9341.72
240 10676.3
270 12010.8
300 13345.3
330 14680
360 16015
390 17351
420 18688.8
450 20029.6
480 21375
510 22726.3
540 24085
570 25452.4
600 26829.6
630 28217.6
660 29617.2
690 31028.8
720 32453
750 33889.9
780 35339.7
810 36802.5
840 38278.1
870 39766.5
900 41267.4
930 42780.6
960 44305.6
990 45842.3
1020 47390.4
1050 48949.6
1080 50519.5
1110 52099.7
1140 53689.9
1170 55289.9
1200 56899.2
1230 58517.7
1260 60145.1
1290 61781
1320 63425.1
1350 65077.3
1380 66737.3
1410 68404.7
1440 70079.5
1470 71761.3
1500 73450
1530 75145.3
1560 76847.1
1590 78555.1
1620 80269.3
1650 81989.3
1680 83715
1710 85446.4
1740 87183.2
1770 88925.2
1800 90672.4
1830 92424.6
1860 94181.7
1860 94181.7
