0 0
30 765.468
60 1530.94
90 2296.4
120 3061.87
150 3827.34
180 4592.81
210 5358.28
240 6123.74
270 6889.15
300 7654.31
330 8418.68
360 9181.27
390 9940.61
420 10694.9
450 11442.2
480 12180.7
510 12908.6
540 13624.5
570 14327.3
600 15016.4
630 15691.3
660 16351.6
690 16997.4
720 17628.7
750 18245.9
780 18849.1
810 19438.6
840 20015
870 20578.6
900 21129.6
930 21668.4
960 22195.5
990 22711.1
1020 23215.8
1050 23709.8
1080 24193.6
1110 24667.5
1140 25131.9
1170 25587
1200 26033.2
1230 26470.8
1260 26900.1
1290 27321.4
1320 27735
1350 28141
1380 28539.8
1410 28931.7
1440 29316.8
1470 29695.3
1500 30067.5
1530 30433.5
1560 30793.6
1590 31147.8
1620 31496.3
1650 31839.3
1680 32177
1710 32509.6
1740 32837.1
1770 33159.8
1800 33477.7
1830 33791.1
1860 34100
1860 34100
