0 0
30 765.468
60 1530.94
90 2296.4
120 3061.87
150 3827.2
180 4591.29
210 5351.21
240 6102.91
270 6842.47
300 7566.6
330 8273.05
360 8960.12
390 9627.05
420 10273.7
450 10900.4
480 11507.8
510 12096.7
540 12667.9
570 13222.2
600 13760.2
630 14282.7
660 14790.4
690 15284.1
720 15764.5
750 16232.3
780 16688
810 17132.2
840 17565.5
870 17988.4
900 18401.5
930 18805
960 19199.6
990 19585.5
1020 19963.1
1050 20332.8
1080 20694.8
1110 21049.5
1140 21397.1
1170 21738
1200 22072.5
1230 22400.6
1260 22722.7
1290 23039
1320 23349.7
1350 23655
1380 23955
1410 24249.9
1440 24540
1470 24825.3
1500 25106
1530 25382.2
1560 25654.2
1590 25921.9
1620 26185.6
1650 26445.4
1680 26701.4
1710 26953.7
1740 27202.4
1770 27447.6
1800 27689.4
1830 27927.9
1860 28163.2
1860 28163.2
