0 0
30 765.468
60 1530.94
90 2296.4
120 3061.87
150 3827.34
180 4592.81
210 5358.28
240 6123.74
270 6889.21
300 7654.67
330 8420.09
360 9185.34
390 9950.06
420 10713.6
450 11475
480 12233.1
510 12986.3
540 13733.3
570 14472.8
600 15203.6
630 15924.5
660 16634.9
690 17334
720 18021.1
750 18696.1
780 19358.6
810 20008.6
840 20646.1
870 21271.3
900 21884.2
930 22485
960 23073.9
990 23651.2
1020 24217.3
1050 24772.4
1080 25316.7
1110 25850.6
1140 26374.4
1170 26888.4
1200 27392.9
1230 27888.1
1260 28374.5
1290 28852.1
1320 29321.4
1350 29782.5
1380 30235.8
1410 30681.4
1440 31119.6
1470 31550.6
1500 31974.6
1530 32391.9
1560 32802.7
1590 33207
1620 33605.2
1650 33997.3
1680 34383.6
1710 34764.2
1740 35139.3
1770 35509
1800 35873.4
1830 36232.7
1860 36587.1
1860 36587.1
