0 0
30 765.468
60 1530.94
90 2296.4
120 3061.87
150 3827.28
180 4591.97
210 5353.69
240 6108.76
270 6853.23
300 7583.54
330 8297.14
360 8992.47
390 9668.85
420 10326.1
450 10964.6
480 11584.7
510 12187.2
540 12773.1
570 13342.9
600 13897.2
630 14436.9
660 14962.3
690 15474
720 15972.6
750 16458.8
780 16933.1
810 17395.9
840 17847.6
870 18288.6
900 18719.4
930 19140.5
960 19552.2
990 19954.9
1020 20348.9
1050 20734.6
1080 21112.4
1110 21482.4
1140 21845
1170 22200.5
1200 22549.1
1230 22891.1
1260 23226.7
1290 23556.2
1320 23879.8
1350 24197.6
1380 24509.9
1410 24816.9
1440 25118.7
1470 25415.5
1500 25707.5
1530 25994.8
1560 26277.5
1590 26555.8
1620 26829.8
1650 27099.6
1680 27365.3
1710 27627.1
1740 27885
1770 28139.3
1800 28389.9
1830 28637
1860 28880.8
1860 28880.8
