0 0
30 1334.53
60 2669.06
90 4003.6
120 5338.13
150 6672.66
180 8007.19
210 9341.73
240 10676.3
270 12011
300 13346.1
330 14682.3
360 16020.8
390 17363
420 18710.9
450 20066.4
480 21431.3
510 22807.2
540 24195.5
570 25597.2
600 27013.1
630 28443.5
660 29888.6
690 31348.6
720 32823.3
750 34312.5
780 35816.1
810 37333.6
840 38864.7
870 40409.1
900 41966.1
930 43535.5
960 45116.8
990 46709.6
1020 48313.5
1050 49928.2
1080 51553.1
1110 53188
1140 54832.4
1170 56485.9
1200 58148.4
1230 59819.5
1260 61498.7
1290 63186
1320 64881
1350 66583.4
1380 68293
1410 70009.5
1440 71732.8
1470 73462.6
1500 75198.8
1530 76941
1560 78689.1
1590 80442.9
1620 82202.3
1650 83967.1
1680 85737
1710 87512.1
1740 89292.1
1770 91076.9
1800 92866.4
1830 94660.4
1860 96458.9
1860 96458.9
