0 0
30 1334.53
60 2669.06
90 4003.6
120 5338.15
150 6672.98
180 8009.1
210 9348.26
240 10692.6
270 12044
300 13404.2
330 14774.4
360 16155.7
390 17548.5
420 18953.6
450 20371.3
480 21801.6
510 23245.1
540 24701.8
570 26171.6
600 27654.2
630 29149.3
660 30656.7
690 32176.3
720 33707.5
750 35250.1
780 36803.7
810 38367.9
840 39942.3
870 41526.7
900 43120.6
930 44723.7
960 46335.6
990 47956
1020 49584.6
1050 51221.1
1080 52865.2
1110 54516.7
1140 56175.3
1170 57841
1200 59513.4
1230 61192.4
1260 62877.9
1290 64569.6
1320 66267.3
1350 67970.9
1380 69680.3
1410 71395.4
1440 73115.9
1470 74841.9
1500 76573.1
1530 78309.3
1560 80050.6
1590 81796.7
1620 83547.6
1650 85303
1680 87062.9
1710 88827.1
1740 90595.7
1770 92368.4
1800 94145.2
1830 95926
1860 97710.7
1860 97710.7
