0 0
30 1334.53
60 2669.06
90 4003.6
120 5338.13
150 6672.66
180 8007.19
210 9341.72
240 10676.3
270 12010.8
300 13345.5
330 14680.5
360 16016.6
390 17354.8
420 18696.5
450 20043.1
480 21396.3
510 22757.6
540 24128.5
570 25509.9
600 26903
630 28308.4
660 29726.6
690 31157.8
720 32602.2
750 34060
780 35531
810 37015.1
840 38512
870 40021.5
900 41543.4
930 43077.3
960 44622.8
990 46179.7
1020 47747.6
1050 49326.3
1080 50915.3
1110 52514.4
1140 54123.2
1170 55741.5
1200 57368.9
1230 59005
1260 60649.7
1290 62302.7
1320 63963.7
1350 65632.5
1380 67308.8
1410 68992.4
1440 70683.1
1470 72380.6
1500 74084.8
1530 75795.4
1560 77512.2
1590 79235
1620 80963.6
1650 82698
1680 84437.9
1710 86183.2
1740 87933.7
1770 89689.3
1800 91449.9
1830 93215.3
1860 94985.4
1860 94985.4
