0 0
30 765.468
60 1530.94
90 2296.4
120 3061.82
150 3826.07
180 4585.04
210 5333.05
240 6065.58
270 6779.72
300 7473.97
330 8148.18
360 8802.75
390 9438.29
420 10055.5
450 10655.4
480 11238.8
510 11806.8
540 12360.1
570 12899.8
600 13426.4
630 13940.3
660 14442.1
690 14932.4
720 15411.5
750 15880
780 16338.2
810 16786.5
840 17225.4
870 17655.1
900 18076.1
930 18488.6
960 18892.9
990 19289.3
1020 19678.1
1050 20059.5
1080 20433.9
1110 20801.4
1140 21162.3
1170 21516.7
1200 21864.8
1230 22206.9
1260 22543.3
1290 22874.1
1320 23199.5
1350 23519.8
1380 23834.9
1410 24145.2
1440 24450.6
1470 24751.5
1500 25047.7
1530 25339.7
1560 25627.3
1590 25910.9
1620 26190.5
1650 26466.1
1680 26737.9
1710 27006
1740 27270.5
1770 27531.4
1800 27788.9
1830 28043
1860 28293.9
1860 28293.9
