0 0
30 765.468
60 1530.94
90 2296.4
120 3061.87
150 3827.34
180 4592.81
210 5358.28
240 6123.74
270 6889.15
300 7654.3
330 8418.69
360 9181.48
390 9941.57
420 10697.8
450 11449.2
480 12194.9
510 12934
540 13665.9
570 14390
600 15105.6
630 15812.1
660 16509.2
690 17196.4
720 17873.4
750 18540.1
780 19196.3
810 19842.1
840 20477.4
870 21102.3
900 21717.1
930 22321.8
960 22916.6
990 23501.7
1020 24077.3
1050 24643.6
1080 25200.8
1110 25748.9
1140 26288.3
1170 26818.9
1200 27341.2
1230 27855.1
1260 28361
1290 28858.9
1320 29349.2
1350 29831.9
1380 30307.1
1410 30775.2
1440 31236.2
1470 31690.4
1500 32137.8
1530 32578.8
1560 33013.4
1590 33441.8
1620 33864.1
1650 34280.4
1680 34691.1
1710 35096.1
1740 35495.6
1770 35889.8
1800 36278.7
1830 36662.6
1860 37041.5
1860 37041.5
