0 0
30 1334.53
60 2669.06
90 4003.6
120 5338.13
150 6672.66
180 8007.19
210 9341.72
240 10676.3
270 12010.8
300 13345.3
330 14679.9
360 16014.6
390 17349.8
420 18685.9
450 20024.2
480 21365.8
510 22712.4
540 24065.8
570 25427.4
600 26798.6
630 28180.8
660 29574.7
690 30981
720 32400.1
750 33832.2
780 35277.6
810 36736.2
840 38207.8
870 39692.4
900 41189.7
930 42699.3
960 44221
990 45754.5
1020 47299.5
1050 48855.6
1080 50422.5
1110 51999.9
1140 53587.6
1170 55185
1200 56792
1230 58408.1
1260 60033.2
1290 61666.8
1320 63308.9
1350 64959
1380 66616.9
1410 68282.4
1440 69955.1
1470 71635
1500 73321.7
1530 75015.2
1560 76715.1
1590 78421.2
1620 80133.6
1650 81851.8
1680 83575.9
1710 85305.5
1740 87040.6
1770 88781
1800 90526.5
1830 92277.1
1860 94032.6
1860 94032.6
