0 0
30 765.468
60 1530.94
90 2296.4
120 3061.87
150 3827.34
180 4592.81
210 5358.28
240 6123.74
270 6889.21
300 7654.68
330 8420.15
360 9185.62
390 9951.08
420 10716.5
450 11481.8
480 12246.6
510 13010.6
540 13772.7
570 14532.1
600 15287.2
630 16036.6
660 16779.1
690 17513.1
720 18237.8
750 18952.1
780 19655.6
810 20347.6
840 21027.8
870 21696.1
900 22352.2
930 22996.1
960 23628.3
990 24248.6
1020 24857.3
1050 25454.7
1080 26041
1110 26616.5
1140 27181.5
1170 27736.3
1200 28281.2
1230 28816.3
1260 29342.1
1290 29858.7
1320 30366.4
1350 30865.4
1380 31356.1
1410 31838.8
1440 32313.6
1470 32780.8
1500 33240.5
1530 33693
1560 34138.5
1590 34577.1
1620 35009.1
1650 35434.7
1680 35853.9
1710 36267
1740 36674.1
1770 37075.5
1800 37471.1
1830 37861.3
1860 38246.1
1860 38246.1
