0 0
30 1334.53
60 2669.06
90 4003.6
120 5338.13
150 6672.66
180 8007.21
210 9341.86
240 10676.8
270 12012.7
300 13350.2
330 14690.6
360 16035.7
390 17387
420 18746.5
450 20115.6
480 21495.5
510 22887.3
540 24291.6
570 25708.9
600 27139.3
630 28582.9
660 30039.6
690 31509
720 32991.1
750 34485.6
780 35992.2
810 37510.4
840 39039.8
870 40580.1
900 42130.8
930 43691.5
960 45262
990 46841.9
1020 48430.9
1050 50028.5
1080 51634.6
1110 53249
1140 54871.2
1170 56501.1
1200 58138.5
1230 59783.2
1260 61434.9
1290 63093.5
1320 64758.7
1350 66430.3
1380 68108.2
1410 69792.3
1440 71482.3
1470 73178.2
1500 74879.8
1530 76587
1560 78299.6
1590 80017.4
1620 81740.4
1650 83468.4
1680 85201.3
1710 86939
1740 88681.3
1770 90428.2
1800 92179.5
1830 93935.2
1860 95695.1
1860 95695.1
