0 0
30 1334.53
60 2669.06
90 4003.6
120 5338.13
150 6672.66
180 8007.22
210 9341.93
240 10677.1
270 12013.5
300 13352
330 14693.6
360 16039.5
390 17391
420 18749.2
450 20115.4
480 21490.6
510 22876
540 24272.2
570 25680
600 27099.7
630 28531.6
660 29975.7
690 31432.2
720 32900.8
750 34381.5
780 35873.8
810 37377.5
840 38892.5
870 40418.4
900 41954.9
930 43501.8
960 45058.5
990 46624.9
1020 48200.6
1050 49785.4
1080 51378.9
1110 52980.9
1140 54591.3
1170 56209.6
1200 57835.8
1230 59469.5
1260 61110.6
1290 62758.9
1320 64414.1
1350 66076
1380 67744.7
1410 69419.8
1440 71101.2
1470 72788.7
1500 74482.1
1530 76181.4
1560 77886.3
1590 79596.7
1620 81312.5
1650 83033.5
1680 84759.6
1710 86490.6
1740 88226.6
1770 89967.2
1800 91712.5
1830 93462.3
1860 95216.5
1860 95216.5
