17

0 1
0 235
-1200 1200 
-1200 1200 

0 1
0 0
-1200 1200 
-1200 1200  

0 1
0 -235
-1200 1200 
-1200 1200 

0 1
-235 0
-1200 1200 
-1200 1200  

0 1
235 0
-1200 1200 
-1200 1200 

1 1
-700 0
-1200 1200 
-1200 1200  

1 1
-570 570
-1200 1200 
-1200 1200 

1 1
-570 -570
-1200 1200 
-1200 1200 

1 1
-300 300
-1200 1200 
-1200 1200 

1 1
-300 -300
-1200 1200 
-1200 1200 

1 1
0 700
-1200 1200 
-1200 1200 

1 1
0 -700
-1200 1200 
-1200 1200 

1 1
300 300
-1200 1200 
-1200 1200 

1 1
300 -300
-1200 1200 
-1200 1200  

1 1
570 570
-1200 1200 
-1200 1200 

1 1
570 -570
-1200 1200 
-1200 1200  

1 1
700 0
-1200 1200 
-1200 1200 