0 0
30 656.115
60 1309.68
90 1945.05
120 2552.43
150 3132.07
180 3687.21
210 4220.46
240 4734.3
270 5230.99
300 5712.51
330 6180.57
360 6636.63
390 7081.91
420 7517.44
450 7944.09
480 8362.55
510 8773.46
540 9177.45
570 9575
600 9966.5
630 10352.3
660 10732.7
690 11107.7
720 11477.5
750 11842.1
780 12201.6
810 12555.9
840 12905.3
870 13249.5
900 13588.7
930 13922.9
960 14252
990 14576.3
1020 14895.7
1050 15210.3
1080 15520.3
1110 15825.6
1140 16126.5
1170 16423
1200 16715.1
1230 17003
1260 17286.7
1290 17566.4
1320 17842.1
1350 18114
1380 18382.1
1410 18646.5
1440 18907.3
1470 19164.5
1500 19418.4
1530 19668.9
1560 19916.1
1590 20160.1
1620 20400.9
1650 20638.7
1680 20873.5
1710 21105.4
1740 21334.4
1770 21560.6
1800 21784.1
1830 22004.9
1860 22223.1
1860 22223.1
