0 0
30 1143.88
60 2289.11
90 3448.52
120 4634.21
150 5847.86
180 7087.18
210 8348.94
240 9630.23
270 10928.7
300 12242.3
330 13569.2
360 14908.1
390 16257.8
420 17617.6
450 18986.8
480 20364.9
510 21751.8
540 23147.2
570 24550.8
600 25962.6
630 27382.3
660 28809.6
690 30244.7
720 31687.3
750 33137.3
780 34594.5
810 36058.8
840 37530
870 39008
900 40492.6
930 41983.5
960 43480.5
990 44983.5
1020 46492.3
1050 48006.6
1080 49526.4
1110 51051.4
1140 52581.4
1170 54116.4
1200 55656.1
1230 57200.4
1260 58749.1
1290 60302.2
1320 61859.5
1350 63420.8
1380 64986
1410 66555
1440 68127.8
1470 69704.1
1500 71283.9
1530 72867
1560 74453.5
1590 76043.1
1620 77635.8
1650 79231.5
1680 80830.2
1710 82431.7
1740 84036
1770 85643
1800 87252.6
1830 88864.8
1860 90479.5
1860 90479.5
