0 0
30 656.115
60 1312.23
90 1968.35
120 2624.46
150 3280.57
180 3936.69
210 4592.8
240 5248.92
270 5905.03
300 6561.15
330 7217.26
360 7873.33
390 8529.31
420 9185.01
450 9840.15
480 10494.3
510 11147
540 11797.7
570 12445.7
600 13090.4
630 13731.2
660 14367.6
690 14998.9
720 15624.6
750 16244.2
780 16857.3
810 17463.4
840 18062.4
870 18653.9
900 19237.7
930 19813.7
960 20381.9
990 20942.2
1020 21494.6
1050 22039.1
1080 22575.8
1110 23104.7
1140 23625.9
1170 24139.6
1200 24645.9
1230 25144.8
1260 25636.5
1290 26121.2
1320 26598.9
1350 27069.9
1380 27534.2
1410 27992
1440 28443.5
1470 28888.7
1500 29327.8
1530 29761
1560 30188.4
1590 30610.1
1620 31026.2
1650 31437
1680 31842.5
1710 32242.8
1740 32638.1
1770 33028.4
1800 33413.9
1830 33794.6
1860 34170.6
1860 34170.6
