0 0
30 656.115
60 1312.23
90 1968.35
120 2624.46
150 3280.57
180 3936.57
210 4591.94
240 5245.64
270 5896.02
300 6540.85
330 7177.61
360 7803.92
390 8417.81
420 9017.86
450 9603.22
480 10173.4
510 10728.3
540 11268.1
570 11793
600 12303.5
630 12799.8
660 13282.6
690 13752.4
720 14209.8
750 14655.3
780 15089.2
810 15512.3
840 15924.9
870 16327.6
900 16720.8
930 17104.9
960 17480.4
990 17847.5
1020 18206.5
1050 18557.9
1080 18902
1110 19238.9
1140 19569
1170 19892.5
1200 20209.8
1230 20521
1260 20826.4
1290 21126.1
1320 21420.3
1350 21709.2
1380 21993
1410 22271.9
1440 22546.1
1470 22815.6
1500 23080.7
1530 23341.5
1560 23598
1590 23850.6
1620 24099.2
1650 24344.1
1680 24585.2
1710 24822.7
1740 25056.7
1770 25287.4
1800 25514.8
1830 25738.9
1860 25959.9
1860 25959.9
