0 0
30 656.115
60 1312.23
90 1968.35
120 2624.46
150 3280.57
180 3936.69
210 4592.8
240 5248.92
270 5905.03
300 6561.14
330 7217.2
360 7873.07
390 8528.46
420 9182.81
450 9835.33
480 10485
510 11130.9
540 11771.7
570 12406.5
600 13034.4
630 13654.7
660 14266.7
690 14869.8
720 15463.7
750 16048.1
780 16622.9
810 17187.8
840 17742.8
870 18287.9
900 18823.3
930 19349
960 19865.1
990 20371.9
1020 20869.6
1050 21358.2
1080 21838.2
1110 22309.5
1140 22772.5
1170 23227.4
1200 23674.4
1230 24113.7
1260 24545.6
1290 24970.2
1320 25387.9
1350 25798.7
1380 26202.9
1410 26600.6
1440 26992.2
1470 27377.6
1500 27757.2
1530 28131.1
1560 28499.3
1590 28862.1
1620 29219.6
1650 29572
1680 29919.4
1710 30261.8
1740 30599.6
1770 30932.7
1800 31261.3
1830 31585.6
1860 31905.6
1860 31905.6
