0 0
30 656.115
60 1312.23
90 1968.35
120 2624.46
150 3280.57
180 3936.54
210 4591.81
240 5245.29
270 5895.61
300 6541.36
330 7181.34
360 7814.54
390 8440.22
420 9057.76
450 9666.69
480 10266.7
510 10857.5
540 11438.8
570 12010.6
600 12572.8
630 13125.6
660 13669.1
690 14203.3
720 14728.5
750 15244.9
780 15752.5
810 16251.6
840 16742.3
870 17225
900 17699.7
930 18166.6
960 18626
990 19078.1
1020 19523.1
1050 19961.1
1080 20392.4
1110 20817.1
1140 21235.3
1170 21647.1
1200 22052.8
1230 22452.4
1260 22846.1
1290 23234
1320 23616.3
1350 23993.1
1380 24364.6
1410 24730.8
1440 25091.9
1470 25448
1500 25799.3
1530 26145.8
1560 26487.7
1590 26825
1620 27157.9
1650 27486.4
1680 27810.7
1710 28130.8
1740 28446.8
1770 28758.9
1800 29067.1
1830 29371.5
1860 29672.2
1860 29672.2
