0 0
30 1143.88
60 2287.77
90 3431.65
120 4575.54
150 5719.43
180 6863.31
210 8007.25
240 9151.44
270 10296.5
300 11443.4
330 12593.5
360 13748
390 14908.2
420 16075.1
450 17249.4
480 18431.7
510 19622.5
540 20822.3
570 22031.3
600 23249.8
630 24478.2
660 25716.5
690 26964.9
720 28223.5
750 29492.2
780 30771
810 32059.8
840 33358.4
870 34666.7
900 35984.6
930 37311.8
960 38648.1
990 39993.4
1020 41347.2
1050 42709.5
1080 44079.9
1110 45458.2
1140 46844.3
1170 48237.8
1200 49638.5
1230 51046.1
1260 52460.6
1290 53881.7
1320 55309.1
1350 56742.8
1380 58182.4
1410 59628
1440 61079.2
1470 62535.9
1500 63997.9
1530 65465.2
1560 66937.4
1590 68414.5
1620 69896.4
1650 71382.8
1680 72873.8
1710 74369.2
1740 75868.8
1770 77372.6
1800 78880.3
1830 80392.1
1860 81907.7
1860 81907.7
