0 0
30 656.115
60 1312.23
90 1968.35
120 2624.46
150 3280.57
180 3936.69
210 4592.77
240 5248.55
270 5903.18
300 6555.07
330 7202.32
360 7843.19
390 8476.39
420 9101.06
450 9716.62
480 10322.7
510 10918.9
540 11505.1
570 12081
600 12646.6
630 13201.8
660 13746.7
690 14281.2
720 14805.4
750 15319.5
780 15823.7
810 16318
840 16802.8
870 17278.1
900 17744.4
930 18201.8
960 18650.6
990 19091
1020 19523.2
1050 19947.6
1080 20364.5
1110 20773.9
1140 21176
1170 21571
1200 21959.2
1230 22340.9
1260 22716.1
1290 23085.2
1320 23448.3
1350 23805.6
1380 24157.3
1410 24503.5
1440 24844.4
1470 25180.1
1500 25510.8
1530 25836.7
1560 26157.8
1590 26474.3
1620 26786.3
1650 27093.9
1680 27397.1
1710 27696.3
1740 27991.3
1770 28282.4
1800 28569.7
1830 28853.2
1860 29133
1860 29133
