0 0
30 1143.88
60 2287.77
90 3431.65
120 4575.54
150 5719.43
180 6863.31
210 8007.19
240 9151.1
270 10295.1
300 11439.7
330 12585.4
360 13733.6
390 14885.4
420 16042.6
450 17206.2
480 18377.5
510 19557.4
540 20746.5
570 21945.5
600 23154.5
630 24373.9
660 25603.7
690 26844
720 28094.9
750 29356.2
780 30628
810 31910
840 33201.9
870 34503.7
900 35815.2
930 37136.1
960 38466.2
990 39805.3
1020 41153.1
1050 42509.3
1080 43873.8
1110 45246.2
1140 46626.4
1170 48014.1
1200 49409
1230 50810.9
1260 52219.5
1290 53634.8
1320 55056.5
1350 56484.4
1380 57918.3
1410 59358
1440 60803.3
1470 62254.1
1500 63710.3
1530 65171.6
1560 66637.9
1590 68109.1
1620 69585
1650 71065.6
1680 72550.7
1710 74040.2
1740 75533.9
1770 77031.9
1800 78533.9
1830 80039.9
1860 81549.7
1860 81549.7
