0 0
30 1143.88
60 2287.77
90 3431.65
120 4575.54
150 5719.43
180 6863.31
210 8007.19
240 9151.08
270 10295
300 11438.9
330 12582.8
360 13726.7
390 14870.8
420 16015.4
450 17160.8
480 18307.5
510 19456.2
540 20607.6
570 21762.2
600 22920.7
630 24083.6
660 25251.3
690 26424.4
720 27603.1
750 28787.7
780 29978.7
810 31176.4
840 32380.9
870 33592.4
900 34811.2
930 36037.4
960 37271
990 38512.3
1020 39761.3
1050 41017.9
1080 42282.1
1110 43553.9
1140 44833.1
1170 46119.7
1200 47413.6
1230 48714.6
1260 50022.8
1290 51337.9
1320 52659.8
1350 53988.4
1380 55323.5
1410 56665.1
1440 58013
1470 59366.9
1500 60726.9
1530 62092.7
1560 63464.3
1590 64841.4
1620 66223.9
1650 67611.8
1680 69004.8
1710 70403
1740 71806.2
1770 73214.2
1800 74626.9
1830 76044.3
1860 77466.3
1860 77466.3
