0 0
30 656.115
60 1312.23
90 1968.35
120 2624.46
150 3280.57
180 3936.68
210 4592.6
240 5247.56
270 5899.82
300 6546.97
330 7186.53
360 7816.4
390 8434.99
420 9041.21
450 9634.26
480 10213.7
510 10779.2
540 11330.9
570 11868.7
600 12392.9
630 12903.7
660 13401.6
690 13886.9
720 14360.3
750 14822.1
780 15272.7
810 15712.5
840 16142
870 16561.5
900 16971.6
930 17372.5
960 17764.7
990 18148.4
1020 18524
1050 18891.8
1080 19252
1110 19605.1
1140 19951.2
1170 20290.6
1200 20623.5
1230 20950
1260 21270.6
1290 21585.3
1320 21894.5
1350 22198.2
1380 22496.6
1410 22790
1440 23078.5
1470 23362.2
1500 23641.2
1530 23915.9
1560 24186.1
1590 24452.2
1620 24714.3
1650 24972.4
1680 25226.6
1710 25477.1
1740 25724
1770 25967.4
1800 26207.3
1830 26443.9
1860 26677.2
1860 26677.2
