0 0
30 656.115
60 1312.23
90 1968.35
120 2624.46
150 3280.57
180 3936.69
210 4592.8
240 5248.88
270 5904.71
300 6559.65
330 7212.53
360 7861.87
390 8506.21
420 9144.34
450 9775.37
480 10398.7
510 11013.8
540 11620.4
570 12218.2
600 12807.2
630 13387
660 13957.6
690 14518.9
720 15070.8
750 15613.3
780 16146.5
810 16670.4
840 17184.9
870 17690.4
900 18186.8
930 18674.3
960 19153.1
990 19623.4
1020 20085.4
1050 20539.1
1080 20984.9
1110 21422.9
1140 21853.3
1170 22276.4
1200 22692.4
1230 23101.5
1260 23503.9
1290 23899.8
1320 24289.3
1350 24672.6
1380 25050
1410 25421.4
1440 25787.2
1470 26147.5
1500 26502.5
1530 26852.2
1560 27196.8
1590 27536.5
1620 27871.4
1650 28201.6
1680 28527.3
1710 28848.5
1740 29165.5
1770 29478.2
1800 29786.8
1830 30091.5
1860 30392.3
1860 30392.3
