0 0
30 1143.88
60 2287.77
90 3431.65
120 4575.54
150 5719.48
180 6863.79
210 8009.23
240 9157.02
270 10308.8
300 11466.5
330 12632.1
360 13807.7
390 14994.5
420 16193.5
450 17405.4
480 18630.4
510 19868.6
540 21120
570 22384.5
600 23661.9
630 24951.9
660 26254.2
690 27568.4
720 28894.2
750 30231.2
780 31579
810 32937.3
840 34305.7
870 35683.6
900 37070.9
930 38467.2
960 39872.2
990 41285.5
1020 42706.7
1050 44135.7
1080 45572
1110 47015.5
1140 48465.9
1170 49922.9
1200 51386.4
1230 52856.2
1260 54332
1290 55813.5
1320 57300.7
1350 58793.3
1380 60291.2
1410 61794.1
1440 63302
1470 64814.6
1500 66331.8
1530 67853.5
1560 69379.6
1590 70909.8
1620 72444.2
1650 73982.4
1680 75524.5
1710 77070.3
1740 78619.8
1770 80172.7
1800 81729.2
1830 83289
1860 84852.1
1860 84852.1
