0 0
30 656.115
60 1312.23
90 1968.35
120 2624.46
150 3280.57
180 3936.69
210 4592.8
240 5248.92
270 5905.03
300 6561.15
330 7217.26
360 7873.38
390 8529.49
420 9185.59
450 9841.65
480 10497.6
510 11153.2
540 11808.2
570 12462.2
600 13114.4
630 13764.2
660 14410.7
690 15053.1
720 15690.3
750 16321.7
780 16946.5
810 17564
840 18173.8
870 18775.5
900 19368.8
930 19953.5
960 20529.3
990 21096.2
1020 21654.2
1050 22203.4
1080 22743.8
1110 23275.6
1140 23798.9
1170 24313.8
1200 24820.5
1230 25319.1
1260 25810
1290 26293.2
1320 26768.8
1350 27237.2
1380 27698.4
1410 28152.6
1440 28600.1
1470 29041
1500 29475.4
1530 29903.5
1560 30325.5
1590 30741.6
1620 31151.8
1650 31556.4
1680 31955.5
1710 32349.2
1740 32737.7
1770 33121.1
1800 33499.5
1830 33873.1
1860 34241.8
1860 34241.8
