0 0
30 1143.88
60 2287.77
90 3431.65
120 4575.54
150 5719.43
180 6863.34
210 8007.58
240 9153.32
270 10302.7
300 11458.3
330 12622.2
360 13795.8
390 14979.9
420 16175
450 17381.3
480 18598.9
510 19827.9
540 21068.3
570 22320.1
600 23583.1
630 24857.2
660 26142.1
690 27437.4
720 28742.9
750 30058.4
780 31383.7
810 32718.3
840 34062.1
870 35414.6
900 36775.7
930 38144.8
960 39522
990 40906.9
1020 42299.3
1050 43698.9
1080 45105.5
1110 46518.8
1140 47938.8
1170 49365.1
1200 50797.6
1230 52236.2
1260 53680.6
1290 55130.6
1320 56586.1
1350 58047
1380 59513
1410 60984.1
1440 62460.2
1470 63941
1500 65426.5
1530 66916.4
1560 68410.8
1590 69909.4
1620 71412.1
1650 72919
1680 74429.7
1710 75944.3
1740 77462.6
1770 78984.6
1800 80510.1
1830 82039.1
1860 83571.5
1860 83571.5
