0 0
30 1143.88
60 2290.32
90 3454.95
120 4647.57
150 5867.92
180 7112.79
210 8379.54
240 9665.7
270 10969
300 12287.5
330 13619.4
360 14963.4
390 16318.1
420 17682.6
450 19055.9
480 20437.5
510 21826.5
540 23222.6
570 24625
600 26033.5
630 27447.7
660 28867.3
690 30292.3
720 31722.5
750 33157.9
780 34598.4
810 36044.1
840 37494.7
870 38950.5
900 40411.3
930 41877.1
960 43348
990 44823.7
1020 46304.3
1050 47789.7
1080 49279.7
1110 50774.4
1140 52273.5
1170 53777
1200 55284.9
1230 56797
1260 58313.3
1290 59833.6
1320 61357.9
1350 62886
1380 64417.9
1410 65953.5
1440 67492.7
1470 69035.5
1500 70581.6
1530 72131.1
1560 73683.9
1590 75239.9
1620 76799.1
1650 78361.3
1680 79926.5
1710 81494.6
1740 83065.6
1770 84639.4
1800 86215.9
1830 87795.1
1860 89376.9
1860 89376.9
