17

1 1
0 750
-1200 1200 
-1200 1200 

1 1
500 750
-1200 1200 
-1200 1200  

1 1
-500 750
-1200 1200 
-1200 1200 

1 1
-750 400
-1200 1200 
-1200 1200 

1 1
-250 400
-1200 1200 
-1200 1200 

1 1
250 400
-1200 1200 
-1200 1200 

1 1
750 400
-1200 1200 
-1200 1200 

1 1
0 0
-1200 1200 
-1200 1200 

1 1
500 0
-1200 1200 
-1200 1200 

1 1
-500 0
-1200 1200 
-1200 1200  

1 1
-750 -400
-1200 1200 
-1200 1200 

1 1
-250 -400
-1200 1200 
-1200 1200 

1 1
250 -400
-1200 1200 
-1200 1200 

1 1
750 -400
-1200 1200 
-1200 1200 

1 1
0 -750
-1200 1200 
-1200 1200 

1 1
500 -750
-1200 1200 
-1200 1200 

1 1
-500 -750
-1200 1200 
-1200 1200 