-1011.9 1011.9
-1011.9 1011.9
-1011.9 1011.9
-1011.9 1011.9
-1011.9 1011.9
-1011.9 1011.9
-1011.9 1011.9
-1011.9 1011.9
-1011.9 1011.9
-1011.9 1011.9
-1011.9 1011.9
-1011.9 1011.9
-1011.9 1011.9
-1011.9 1011.9
-1011.9 1011.9
-1011.9 1011.9
-1011.9 1011.9
-1011.9 1011.9
-1011.9 1011.9
-1011.9 1011.9
-1011.9 1011.9
-1011.9 1011.9
-1011.9 1011.9
-1011.9 1011.9
-1011.9 1011.9
-1011.9 1011.9
-1011.9 1011.9
-1011.9 1011.9
-1011.9 1011.9
-1011.9 1011.9
-1011.9 1011.9
-1011.9 1011.9
-1011.9 1011.9
-1011.9 1011.9
