  -750.000   500.000
  -750.000     0.000
  -750.000  -500.000
  -375.000   750.000
  -375.000   250.000
  -375.000  -250.000
  -375.000  -750.000
     0.000   500.000
     0.000     0.000
     0.000  -500.000
   375.000   750.000
   375.000   250.000
   375.000  -250.000
   375.000  -750.000
   750.000   500.000
   750.000     0.000
   750.000  -500.000
  -709.613   452.438
  -779.303   -54.877
  -700.201  -454.657
  -428.730   694.821
  -425.698   216.837
  -409.906  -291.652
  -418.505  -707.772
   -44.003   533.955
   -42.689   -52.968
   -33.540  -539.594
   322.987   705.103
   340.985   217.736
   340.295  -279.650
   329.625  -721.096
   708.503   456.469
   719.181   -22.675
   693.121  -465.417
  -729.570   402.538
  -749.903   -13.678
  -723.806  -510.747
  -417.011   753.157
  -420.634   173.315
  -412.732  -245.730
  -420.231  -763.890
   -96.428   495.728
   -83.406   -12.004
   -76.887  -587.206
   324.755   761.053
   334.031   164.081
   332.400  -289.411
   327.965  -771.613
   664.843   417.576
   714.852   -53.022
   659.197  -504.082
  -693.289   362.929
  -795.600   -44.425
  -687.764  -478.219
  -461.323   703.203
  -417.417   128.092
  -415.918  -300.252
  -458.018  -796.152
   -90.970   453.526
   -36.164   -49.250
   -76.142  -636.479
   291.210   726.600
   330.419   123.732
   329.617  -309.878
   327.662  -819.793
   613.349   371.955
   697.971   -17.235
   613.574  -548.592
  -720.900   318.448
  -759.768   -80.229
  -642.905  -446.407
  -474.029   748.606
  -416.900    82.671
  -416.592  -260.869
  -492.056  -850.103
   -90.062   404.694
   -48.617   -85.699
   -64.599  -601.411
   251.133   771.637
   310.228    75.511
   311.268  -314.292
   309.641  -862.058
   586.558   422.769
   656.755   -56.981
   570.392  -533.126
  -700.189   348.165
  -750.843  -124.550
  -669.835  -493.807
  -475.001   713.248
  -442.301   129.954
  -384.384  -205.278
  -513.900  -895.197
   -89.488   366.638
   -54.890  -116.879
   -80.976  -572.080
   193.288   804.406
   270.265   116.371
   277.173  -259.236
   284.039  -921.548
   545.051   378.481
   636.993  -104.615
   538.443  -565.528
  -711.921   382.286
  -733.444   -81.929
  -612.430  -454.529
  -474.509   745.341
  -422.241    94.104
  -405.824  -235.939
  -508.334  -843.637
   -89.297   399.683
   -59.309   -60.631
   -85.676  -628.517
   140.511   752.586
   245.134    63.339
   253.962  -313.534
   247.528  -969.402
   574.377   427.463
   632.600   -74.879
   500.526  -525.468
  -675.631   349.835
  -788.710  -128.072
  -634.333  -486.446
  -458.934   685.703
  -418.069   136.227
  -372.358  -289.608
  -506.675  -888.622
  -148.767   364.576
   -59.475  -112.804
   -87.815  -587.329
   168.058   788.912
   263.432   121.884
   217.662  -261.675
   293.550  -938.126
   551.988   385.949
   596.900  -112.679
   524.822  -557.710
  -715.771   407.513
  -755.039   -80.126
  -604.482  -501.803
  -461.756   725.796
  -401.374    89.174
  -383.280  -288.321
  -479.202  -921.792
  -119.928   399.505
   -59.522   -77.194
   -65.592  -646.377
   126.443   738.480
   248.617    93.044
   221.353  -294.333
   280.008  -969.031
   561.499   430.161
   578.335   -93.528
   467.391  -511.866
  -669.130   372.188
  -750.449  -113.253
  -651.691  -532.597
  -459.418   759.638
  -445.608   126.432
  -368.670  -238.912
  -476.896  -899.063
  -120.511   358.162
   -59.524  -129.147
   -77.135  -619.268
   142.135   766.322
   241.194   128.964
   185.053  -327.669
   269.369  -974.548
   521.553   412.090
   620.703  -138.533
   499.966  -543.639
  -710.134   385.807
  -728.504   -74.635
  -616.135  -484.732
  -449.314   741.942
  -427.752    85.965
  -401.658  -278.354
  -476.229  -906.247
   -96.198   414.773
   -59.524   -86.346
   -85.284  -658.749
   144.842   811.023
   218.327    86.622
   165.655  -374.389
   267.977  -988.351
   549.939   467.089
   573.568  -104.831
   448.977  -569.412
