     0.000   750.000
   500.000   750.000
  -500.000   750.000
  -750.000   400.000
  -250.000   400.000
   250.000   400.000
   750.000   400.000
     0.000     0.000
   500.000     0.000
  -500.000     0.000
  -750.000  -400.000
  -250.000  -400.000
   250.000  -400.000
   750.000  -400.000
     0.000  -750.000
   500.000  -750.000
  -500.000  -750.000
   -42.840   759.267
   454.102   696.011
  -456.172   713.532
  -703.121   361.107
  -270.533   359.407
   217.996   393.915
   708.745   353.658
   -30.581   -40.355
   469.519   -45.060
  -521.324   -35.933
  -701.532  -358.839
  -291.670  -449.502
   207.487  -434.326
   693.706  -341.250
   -25.608  -782.684
   451.624  -790.760
  -470.139  -778.575
   -87.198   816.559
   429.821   737.908
  -463.681   757.495
  -649.410   328.624
  -228.761   326.169
   212.805   353.005
   653.204   308.163
   -89.618   -91.249
   435.352    -5.193
  -512.540   -12.703
  -653.053  -403.402
  -251.187  -397.110
   208.112  -471.750
   655.301  -400.651
   -28.030  -817.926
   439.001  -844.139
  -505.439  -836.711
   -68.984   866.149
   461.789   779.279
  -459.963   815.385
  -692.990   273.794
  -229.491   294.273
   209.791   313.387
   653.755   271.054
   -89.352   -40.239
   396.656   -47.642
  -508.517   -61.884
  -617.417  -416.107
  -269.019  -430.979
   160.345  -430.915
   654.918  -349.490
   -43.286  -849.645
   387.031  -882.241
  -482.333  -886.405
   -88.024   823.956
   427.281   822.259
  -419.344   780.468
  -666.774   233.703
  -234.575   338.037
   190.406   349.111
   603.089   223.726
   -89.313   -86.900
   357.523   -90.081
  -506.482   -15.924
  -652.078  -465.019
  -253.769  -460.510
   124.292  -378.085
   654.819  -382.567
   -58.403  -904.908
   401.518  -864.863
  -476.891  -926.652
   -78.350   866.244
   457.802   808.692
  -433.371   760.651
  -709.656   267.196
  -233.657   284.284
   152.134   310.298
   569.888   259.426
  -110.776   -68.581
   306.687   -68.013
  -506.082   -64.154
  -612.824  -428.369
  -263.726  -488.453
    72.899  -433.333
   632.842  -413.407
   -30.908  -935.854
   392.061  -830.286
  -452.257  -893.886
   -84.744   831.996
   434.169   811.615
  -444.966   778.428
  -674.487   303.833
  -232.471   312.883
   125.085   316.785
   590.295   299.566
  -100.549  -119.138
   317.358  -107.509
  -483.647  -121.000
  -579.416  -476.512
  -243.959  -442.131
   106.000  -483.309
   610.731  -353.917
    -7.774  -985.579
   366.122  -873.019
  -465.171  -933.334
   -87.953   865.075
   405.894   811.028
  -446.312   809.074
  -636.472   251.135
  -236.448   260.918
   162.590   283.874
   594.498   256.424
   -93.550   -85.918
   266.565  -135.800
  -482.963   -85.338
  -558.963  -507.534
  -239.044  -493.917
   105.283  -506.625
   599.023  -385.987
   -35.510  -984.612
   384.508  -913.881
  -449.702  -964.862
   -88.611   830.706
   429.507   826.022
  -446.371   773.087
  -692.152   289.523
  -237.684   299.786
   165.448   309.216
   594.884   241.208
   -90.192  -133.831
   268.761  -139.115
  -480.420  -127.327
  -536.419  -471.011
  -238.484  -525.808
    63.443  -467.218
   595.798  -422.394
   -18.433 -1006.353
   386.141  -962.533
  -447.382  -998.990
   -83.720   883.460
   464.700   781.706
  -446.424   811.113
  -655.352   231.084
  -237.927   243.787
   183.152   263.820
   560.874   243.550
   -89.353   -85.040
   277.157  -155.501
  -476.452   -72.279
  -577.751  -525.351
  -243.525  -560.428
    85.346  -519.009
   595.242  -370.505
    14.412  -973.593
   340.871  -912.764
  -453.268  -940.948
