0 0
30 762.591
60 1525.18
90 2287.77
120 3050.36
150 3812.95
180 4575.55
210 5338.14
240 6100.73
270 6863.32
300 7625.91
330 8388.52
360 9151.19
390 9914.06
420 10677.5
450 11441.9
480 12208
510 12976.7
540 13748.9
570 14525.4
600 15306.9
630 16094.1
660 16887.4
690 17687.1
720 18493.3
750 19306.3
780 20125.9
810 20952
840 21784.6
870 22623.7
900 23469.1
930 24320.7
960 25178.3
990 26041.9
1020 26911.1
1050 27786
1080 28666.4
1110 29552.2
1140 30443.2
1170 31339.2
1200 32240.3
1230 33146.2
1260 34056.8
1290 34971.9
1320 35891.5
1350 36815.4
1380 37743.6
1410 38675.8
1440 39612
1470 40552
1500 41495.8
1530 42443.3
1560 43394.3
1590 44348.8
1620 45306.7
1650 46267.9
1680 47232.2
1710 48199.7
1740 49170.2
1770 50143.7
1800 51120.1
1830 52099.4
1860 53081.4
1860 53081.4
