0 0
30 762.591
60 1525.18
90 2287.77
120 3050.36
150 3812.95
180 4575.55
210 5338.14
240 6100.73
270 6863.32
300 7625.91
330 8388.5
360 9151.09
390 9913.69
420 10676.3
450 11438.9
480 12201.7
510 12964.6
540 13728
570 14492.2
600 15257.8
630 16025.5
660 16795.9
690 17569.9
720 18348.1
750 19131.2
780 19919.5
810 20713.7
840 21513.9
870 22320.5
900 23133.5
930 23952.9
960 24778.7
990 25611
1020 26449.6
1050 27294.4
1080 28145.4
1110 29002.4
1140 29865.3
1170 30733.9
1200 31608.1
1230 32487.9
1260 33372.9
1290 34263.2
1320 35158.4
1350 36058.6
1380 36963.6
1410 37873.2
1440 38787.4
1470 39706
1500 40628.9
1530 41556
1560 42487.2
1590 43422.3
1620 44361.3
1650 45304
1680 46250.5
1710 47200.5
1740 48154.1
1770 49111
1800 50071.2
1830 51034.7
1860 52001.3
1860 52001.3
