0 0
30 437.409
60 874.818
90 1312.23
120 1749.64
150 2187.05
180 2624.45
210 3061.79
240 3498.83
270 3935.03
300 4369.51
330 4801.2
360 5228.95
390 5651.74
420 6068.65
450 6479.03
480 6882.43
510 7278.56
540 7667.32
570 8048.69
600 8422.49
630 8788.78
660 9147.65
690 9499.22
720 9843.67
750 10181.1
780 10511.7
810 10835.5
840 11152.8
870 11463.8
900 11768.6
930 12067.6
960 12360.7
990 12648.2
1020 12930.3
1050 13207.2
1080 13479
1110 13745.8
1140 14007.9
1170 14265.4
1200 14518.4
1230 14767.1
1260 15011.6
1290 15252
1320 15488.5
1350 15721
1380 15949.9
1410 16175.1
1440 16396.8
1470 16615.1
1500 16830.1
1530 17041.9
1560 17250.5
1590 17456.1
1620 17658.7
1650 17858.5
1680 18055.4
1710 18249.7
1740 18441.2
1770 18630.2
1800 18816.7
1830 19000.7
1860 19182.3
1860 19182.3
