0 0
30 762.591
60 1525.18
90 2287.77
120 3050.36
150 3812.95
180 4575.55
210 5338.14
240 6100.73
270 6863.32
300 7625.91
330 8388.5
360 9151.09
390 9913.68
420 10676.3
450 11438.9
480 12201.5
510 12964.1
540 13726.7
570 14489.3
600 15252.1
630 16015.2
660 16778.8
690 17543.2
720 18309.1
750 19076.8
780 19847
810 20620.5
840 21397.8
870 22179.5
900 22966
930 23757.8
960 24555.2
990 25358.4
1020 26167.5
1050 26982.6
1080 27803.8
1110 28630.9
1140 29464.1
1170 30303.1
1200 31148
1230 31998.6
1260 32854.8
1290 33716.5
1320 34583.6
1350 35455.8
1380 36333.2
1410 37215.5
1440 38102.8
1470 38994.7
1500 39891.3
1530 40792.4
1560 41697.8
1590 42607.5
1620 43521.3
1650 44439.2
1680 45361
1710 46286.7
1740 47216.1
1770 48149.2
1800 49085.8
1830 50026
1860 50969.5
1860 50969.5
