0 0
30 762.591
60 1525.18
90 2287.77
120 3050.36
150 3812.95
180 4575.55
210 5338.14
240 6100.73
270 6863.32
300 7625.91
330 8388.5
360 9151.1
390 9913.75
420 10676.6
450 11440
480 12204.5
510 12970.9
540 13740.2
570 14513.4
600 15291.4
630 16074.9
660 16864.8
690 17661.4
720 18465.2
750 19276.4
780 20095
810 20921.2
840 21754.8
870 22595.9
900 23444.2
930 24299.7
960 25162.2
990 26031.5
1020 26907.3
1050 27789.6
1080 28678.1
1110 29572.7
1140 30473.1
1170 31379.3
1200 32291
1230 33208
1260 34130.2
1290 35057.5
1320 35989.6
1350 36926.4
1380 37867.7
1410 38813.4
1440 39763.5
1470 40717.7
1500 41675.9
1530 42638
1560 43603.9
1590 44573.5
1620 45546.7
1650 46523.3
1680 47503.3
1710 48486.6
1740 49473.1
1770 50462.7
1800 51455.3
1830 52450.9
1860 53449.3
1860 53449.3
