0 0
30 762.591
60 1525.18
90 2287.77
120 3050.36
150 3812.95
180 4575.55
210 5338.14
240 6100.73
270 6863.32
300 7625.91
330 8388.5
360 9151.09
390 9913.68
420 10676.3
450 11438.9
480 12201.6
510 12964.4
540 13727.4
570 14490.8
600 15254.9
630 16019.9
660 16786
690 17553.8
720 18323.6
750 19095.8
780 19870.8
810 20648.9
840 21430.7
870 22216.3
900 23006
930 23800.2
960 24599
990 25402.7
1020 26211.4
1050 27025.1
1080 27844.1
1110 28668.2
1140 29497.6
1170 30332.1
1200 31171.8
1230 32016.6
1260 32866.5
1290 33721.2
1320 34580.8
1350 35445.3
1380 36314.5
1410 37188.3
1440 38066.7
1470 38949.6
1500 39836.8
1530 40728.2
1560 41623.8
1590 42523.4
1620 43427
1650 44334.6
1680 45245.9
1710 46160.9
1740 47079.5
1770 48001.7
1800 48927.4
1830 49856.5
1860 50788.9
1860 50788.9
