0 0
30 762.591
60 1525.18
90 2287.77
120 3050.36
150 3812.95
180 4575.55
210 5338.14
240 6100.73
270 6863.32
300 7625.91
330 8388.52
360 9151.18
390 9913.96
420 10677
450 11440.6
480 12205.1
510 12971.1
540 13739.1
570 14509.9
600 15284.3
630 16063.2
660 16847.3
690 17637.1
720 18433.2
750 19235.9
780 20045.5
810 20862.1
840 21685.8
870 22516.5
900 23354.2
930 24198.7
960 25049.9
990 25907.8
1020 26772.1
1050 27642.8
1080 28519.5
1110 29402.2
1140 30290.6
1170 31184.7
1200 32084.1
1230 32988.7
1260 33898.4
1290 34813
1320 35732.4
1350 36656.5
1380 37585
1410 38517.9
1440 39455
1470 40396.2
1500 41341.3
1530 42290.3
1560 43243.1
1590 44199.5
1620 45159.5
1650 46122.9
1680 47089.6
1710 48059.6
1740 49032.9
1770 50009.2
1800 50988.6
1830 51970.9
1860 52956
1860 52956
