0 0
30 762.591
60 1525.18
90 2287.77
120 3050.36
150 3812.95
180 4575.55
210 5338.14
240 6100.73
270 6863.32
300 7625.91
330 8388.5
360 9151.09
390 9913.68
420 10676.3
450 11438.9
480 12201.5
510 12964
540 13726.6
570 14489.2
600 15251.8
630 16014.4
660 16777.1
690 17539.8
720 18302.7
750 19066
780 19830
810 20595
840 21361.4
870 22129.9
900 22900.9
930 23675.1
960 24453
990 25235
1020 26021.6
1050 26813.1
1080 27609.8
1110 28411.8
1140 29219.3
1170 30032.5
1200 30851.4
1230 31675.9
1260 32506.2
1290 33342.1
1320 34183.5
1350 35030.5
1380 35882.9
1410 36740.7
1440 37603.7
1470 38471.8
1500 39345
1530 40223.1
1560 41106
1590 41993.5
1620 42885.7
1650 43782.4
1680 44683.5
1710 45588.8
1740 46498.4
1770 47412
1800 48329.5
1830 49251
1860 50176.2
1860 50176.2
