0 0
30 762.591
60 1525.18
90 2287.77
120 3050.36
150 3812.95
180 4575.55
210 5338.14
240 6100.73
270 6863.32
300 7625.91
330 8388.5
360 9151.09
390 9913.68
420 10676.3
450 11438.9
480 12201.5
510 12964.1
540 13726.7
570 14489.5
600 15252.4
630 16015.8
660 16779.8
690 17544.8
720 18311.1
750 19079.2
780 19849.5
810 20622.4
840 21398.4
870 22177.9
900 22961.2
930 23748.6
960 24540.4
990 25336.8
1020 26138.1
1050 26944.4
1080 27755.9
1110 28572.5
1140 29394.5
1170 30221.8
1200 31054.4
1230 31892.4
1260 32735.6
1290 33584.1
1320 34437.8
1350 35296.6
1380 36160.4
1410 37029.2
1440 37902.8
1470 38781.1
1500 39664.1
1530 40551.6
1560 41443.6
1590 42340
1620 43240.6
1650 44145.3
1680 45054.1
1710 45966.9
1740 46883.4
1770 47803.8
1800 48727.7
1830 49655.3
1860 50586.3
1860 50586.3
