0 0
30 437.409
60 874.818
90 1312.23
120 1749.64
150 2187.05
180 2624.45
210 3061.86
240 3499.27
270 3936.68
300 4374.09
330 4811.5
360 5248.91
390 5686.32
420 6123.73
450 6561.13
480 6998.54
510 7435.91
540 7873.22
570 8310.35
600 8747.11
630 9183.19
660 9618.17
690 10051.5
720 10482.4
750 10910.3
780 11334.4
810 11754.2
840 12169
870 12578.6
900 12982.3
930 13380.1
960 13771.8
990 14157.3
1020 14536.5
1050 14909.5
1080 15276.4
1110 15637.1
1140 15991.9
1170 16340.8
1200 16684
1230 17021.4
1260 17353.4
1290 17679.9
1320 18001.2
1350 18317.4
1380 18628.6
1410 18934.9
1440 19236.6
1470 19533.7
1500 19826.3
1530 20114.5
1560 20398.5
1590 20678.4
1620 20954.3
1650 21226.3
1680 21494.5
1710 21759
1740 22019.9
1770 22277.3
1800 22531.3
1830 22782
1860 23029.4
1860 23029.4
