0 0
30 762.591
60 1525.18
90 2287.77
120 3050.36
150 3812.95
180 4575.55
210 5338.14
240 6100.73
270 6863.32
300 7625.91
330 8388.5
360 9151.09
390 9913.68
420 10676.3
450 11438.9
480 12201.5
510 12964
540 13726.6
570 14489.2
600 15251.8
630 16014.4
660 16777
690 17539.7
720 18302.5
750 19065.5
780 19828.9
810 20592.8
840 21357.6
870 22123.4
900 22890.7
930 23659.9
960 24431.2
990 25205.2
1020 25982.3
1050 26762.7
1080 27547.1
1110 28335.6
1140 29128.7
1170 29926.5
1200 30729.3
1230 31537.2
1260 32350.5
1290 33169.1
1320 33993.1
1350 34822.5
1380 35657.3
1410 36497.5
1440 37343
1470 38193.8
1500 39049.7
1530 39910.8
1560 40776.8
1590 41647.7
1620 42523.3
1650 43403.7
1680 44288.6
1710 45178
1740 46071.8
1770 46969.9
1800 47872.2
1830 48778.4
1860 49688.6
1860 49688.6
