0 0
30 437.409
60 874.818
90 1312.23
120 1749.64
150 2187.05
180 2624.45
210 3061.86
240 3499.27
270 3936.68
300 4374.09
330 4811.5
360 5248.91
390 5686.32
420 6123.73
450 6561.13
480 6998.54
510 7435.95
540 7873.36
570 8310.77
600 8748.17
630 9185.57
660 9622.92
690 10060.2
720 10497.3
750 10934.2
780 11370.6
810 11806.3
840 12241.1
870 12674.4
900 13106
930 13535.4
960 13962
990 14385.4
1020 14805.1
1050 15220.6
1080 15631.4
1110 16037.4
1140 16438.1
1170 16833.4
1200 17223
1230 17606.9
1260 17985.1
1290 18357.4
1320 18723.9
1350 19084.7
1380 19439.9
1410 19789.4
1440 20133.4
1470 20472.1
1500 20805.6
1530 21133.9
1560 21457.1
1590 21775.5
1620 22089.1
1650 22397.9
1680 22702.3
1710 23002.1
1740 23297.6
1770 23589
1800 23876.2
1830 24159.4
1860 24438.7
1860 24438.7
