0 0
30 762.591
60 1525.18
90 2287.77
120 3050.36
150 3812.95
180 4575.55
210 5338.14
240 6100.73
270 6863.32
300 7625.91
330 8388.51
360 9151.14
390 9913.88
420 10676.9
450 11440.3
480 12204.7
510 12970.3
540 13737.9
570 14507.9
600 15281.3
630 16058.5
660 16840.5
690 17627.7
720 18420.7
750 19220
780 20026
810 20838.7
840 21658.5
870 22485.3
900 23319.1
930 24159.9
960 25007.5
990 25861.8
1020 26722.6
1050 27589.7
1080 28463
1110 29342.3
1140 30227.3
1170 31118
1200 32014
1230 32915.4
1260 33821.9
1290 34733.2
1320 35649.4
1350 36570.2
1380 37495.5
1410 38425.1
1440 39358.9
1470 40296.9
1500 41238.7
1530 42184.5
1560 43133.9
1590 44087
1620 45043.6
1650 46003.6
1680 46967
1710 47933.6
1740 48903.3
1770 49876.1
1800 50851.9
1830 51830.6
1860 52812.1
1860 52812.1
