0 0
30 437.409
60 874.818
90 1312.23
120 1749.64
150 2187.05
180 2624.45
210 3061.86
240 3499.27
270 3936.68
300 4374.09
330 4811.5
360 5248.91
390 5686.32
420 6123.73
450 6561.13
480 6998.52
510 7435.85
540 7873.01
570 8309.75
600 8745.7
630 9180.33
660 9613.07
690 10043.3
720 10470.4
750 10893.9
780 11313.2
810 11727.9
840 12137.7
870 12542.4
900 12941.6
930 13335.2
960 13723.1
990 14105.2
1020 14481.6
1050 14852
1080 15216.7
1110 15575.5
1140 15928.6
1170 16276.1
1200 16618
1230 16954.5
1260 17285.7
1290 17611.6
1320 17932.4
1350 18248.2
1380 18559
1410 18865
1440 19166.2
1470 19462.9
1500 19755.4
1530 20043.7
1560 20327.9
1590 20608.2
1620 20884.4
1650 21156.9
1680 21425.5
1710 21690.5
1740 21951.9
1770 22209.8
1800 22464.3
1830 22715.5
1860 22963.4
1860 22963.4
