0 0
30 437.409
60 874.818
90 1312.23
120 1749.64
150 2187.05
180 2624.45
210 3061.86
240 3499.27
270 3936.68
300 4374.09
330 4811.5
360 5248.91
390 5686.32
420 6123.73
450 6561.13
480 6998.54
510 7435.95
540 7873.36
570 8310.76
600 8748.15
630 9185.49
660 9622.71
690 10059.7
720 10496.2
750 10931.9
780 11366.4
810 11799.2
840 12229.7
870 12657.3
900 13081.4
930 13501.5
960 13917.2
990 14328.1
1020 14733.9
1050 15134.5
1080 15529.6
1110 15919.2
1140 16303.3
1170 16681.9
1200 17054.9
1230 17422.5
1260 17784.6
1290 18141.2
1320 18492.6
1350 18838.6
1380 19179.5
1410 19515.3
1440 19846.2
1470 20172.1
1500 20493.2
1530 20809.6
1560 21121.3
1590 21428.6
1620 21731.3
1650 22029.8
1680 22324
1710 22614.1
1740 22900.1
1770 23182.2
1800 23460.6
1830 23735.2
1860 24006.3
1860 24006.3
