0 0
30 437.409
60 874.818
90 1312.23
120 1749.64
150 2187.05
180 2624.45
210 3061.86
240 3499.27
270 3936.68
300 4374.09
330 4811.5
360 5248.91
390 5686.32
420 6123.73
450 6561.13
480 6998.54
510 7435.95
540 7873.36
570 8310.76
600 8748.14
630 9185.5
660 9622.81
690 10060.1
720 10497.2
750 10934.1
780 11370.9
810 11807.3
840 12243.3
870 12678.8
900 13113.7
930 13547.8
960 13980.9
990 14413
1020 14843.7
1050 15273
1080 15700.7
1110 16126.5
1140 16550.3
1170 16972
1200 17391.3
1230 17808.1
1260 18222.3
1290 18633.7
1320 19042.2
1350 19447.8
1380 19850.3
1410 20249.6
1440 20645.8
1470 21038.7
1500 21428.2
1530 21814.5
1560 22197.4
1590 22577
1620 22953.2
1650 23326.1
1680 23695.5
1710 24061.6
1740 24424.4
1770 24783.9
1800 25140.1
1830 25493
1860 25842.7
1860 25842.7
