0 0
30 762.591
60 1525.18
90 2287.77
120 3050.36
150 3812.95
180 4575.55
210 5338.14
240 6100.73
270 6863.32
300 7625.91
330 8388.51
360 9151.13
390 9913.79
420 10676.5
450 11439.4
480 12202.6
510 12966.3
540 13731
570 14497.2
600 15265.7
630 16037.3
660 16812.6
690 17592.6
720 18377.7
750 19168.4
780 19965.1
810 20768.2
840 21577.8
870 22394
900 23216.7
930 24046.1
960 24882.1
990 25724.5
1020 26573.4
1050 27428.6
1080 28289.8
1110 29157.1
1140 30030.2
1170 30909
1200 31793.3
1230 32683.1
1260 33578.1
1290 34478.2
1320 35383.4
1350 36293.3
1380 37208
1410 38127.3
1440 39051
1470 39979
1500 40911.2
1530 41847.5
1560 42787.9
1590 43732.1
1620 44680.1
1650 45631.7
1680 46586.9
1710 47545.6
1740 48507.7
1770 49473.1
1800 50441.7
1830 51413.5
1860 52388.4
1860 52388.4
