0 0
30 762.591
60 1525.18
90 2287.77
120 3050.36
150 3812.95
180 4575.55
210 5338.14
240 6100.73
270 6863.37
300 7626.27
330 8390.08
360 9155.97
390 9925.54
420 10700.5
450 11482.3
480 12272
510 13070.6
540 13878.5
570 14696.1
600 15523.5
630 16360.6
660 17207.5
690 18063.5
720 18928.7
750 19802.6
780 20684.8
810 21575.2
840 22473.4
870 23379.1
900 24292
930 25211.7
960 26138.2
990 27071.1
1020 28010.2
1050 28955.1
1080 29905.7
1110 30861.7
1140 31822.9
1170 32789.2
1200 33760.3
1230 34736
1260 35716.2
1290 36700.8
1320 37689.5
1350 38682.3
1380 39678.9
1410 40679.3
1440 41683.3
1470 42690.9
1500 43701.8
1530 44716
1560 45733.4
1590 46753.9
1620 47777.4
1650 48803.7
1680 49832.9
1710 50864.8
1740 51899.4
1770 52936.6
1800 53976.2
1830 55018.3
1860 56062.8
1860 56062.8
