0 0
30 437.409
60 874.818
90 1312.23
120 1749.64
150 2187.05
180 2624.45
210 3061.86
240 3499.27
270 3936.68
300 4374.09
330 4811.5
360 5248.91
390 5686.32
420 6123.73
450 6561.13
480 6998.53
510 7435.88
540 7873.12
570 8310.09
600 8746.52
630 9182.02
660 9616.07
690 10048
720 10477.3
750 10903.1
780 11324.9
810 11742
840 12154
870 12560.6
900 12961.4
930 13356.3
960 13745.2
990 14127.8
1020 14504.3
1050 14874.6
1080 15238.8
1110 15597
1140 15949.3
1170 16295.7
1200 16636.3
1230 16971.4
1260 17301
1290 17625.3
1320 17944.3
1350 18258.3
1380 18567.3
1410 18871.5
1440 19170.9
1470 19465.7
1500 19756.1
1530 20042.1
1560 20323.9
1590 20601.6
1620 20875.2
1650 21144.9
1680 21410.8
1710 21672.9
1740 21931.5
1770 22186.4
1800 22438
1830 22686.1
1860 22930.9
1860 22930.9
