0 0
30 762.591
60 1525.18
90 2287.77
120 3050.36
150 3812.95
180 4575.55
210 5338.14
240 6100.73
270 6863.32
300 7625.91
330 8388.5
360 9151.09
390 9913.68
420 10676.3
450 11438.9
480 12201.5
510 12964
540 13726.6
570 14489.2
600 15251.8
630 16014.4
660 16777.1
690 17539.8
720 18302.8
750 19066.1
780 19830.3
810 20595.7
840 21362.9
870 22132.4
900 22905.1
930 23681.6
960 24462.3
990 25247.8
1020 26038.5
1050 26834.7
1080 27636.6
1110 28444.4
1140 29258.1
1170 30077.8
1200 30903.5
1230 31735.2
1260 32572.7
1290 33416
1320 34265.1
1350 35119.7
1380 35979.9
1410 36845.4
1440 37716.2
1470 38592.1
1500 39473
1530 40358.7
1560 41249.2
1590 42144.3
1620 43043.9
1650 43947.9
1680 44856.2
1710 45768.8
1740 46685.3
1770 47605.9
1800 48530.3
1830 49458.5
1860 50390.4
1860 50390.4
