0 0
30 437.409
60 874.818
90 1312.23
120 1749.64
150 2187.05
180 2624.45
210 3061.86
240 3499.27
270 3936.68
300 4374.09
330 4811.5
360 5248.91
390 5686.32
420 6123.73
450 6561.13
480 6998.54
510 7435.95
540 7873.36
570 8310.75
600 8748.13
630 9185.45
660 9622.71
690 10059.8
720 10496.8
750 10933.4
780 11369.7
810 11805.5
840 12240.6
870 12675
900 13108.4
930 13540.7
960 13971.7
990 14401.1
1020 14828.9
1050 15254.8
1080 15678.6
1110 16100.1
1140 16519.1
1170 16935.4
1200 17349
1230 17759.6
1260 18167.1
1290 18571.3
1320 18972.3
1350 19369.9
1380 19764
1410 20154.6
1440 20541.6
1470 20925
1500 21304.7
1530 21680.8
1560 22053.2
1590 22421.9
1620 22786.9
1650 23148.3
1680 23506
1710 23860.2
1740 24210.7
1770 24557.7
1800 24901.2
1830 25241.2
1860 25577.7
1860 25577.7
