0 0
30 762.591
60 1525.18
90 2287.77
120 3050.36
150 3812.95
180 4575.55
210 5338.14
240 6100.73
270 6863.32
300 7625.91
330 8388.5
360 9151.09
390 9913.68
420 10676.3
450 11438.9
480 12201.5
510 12964.1
540 13726.7
570 14489.4
600 15252.2
630 16015.4
660 16779.2
690 17544
720 18310.3
750 19078.7
780 19849.7
810 20624
840 21402.1
870 22184.6
900 22971.8
930 23764.3
960 24562.3
990 25366.1
1020 26175.7
1050 26991.3
1080 27813
1110 28640.9
1140 29474.7
1170 30314.6
1200 31160.4
1230 32012.1
1260 32869.4
1290 33732.4
1320 34600.9
1350 35474.7
1380 36353.7
1410 37237.9
1440 38127
1470 39020.9
1500 39919.6
1530 40822.8
1560 41730.5
1590 42642.6
1620 43559
1650 44479.5
1680 45404
1710 46332.5
1740 47264.9
1770 48201
1800 49140.8
1830 50084
1860 51030.7
1860 51030.7
