0 0
30 762.591
60 1525.18
90 2287.77
120 3050.36
150 3812.95
180 4575.55
210 5338.14
240 6100.73
270 6863.32
300 7625.91
330 8388.5
360 9151.09
390 9913.69
420 10676.3
450 11439
480 12201.8
510 12964.9
540 13728.7
570 14493.6
600 15260.2
630 16029.1
660 16801
690 17576.6
720 18356.6
750 19141.5
780 19931.8
810 20727.8
840 21529.9
870 22338.1
900 23152.6
930 23973.5
960 24800.8
990 25634.5
1020 26474.4
1050 27320.6
1080 28172.8
1110 29031.1
1140 29895.1
1170 30764.9
1200 31640.2
1230 32521
1260 33407.1
1290 34298.3
1320 35194.7
1350 36095.9
1380 37002
1410 37912.7
1440 38827.9
1470 39747.5
1500 40671.3
1530 41599.3
1560 42531.3
1590 43467.4
1620 44407.3
1650 45350.9
1680 46298.2
1710 47249
1740 48203.3
1770 49160.9
1800 50121.9
1830 51086.1
1860 52053.4
1860 52053.4
