0 0
30 437.409
60 874.818
90 1312.23
120 1749.64
150 2187.05
180 2624.45
210 3061.86
240 3499.27
270 3936.68
300 4374.09
330 4811.5
360 5248.91
390 5686.32
420 6123.73
450 6561.13
480 6998.54
510 7435.95
540 7873.36
570 8310.77
600 8748.17
630 9185.56
660 9622.9
690 10060.1
720 10497.2
750 10933.9
780 11370
810 11805.3
840 12239.3
870 12671.6
900 13101.9
930 13529.5
960 13954.2
990 14375.5
1020 14793
1050 15206.4
1080 15615.4
1110 16019.9
1140 16419.4
1170 16814
1200 17203.6
1230 17587.9
1260 17967
1290 18340.9
1320 18709.5
1350 19072.8
1380 19431
1410 19784.1
1440 20132.1
1470 20475.1
1500 20813.3
1530 21146.5
1560 21475.1
1590 21799
1620 22118.3
1650 22433.3
1680 22744
1710 23050.4
1740 23352.7
1770 23651
1800 23945.3
1830 24235.8
1860 24522.5
1860 24522.5
