0 0
30 762.591
60 1525.18
90 2287.77
120 3050.36
150 3812.95
180 4575.55
210 5338.14
240 6100.73
270 6863.32
300 7625.91
330 8388.5
360 9151.09
390 9913.68
420 10676.3
450 11438.9
480 12201.5
510 12964
540 13726.6
570 14489.2
600 15251.8
630 16014.4
660 16777
690 17539.7
720 18302.4
750 19065.2
780 19828.3
810 20591.8
840 21355.8
870 22120.6
900 22886.4
930 23653.4
960 24421.9
990 25192.1
1020 25964.4
1050 26739
1080 27516.1
1110 28296
1140 29078.8
1170 29864.8
1200 30654.2
1230 31447
1260 32243.4
1290 33043.6
1320 33847.5
1350 34655.4
1380 35467.3
1410 36283.3
1440 37103.4
1470 37927.5
1500 38755.8
1530 39588.3
1560 40424.8
1590 41265.4
1620 42110.1
1650 42958.8
1680 43811.5
1710 44668.1
1740 45528.6
1770 46393.1
1800 47261.3
1830 48133.4
1860 49009.2
1860 49009.2
