0 0
30 762.591
60 1525.18
90 2287.77
120 3050.36
150 3812.95
180 4575.55
210 5338.14
240 6100.73
270 6863.32
300 7625.91
330 8388.5
360 9151.09
390 9913.68
420 10676.3
450 11438.9
480 12201.5
510 12964.2
540 13727.1
570 14490.3
600 15254.1
630 16018.7
660 16784.5
690 17551.9
720 18321.6
750 19093.9
780 19869.4
810 20648.7
840 21432.2
870 22220.3
900 23013.4
930 23811.8
960 24615.7
990 25425.2
1020 26240.4
1050 27061.4
1080 27888.1
1110 28720.6
1140 29558.7
1170 30402.5
1200 31251.8
1230 32106.6
1260 32966.7
1290 33832
1320 34702.4
1350 35577.8
1380 36458.1
1410 37343.1
1440 38232.8
1470 39126.9
1500 40025.6
1530 40928.5
1560 41835.7
1590 42746.9
1620 43662.2
1650 44581.4
1680 45504.4
1710 46431.1
1740 47361.4
1770 48295.3
1800 49232.7
1830 50173.4
1860 51117.4
1860 51117.4
