0 0
30 762.591
60 1525.18
90 2287.77
120 3050.36
150 3812.95
180 4575.55
210 5338.14
240 6100.73
270 6863.32
300 7625.91
330 8388.5
360 9151.09
390 9913.68
420 10676.3
450 11438.9
480 12201.5
510 12964.2
540 13727
570 14490.2
600 15254.1
630 16019.1
660 16785.8
690 17554.9
720 18327.4
750 19103.8
780 19884.8
810 20671.1
840 21463.1
870 22261
900 23065.2
930 23875.8
960 24692.9
990 25516.5
1020 26346.5
1050 27182.9
1080 28025.6
1110 28874.5
1140 29729.5
1170 30590.3
1200 31456.9
1230 32329.1
1260 33206.7
1290 34089.7
1320 34977.9
1350 35871.1
1380 36769.2
1410 37672
1440 38579.5
1470 39491.5
1500 40407.8
1530 41328.4
1560 42253.1
1590 43181.9
1620 44114.6
1650 45051
1680 45991.2
1710 46935
1740 47882.4
1770 48833.2
1800 49787.3
1830 50744.8
1860 51705.4
1860 51705.4
