0 0
30 437.409
60 874.818
90 1312.23
120 1749.64
150 2187.05
180 2624.45
210 3061.86
240 3499.27
270 3936.68
300 4374.09
330 4811.5
360 5248.91
390 5686.32
420 6123.73
450 6561.13
480 6998.54
510 7435.95
540 7873.36
570 8310.75
600 8748.1
630 9185.38
660 9622.49
690 10059.3
720 10495.7
750 10931.3
780 11366
810 11799.3
840 12231
870 12660.5
900 13087.6
930 13511.9
960 13933
990 14350.8
1020 14765
1050 15175.3
1080 15581.7
1110 15983.8
1140 16381.7
1170 16775.3
1200 17164.4
1230 17549.1
1260 17929.2
1290 18304.8
1320 18676
1350 19042.6
1380 19404.8
1410 19762.4
1440 20115.5
1470 20464.2
1500 20808.5
1530 21148.3
1560 21483.6
1590 21814.6
1620 22141.2
1650 22463.6
1680 22781.9
1710 23096.1
1740 23406.2
1770 23712.4
1800 24014.6
1830 24313.1
1860 24607.8
1860 24607.8
