0 0
30 762.591
60 1525.18
90 2287.77
120 3050.36
150 3812.95
180 4575.55
210 5338.14
240 6100.73
270 6863.32
300 7625.91
330 8388.5
360 9151.09
390 9913.68
420 10676.3
450 11438.9
480 12201.5
510 12964
540 13726.6
570 14489.2
600 15251.9
630 16014.5
660 16777.4
690 17540.5
720 18304
750 19068.4
780 19833.9
810 20600.9
840 21370.1
870 22141.9
900 22916.9
930 23695.5
960 24478.3
990 25265.6
1020 26057.9
1050 26855.3
1080 27658.3
1110 28466.9
1140 29281.3
1170 30101.6
1200 30927.7
1230 31759.7
1260 32597.6
1290 33441.2
1320 34290.6
1350 35145.6
1380 36006.2
1410 36872.1
1440 37743.3
1470 38619.7
1500 39501
1530 40387.3
1560 41278.3
1590 42174
1620 43074.3
1650 43978.9
1680 44887.9
1710 45801
1740 46718.1
1770 47639.3
1800 48564.3
1830 49493
1860 50425.4
1860 50425.4
