0 0
30 437.409
60 874.818
90 1312.23
120 1749.54
150 2186.08
180 2620.38
210 3050.5
240 3474.52
270 3891.03
300 4299.11
330 4698.34
360 5088.63
390 5470.08
420 5842.9
450 6207.4
480 6563.85
510 6912.55
540 7253.81
570 7587.94
600 7915.22
630 8235.91
660 8550.28
690 8858.55
720 9160.92
750 9457.58
780 9748.73
810 10034.5
840 10315
870 10590.5
900 10860.9
930 11126.3
960 11386.8
990 11642.6
1020 11893.7
1050 12140.4
1080 12382.6
1110 12620.5
1140 12854.3
1170 13084
1200 13309.9
1230 13531.9
1260 13750.2
1290 13964.9
1320 14176
1350 14383.8
1380 14588.2
1410 14789.5
1440 14987.6
1470 15182.7
1500 15374.8
1530 15564.1
1560 15750.5
1590 15934.2
1620 16115.3
1650 16293.8
1680 16469.7
1710 16643.2
1740 16814.3
1770 16983.1
1800 17149.6
1830 17313.9
1860 17476
1860 17476
