0 0
30 762.591
60 1525.18
90 2287.77
120 3050.36
150 3812.95
180 4575.55
210 5338.14
240 6100.73
270 6863.32
300 7625.91
330 8388.5
360 9151.09
390 9913.68
420 10676.3
450 11438.9
480 12201.5
510 12964.1
540 13726.8
570 14489.8
600 15253.3
630 16017.7
660 16783.7
690 17552
720 18323.4
750 19098.7
780 19878.6
810 20663.9
840 21455.1
870 22252.5
900 23056.5
930 23867.2
960 24684.7
990 25509
1020 26340
1050 27177.8
1080 28022.2
1110 28872.9
1140 29730.1
1170 30593.4
1200 31462.7
1230 32337.9
1260 33218.8
1290 34105.2
1320 34996.9
1350 35893.9
1380 36795.9
1410 37702.9
1440 38614.5
1470 39530.9
1500 40451.7
1530 41376.8
1560 42306.2
1590 43239.7
1620 44177.2
1650 45118.6
1680 46063.8
1710 47012.7
1740 47965.2
1770 48921.1
1800 49880.5
1830 50843.1
1860 51809
1860 51809
