0 0
30 437.409
60 874.818
90 1312.23
120 1749.64
150 2187.05
180 2624.45
210 3061.86
240 3499.27
270 3936.68
300 4374.09
330 4811.5
360 5248.91
390 5686.32
420 6123.73
450 6561.13
480 6998.51
510 7435.85
540 7873.06
570 8310.04
600 8746.6
630 9182.46
660 9617.28
690 10050.7
720 10482.2
750 10911.3
780 11337.6
810 11760.7
840 12180.1
870 12595.4
900 13006.4
930 13412.6
960 13814
990 14210.2
1020 14601.3
1050 14987.1
1080 15367.5
1110 15742.5
1140 16112.2
1170 16476.5
1200 16835.5
1230 17189.3
1260 17537.9
1290 17881.4
1320 18219.8
1350 18553.4
1380 18882.2
1410 19206.3
1440 19525.7
1470 19840.7
1500 20151.3
1530 20457.6
1560 20759.7
1590 21057.6
1620 21351.6
1650 21641.6
1680 21927.8
1710 22210.2
1740 22489
1770 22764.2
1800 23035.9
1830 23304.3
1860 23569.3
1860 23569.3
