0 0
30 762.591
60 1525.18
90 2287.77
120 3050.36
150 3812.95
180 4575.55
210 5338.14
240 6100.73
270 6863.32
300 7625.91
330 8388.5
360 9151.09
390 9913.68
420 10676.3
450 11438.9
480 12201.5
510 12964.1
540 13726.8
570 14489.7
600 15252.9
630 16016.6
660 16781
690 17546.5
720 18313.3
750 19081.8
780 19852.3
810 20625.2
840 21400.7
870 22179.1
900 22960.6
930 23745.5
960 24533.9
990 25326
1020 26121.9
1050 26921.8
1080 27725.7
1110 28533.8
1140 29346.2
1170 30162.8
1200 30983.9
1230 31809.4
1260 32639.4
1290 33473.8
1320 34312.7
1350 35156.1
1380 36003.9
1410 36856
1440 37712.6
1470 38573.5
1500 39438.7
1530 40308.1
1560 41181.7
1590 42059.4
1620 42941.2
1650 43826.9
1680 44716.6
1710 45610.2
1740 46507.6
1770 47408.7
1800 48313.5
1830 49221.8
1860 50133.7
1860 50133.7
