0 0
30 437.409
60 874.818
90 1312.23
120 1749.64
150 2187.05
180 2624.45
210 3061.86
240 3499.27
270 3936.68
300 4374.09
330 4811.5
360 5248.91
390 5686.32
420 6123.73
450 6561.13
480 6998.54
510 7435.95
540 7873.36
570 8310.77
600 8748.18
630 9185.58
660 9622.97
690 10060.3
720 10497.6
750 10934.6
780 11371.3
810 11807.3
840 12242.2
870 12675.5
900 13106.8
930 13535.2
960 13960.4
990 14381.6
1020 14798.4
1050 15210.3
1080 15616.9
1110 16018
1140 16413.3
1170 16802.8
1200 17186.2
1230 17563.7
1260 17935.2
1290 18300.8
1320 18660.4
1350 19014.3
1380 19362.4
1410 19704.9
1440 20041.9
1470 20373.5
1500 20699.9
1530 21021.2
1560 21337.6
1590 21649
1620 21955.6
1650 22257.7
1680 22555.2
1710 22848.4
1740 23137.3
1770 23422
1800 23702.8
1830 23979.5
1860 24252.4
1860 24252.4
