0 0
30 437.409
60 874.818
90 1312.23
120 1749.64
150 2187.05
180 2624.45
210 3061.86
240 3499.27
270 3936.68
300 4374.09
330 4811.5
360 5248.91
390 5686.32
420 6123.73
450 6561.13
480 6998.54
510 7435.95
540 7873.35
570 8310.72
600 8748.02
630 9185.15
660 9621.94
690 10058.1
720 10493.3
750 10927
780 11358.8
810 11787.9
840 12213.7
870 12635.8
900 13053.5
930 13466.4
960 13874.1
990 14276.3
1020 14672.8
1050 15063.4
1080 15448.1
1110 15826.6
1140 16199.1
1170 16565.6
1200 16926.2
1230 17280.8
1260 17629.7
1290 17972.8
1320 18310.3
1350 18642.4
1380 18969.1
1410 19290.6
1440 19607
1470 19918.4
1500 20225
1530 20526.9
1560 20824.1
1590 21116.9
1620 21405.3
1650 21689.4
1680 21969.4
1710 22245.2
1740 22517.2
1770 22785.3
1800 23049.6
1830 23310.2
1860 23567.3
1860 23567.3
