0 0
30 437.409
60 874.818
90 1312.23
120 1749.64
150 2187.05
180 2624.45
210 3061.86
240 3499.27
270 3936.68
300 4374.09
330 4811.5
360 5248.91
390 5686.32
420 6123.73
450 6561.13
480 6998.54
510 7435.95
540 7873.36
570 8310.77
600 8748.18
630 9185.57
660 9622.95
690 10060.3
720 10497.4
750 10934.3
780 11370.6
810 11806
840 12239.8
870 12671.6
900 13100.5
930 13525.9
960 13947.1
990 14363.3
1020 14774.1
1050 15179.1
1080 15578
1110 15970.5
1140 16356.6
1170 16736.2
1200 17109.4
1230 17476
1260 17836.1
1290 18189.8
1320 18537.3
1350 18878.6
1380 19213.9
1410 19543.5
1440 19867.3
1470 20185.6
1500 20498.7
1530 20806.6
1560 21109.4
1590 21407.3
1620 21700.5
1650 21989
1680 22273
1710 22552.7
1740 22828
1770 23099.3
1800 23366.6
1830 23629.9
1860 23889.5
1860 23889.5
