0 0
30 762.591
60 1525.18
90 2287.77
120 3050.36
150 3812.95
180 4575.55
210 5338.14
240 6100.73
270 6863.32
300 7625.91
330 8388.5
360 9151.11
390 9913.77
420 10676.5
450 11439.5
480 12203
510 12967.4
540 13733.3
570 14501.3
600 15272.3
630 16047.2
660 16826.8
690 17611.8
720 18402.7
750 19200.1
780 20004.2
810 20815.2
840 21633.2
870 22458.2
900 23290.4
930 24129.5
960 24975.5
990 25828.2
1020 26687.5
1050 27553.3
1080 28425.3
1110 29303.5
1140 30187.5
1170 31077.2
1200 31972.6
1230 32873.4
1260 33779.4
1290 34690.6
1320 35606.7
1350 36527.7
1380 37453.2
1410 38383.3
1440 39317.8
1470 40256.5
1500 41199.4
1530 42146.2
1560 43097
1590 44051.6
1620 45009.9
1650 45971.7
1680 46937
1710 47905.7
1740 48877.8
1770 49853.1
1800 50831.5
1830 51813
1860 52797.5
1860 52797.5
