0 0
30 762.591
60 1525.18
90 2287.77
120 3050.36
150 3812.95
180 4575.55
210 5338.14
240 6100.73
270 6863.33
300 7625.98
330 8388.91
360 9152.74
390 9918.55
420 10687.8
450 11462.1
480 12242.9
510 13031.4
540 13828.4
570 14634.5
600 15449.7
630 16274.3
660 17108
690 17951
720 18802.9
750 19663.5
780 20532.5
810 21409.6
840 22294.5
870 23187
900 24086.9
930 24993.7
960 25907.2
990 26827.3
1020 27753.5
1050 28685.8
1080 29623.9
1110 30567.6
1140 31516.6
1170 32470.9
1200 33430.1
1230 34394.1
1260 35362.7
1290 36335.7
1320 37313
1350 38294.5
1380 39279.9
1410 40269.3
1440 41262.3
1470 42259
1500 43259.2
1530 44262.8
1560 45269.7
1590 46279.8
1620 47292.9
1650 48309.1
1680 49328.2
1710 50350.2
1740 51374.9
1770 52402.2
1800 53432.2
1830 54464.7
1860 55499.6
1860 55499.6
