0 0
30 437.409
60 874.818
90 1312.23
120 1749.64
150 2187.05
180 2624.45
210 3061.86
240 3499.27
270 3936.68
300 4374.09
330 4811.5
360 5248.91
390 5686.32
420 6123.73
450 6561.13
480 6998.54
510 7435.95
540 7873.34
570 8310.68
600 8747.91
630 9184.9
660 9621.43
690 10057.2
720 10491.6
750 10924.3
780 11354.6
810 11781.7
840 12205.2
870 12624.4
900 13038.8
930 13448
960 13851.7
990 14249.6
1020 14641.7
1050 15027.8
1080 15407.9
1110 15781.9
1140 16150
1170 16512.2
1200 16868.6
1230 17219.2
1260 17564.2
1290 17903.7
1320 18237.8
1350 18566.7
1380 18890.5
1410 19209.3
1440 19523.2
1470 19832.4
1500 20137
1530 20437
1560 20732.7
1590 21024.2
1620 21311.4
1650 21594.6
1680 21873.9
1710 22149.2
1740 22420.9
1770 22688.8
1800 22953.2
1830 23214.1
1860 23471.6
1860 23471.6
