0 0
30 437.409
60 874.818
90 1312.23
120 1749.64
150 2187.05
180 2624.45
210 3061.86
240 3499.27
270 3936.68
300 4374.09
330 4811.5
360 5248.91
390 5686.32
420 6123.73
450 6561.13
480 6998.54
510 7435.95
540 7873.36
570 8310.76
600 8748.15
630 9185.49
660 9622.72
690 10059.8
720 10496.4
750 10932.6
780 11367.8
810 11801.9
840 12234.5
870 12665
900 13093.2
930 13518.6
960 13940.8
990 14359.4
1020 14774.2
1050 15184.8
1080 15591
1110 15992.6
1140 16389.3
1170 16781.1
1200 17168
1230 17549.7
1260 17926.2
1290 18297.7
1320 18664
1350 19025.1
1380 19381.2
1410 19732.3
1440 20078.4
1470 20419.6
1500 20756.1
1530 21087.7
1560 21414.7
1590 21737.2
1620 22055.2
1650 22368.8
1680 22678.1
1710 22983.3
1740 23284.4
1770 23581.5
1800 23874.7
1830 24164.2
1860 24449.9
1860 24449.9
