0 0
30 762.591
60 1525.18
90 2287.77
120 3050.36
150 3812.95
180 4575.55
210 5338.14
240 6100.73
270 6863.32
300 7625.91
330 8388.5
360 9151.09
390 9913.68
420 10676.3
450 11438.9
480 12201.5
510 12964.2
540 13727.1
570 14490.2
600 15253.9
630 16018.3
660 16783.8
690 17550.8
720 18319.8
750 19091.3
780 19865.8
810 20643.9
840 21426
870 22212.5
900 23003.9
930 23800.5
960 24602.4
990 25410
1020 26223.2
1050 27042.2
1080 27867
1110 28697.4
1140 29533.6
1170 30375.5
1200 31222.8
1230 32075.7
1260 32934
1290 33797.5
1320 34666.2
1350 35539.9
1380 36418.5
1410 37301.9
1440 38190
1470 39082.7
1500 39979.8
1530 40881.2
1560 41786.9
1590 42696.7
1620 43610.6
1650 44528.5
1680 45450.2
1710 46375.6
1740 47304.7
1770 48237.4
1800 49173.5
1830 50113
1860 51055.9
1860 51055.9
