0 0
30 762.591
60 1525.18
90 2287.77
120 3050.36
150 3812.95
180 4575.55
210 5338.14
240 6100.73
270 6863.32
300 7625.91
330 8388.5
360 9151.09
390 9913.68
420 10676.3
450 11438.9
480 12201.5
510 12964
540 13726.6
570 14489.3
600 15251.9
630 16014.7
660 16777.7
690 17541
720 18304.9
750 19069.6
780 19835.4
810 20602.7
840 21371.7
870 22143
900 22916.7
930 23693.3
960 24473
990 25256.2
1020 26043.2
1050 26834
1080 27629.1
1110 28428.4
1140 29232.3
1170 30040.8
1200 30853.9
1230 31671.9
1260 32494.6
1290 33322
1320 34154.4
1350 34991.5
1380 35833.4
1410 36680.1
1440 37531.5
1470 38387.4
1500 39248
1530 40112.9
1560 40982.3
1590 41856.1
1620 42734.1
1650 43616.3
1680 44502.6
1710 45392.8
1740 46287.1
1770 47185.2
1800 48087.1
1830 48992.7
1860 49902
1860 49902
