0 0
30 437.409
60 874.818
90 1312.23
120 1749.64
150 2187.05
180 2624.45
210 3061.86
240 3499.27
270 3936.62
300 4373.65
330 4809.53
360 5242.82
390 5671.67
420 6094.3
450 6509.31
480 6915.73
510 7313.03
540 7700.98
570 8079.53
600 8448.7
630 8808.61
660 9159.57
690 9501.85
720 9835.72
750 10161.6
780 10479.5
810 10790
840 11093.3
870 11389.5
900 11679.1
930 11962.2
960 12239.1
990 12510.1
1020 12775.2
1050 13034.8
1080 13288.9
1110 13538
1140 13782
1170 14021.3
1200 14255.9
1230 14486.1
1260 14711.8
1290 14933.4
1320 15150.9
1350 15364.4
1380 15574.1
1410 15780.2
1440 15982.7
1470 16181.8
1500 16377.5
1530 16570
1560 16759.3
1590 16945.6
1620 17128.9
1650 17309.3
1680 17486.9
1710 17661.8
1740 17834.1
1770 18003.7
1800 18170.9
1830 18335.6
1860 18498
1860 18498
