0 0
30 762.591
60 1525.18
90 2287.77
120 3050.46
150 3813.92
180 4579.62
210 5349.5
240 6125.48
270 6908.97
300 7700.89
330 8501.66
360 9311.37
390 10129.9
420 10957.1
450 11792.6
480 12636.1
510 13487.4
540 14346.2
570 15212.1
600 16084.8
630 16964.1
660 17849.7
690 18741.5
720 19639.1
750 20542.4
780 21451.3
810 22365.5
840 23285
870 24209.5
900 25139.1
930 26073.7
960 27013.2
990 27957.4
1020 28906.3
1050 29859.6
1080 30817.4
1110 31779.5
1140 32745.7
1170 33716
1200 34690.1
1230 35668.1
1260 36649.8
1290 37635.1
1320 38624
1350 39616.2
1380 40611.8
1410 41610.5
1440 42612.4
1470 43617.3
1500 44625.2
1530 45635.9
1560 46649.5
1590 47665.8
1620 48684.7
1650 49706.2
1680 50730.3
1710 51756.8
1740 52785.7
1770 53816.9
1800 54850.4
1830 55886.1
1860 56924
1860 56924
