0 0
30 762.591
60 1525.18
90 2287.77
120 3050.36
150 3812.95
180 4575.55
210 5338.14
240 6100.73
270 6863.32
300 7625.91
330 8388.5
360 9151.12
390 9913.78
420 10676.6
450 11439.6
480 12203
510 12967.1
540 13732.1
570 14498.4
600 15266.3
630 16036.1
660 16808.3
690 17583.2
720 18361.3
750 19142.9
780 19928.3
810 20717.9
840 21511.9
870 22310.7
900 23114.3
930 23922.9
960 24736.7
990 25555.8
1020 26380
1050 27209.6
1080 28044.4
1110 28884.5
1140 29729.8
1170 30580.2
1200 31435.8
1230 32296.4
1260 33162
1290 34032.4
1320 34907.6
1350 35787.5
1380 36672
1410 37560.9
1440 38454.1
1470 39351.7
1500 40253.5
1530 41159.3
1560 42069.1
1590 42982.8
1620 43900.3
1650 44821.5
1680 45746.3
1710 46674.7
1740 47606.5
1770 48541.6
1800 49480.1
1830 50421.8
1860 51366.7
1860 51366.7
