0 0
30 437.409
60 874.818
90 1312.23
120 1749.64
150 2187.05
180 2624.45
210 3061.86
240 3499.27
270 3936.68
300 4374.09
330 4811.5
360 5248.9
390 5686.27
420 6123.47
450 6560.22
480 6995.95
510 7429.84
540 7860.9
570 8288.16
600 8710.67
630 9127.63
660 9538.38
690 9942.45
720 10339.5
750 10729.5
780 11112.1
810 11487.5
840 11855.7
870 12216.8
900 12570.9
930 12918
960 13258.4
990 13592.1
1020 13919.4
1050 14240.3
1080 14555.1
1110 14864
1140 15167.1
1170 15464.7
1200 15756.9
1230 16043.8
1260 16325.6
1290 16602.5
1320 16874.7
1350 17142.1
1380 17405
1410 17663.6
1440 17917.9
1470 18168.2
1500 18414.4
1530 18656.8
1560 18895.5
1590 19130.4
1620 19361.9
1650 19589.8
1680 19814.4
1710 20035.7
1740 20253.8
1770 20468.9
1800 20680.9
1830 20890
1860 21096.2
1860 21096.2
