0 0
30 762.591
60 1525.18
90 2287.77
120 3050.36
150 3812.95
180 4575.55
210 5338.14
240 6100.73
270 6863.32
300 7625.91
330 8388.5
360 9151.09
390 9913.69
420 10676.3
450 11439.1
480 12202.1
510 12966
540 13731.2
570 14498.6
600 15269.2
630 16044.1
660 16824
690 17609.9
720 18402.3
750 19201.6
780 20008.2
810 20822.3
840 21643.8
870 22472.8
900 23309.2
930 24152.9
960 25003.9
990 25861.9
1020 26726.7
1050 27598.1
1080 28475.9
1110 29360
1140 30250.2
1170 31146.3
1200 32048
1230 32955.3
1260 33867.9
1290 34785.7
1320 35708.5
1350 36636.1
1380 37568.4
1410 38505.3
1440 39446.5
1470 40392.1
1500 41341.8
1530 42295.5
1560 43253.2
1590 44214.7
1620 45179.8
1650 46148.6
1680 47120.9
1710 48096.5
1740 49075.4
1770 50057.6
1800 51042.8
1830 52031.2
1860 53022.5
1860 53022.5
