0 0
30 437.409
60 874.818
90 1312.23
120 1749.64
150 2187.05
180 2624.45
210 3061.86
240 3499.27
270 3936.68
300 4374.09
330 4811.5
360 5248.91
390 5686.32
420 6123.73
450 6561.13
480 6998.54
510 7435.95
540 7873.34
570 8310.7
600 8747.99
630 9185.15
660 9622.05
690 10058.5
720 10494.4
750 10929.3
780 11363
810 11795
840 12224.9
870 12652.2
900 13076.4
930 13497.1
960 13913.9
990 14326.5
1020 14734.5
1050 15137.7
1080 15536
1110 15929.2
1140 16317.1
1170 16699.8
1200 17077.2
1230 17449.3
1260 17816.1
1290 18177.7
1320 18534.2
1350 18885.7
1380 19232.2
1410 19573.9
1440 19910.8
1470 20242.9
1500 20570.5
1530 20893.6
1560 21212.2
1590 21526.6
1620 21836.7
1650 22142.8
1680 22444.7
1710 22742.7
1740 23036.9
1770 23327.3
1800 23614
1830 23897.2
1860 24176.8
1860 24176.8
