0 0
30 762.591
60 1525.18
90 2287.77
120 3050.36
150 3812.95
180 4575.55
210 5338.14
240 6100.74
270 6863.38
300 7626.17
330 8389.32
360 9153.16
390 9918.19
420 10685.1
450 11454.7
480 12227.8
510 13005.3
540 13788.1
570 14576.9
600 15372.2
630 16174.5
660 16984.1
690 17801.2
720 18625.9
750 19458.3
780 20298.1
810 21145.5
840 22000.2
870 22862.2
900 23731.2
930 24607.1
960 25489.6
990 26378.7
1020 27274
1050 28175.5
1080 29082.8
1110 29995.8
1140 30914.4
1170 31838.4
1200 32767.5
1230 33701.6
1260 34640.6
1290 35584.3
1320 36532.5
1350 37485.1
1380 38442
1410 39403.1
1440 40368.1
1470 41337.1
1500 42309.8
1530 43286.2
1560 44266.2
1590 45249.7
1620 46236.5
1650 47226.6
1680 48219.9
1710 49216.3
1740 50215.7
1770 51218
1800 52223.2
1830 53231.3
1860 54242.1
1860 54242.1
