0 0
30 437.409
60 874.818
90 1312.23
120 1749.64
150 2187.05
180 2624.45
210 3061.86
240 3499.27
270 3936.68
300 4374.09
330 4811.5
360 5248.91
390 5686.32
420 6123.73
450 6561.13
480 6998.54
510 7435.95
540 7873.36
570 8310.76
600 8748.13
630 9185.43
660 9622.55
690 10059.3
720 10495.4
750 10930.4
780 11363.7
810 11794.8
840 12222.9
870 12647.4
900 13067.7
930 13483.2
960 13893.5
990 14298.2
1020 14697.2
1050 15090.2
1080 15477.1
1110 15857.9
1140 16232.5
1170 16601.1
1200 16963.6
1230 17320.1
1260 17670.9
1290 18015.9
1320 18355.3
1350 18689.2
1380 19017.7
1410 19341
1440 19659.1
1470 19972.3
1500 20280.7
1530 20584.4
1560 20883.5
1590 21178.1
1620 21468.3
1650 21754.3
1680 22036.2
1710 22314
1740 22587.9
1770 22858
1800 23124.3
1830 23387
1860 23646.2
1860 23646.2
