0 0
30 762.591
60 1525.18
90 2287.77
120 3050.36
150 3812.95
180 4575.55
210 5338.14
240 6100.73
270 6863.32
300 7625.91
330 8388.5
360 9151.09
390 9913.68
420 10676.3
450 11438.9
480 12201.5
510 12964
540 13726.6
570 14489.2
600 15251.8
630 16014.4
660 16777.1
690 17539.7
720 18302.6
750 19065.7
780 19829.4
810 20594
840 21360.2
870 22128.4
900 22899.5
930 23674.1
960 24452.9
990 25236.7
1020 26025.9
1050 26820.9
1080 27622
1110 28429.5
1140 29243.4
1170 30063.8
1200 30890.6
1230 31724
1260 32563.9
1290 33410.2
1320 34262.7
1350 35121.4
1380 35986.1
1410 36856.5
1440 37732.7
1470 38614.4
1500 39501.3
1530 40393.4
1560 41290.6
1590 42192.7
1620 43099.5
1650 44011
1680 44927
1710 45847.3
1740 46772
1770 47700.7
1800 48633.4
1830 49570.1
1860 50510.5
1860 50510.5
