0 0
30 437.409
60 874.818
90 1312.22
120 1749.33
150 2184.6
180 2615.26
210 3038.71
240 3453.06
270 3857.18
300 4250.7
330 4633.69
360 5006.47
390 5369.48
420 5723.17
450 6068.11
480 6404.94
510 6734.17
540 7056.36
570 7371.84
600 7680.87
630 7983.93
660 8281.34
690 8573.3
720 8859.97
750 9141.42
780 9417.76
810 9689.1
840 9955.49
870 10217
900 10473.8
930 10725.9
960 10973.5
990 11216.6
1020 11455.4
1050 11690
1080 11920.5
1110 12147
1140 12369.5
1170 12588.2
1200 12803.2
1230 13014.6
1260 13222.5
1290 13427
1320 13628.3
1350 13826.3
1380 14021.1
1410 14212.9
1440 14401.7
1470 14587.7
1500 14770.8
1530 14951.2
1560 15128.9
1590 15304.1
1620 15476.7
1650 15646.9
1680 15814.7
1710 15980.2
1740 16143.5
1770 16304.6
1800 16463.5
1830 16620.4
1860 16775.2
1860 16775.2
