0 0
30 437.409
60 874.818
90 1312.23
120 1749.64
150 2187.05
180 2624.45
210 3061.86
240 3499.27
270 3936.68
300 4374.09
330 4811.5
360 5248.91
390 5686.32
420 6123.73
450 6561.13
480 6998.54
510 7435.95
540 7873.36
570 8310.77
600 8748.16
630 9185.51
660 9622.76
690 10059.8
720 10496.4
750 10932.2
780 11366.8
810 11799.7
840 12230.1
870 12657.5
900 13081.1
930 13500.4
960 13914.9
990 14324.2
1020 14727.9
1050 15125.9
1080 15517.9
1110 15903.8
1140 16283.7
1170 16657.5
1200 17025.2
1230 17387
1260 17742.9
1290 18093.1
1320 18437.5
1350 18776.4
1380 19109.9
1410 19438.1
1440 19761.1
1470 20079.1
1500 20392.3
1530 20700.6
1560 21004.3
1590 21303.4
1620 21598.1
1650 21888.5
1680 22174.8
1710 22456.9
1740 22735
1770 23009.3
1800 23279.7
1830 23546.5
1860 23809.7
1860 23809.7
