0 0
30 762.591
60 1525.18
90 2287.77
120 3050.36
150 3812.95
180 4575.55
210 5338.14
240 6100.73
270 6863.32
300 7625.91
330 8388.5
360 9151.09
390 9913.68
420 10676.3
450 11438.9
480 12201.5
510 12964
540 13726.6
570 14489.2
600 15251.8
630 16014.5
660 16777.1
690 17539.9
720 18303
750 19066.5
780 19830.6
810 20595.6
840 21361.8
870 22129.7
900 22899.7
930 23672
960 24447.1
990 25225.5
1020 26007.4
1050 26793.4
1080 27583.7
1110 28378.7
1140 29178.5
1170 29983.4
1200 30793.6
1230 31609.1
1260 32429.9
1290 33256.1
1320 34087.6
1350 34924.5
1380 35766.7
1410 36614.1
1440 37466.6
1470 38324.2
1500 39186.8
1530 40054.3
1560 40926.5
1590 41803.3
1620 42684.7
1650 43570.5
1680 44460.7
1710 45355.2
1740 46253.7
1770 47156.2
1800 48062.6
1830 48972.9
1860 49886.9
1860 49886.9
