0 0
30 437.409
60 874.818
90 1312.23
120 1749.64
150 2187.05
180 2624.45
210 3061.86
240 3499.27
270 3936.68
300 4374.09
330 4811.5
360 5248.91
390 5686.32
420 6123.72
450 6561.12
480 6998.48
510 7435.72
540 7872.7
570 8309.11
600 8744.5
630 9178.21
660 9609.52
690 10037.6
720 10461.6
750 10880.9
780 11294.8
810 11702.9
840 12104.7
870 12500.2
900 12889
930 13271.1
960 13646.5
990 14015.3
1020 14377.6
1050 14733.4
1080 15082.8
1110 15426
1140 15763.1
1170 16094.3
1200 16419.8
1230 16739.7
1260 17054.1
1290 17363.2
1320 17667.2
1350 17966.1
1380 18260.2
1410 18549.6
1440 18834.4
1470 19114.8
1500 19390.8
1530 19662.6
1560 19930.3
1590 20193.9
1620 20453.7
1650 20709.7
1680 20962
1710 21210.8
1740 21456
1770 21697.8
1800 21936.3
1830 22171.6
1860 22403.7
1860 22403.7
