0 0
30 437.409
60 874.818
90 1312.23
120 1749.64
150 2187.05
180 2624.45
210 3061.86
240 3499.27
270 3936.68
300 4374.09
330 4811.5
360 5248.91
390 5686.32
420 6123.73
450 6561.13
480 6998.54
510 7435.95
540 7873.36
570 8310.76
600 8748.13
630 9185.45
660 9622.67
690 10059.7
720 10496.4
750 10932.6
780 11368.1
810 11802.7
840 12236
870 12667.8
900 13097.8
930 13525.6
960 13950.9
990 14373.3
1020 14792.6
1050 15208.3
1080 15620.1
1110 16027.8
1140 16431.1
1170 16829.9
1200 17223.9
1230 17613.1
1260 17997.3
1290 18376.6
1320 18750.7
1350 19119.8
1380 19483.8
1410 19842.7
1440 20196.6
1470 20545.5
1500 20889.7
1530 21229.2
1560 21564
1590 21894.3
1620 22220.1
1650 22541.5
1680 22858.5
1710 23171.3
1740 23479.9
1770 23784.4
1800 24084.9
1830 24381.5
1860 24674.3
1860 24674.3
