0 0
30 762.591
60 1525.18
90 2287.77
120 3050.36
150 3812.95
180 4575.55
210 5338.14
240 6100.73
270 6863.32
300 7625.91
330 8388.5
360 9151.09
390 9913.68
420 10676.3
450 11438.9
480 12201.5
510 12964
540 13726.6
570 14489.3
600 15251.9
630 16014.7
660 16777.7
690 17541.2
720 18305.4
750 19070.9
780 19838.1
810 20607.7
840 21380.2
870 22156.3
900 22936.3
930 23720.8
960 24510.2
990 25304.8
1020 26104.7
1050 26910.1
1080 27721.2
1110 28538
1140 29360.4
1170 30188.4
1200 31022
1230 31861.1
1260 32705.6
1290 33555.6
1320 34410.8
1350 35271.2
1380 36136.9
1410 37007.6
1440 37883.2
1470 38763.7
1500 39649
1530 40539
1560 41433.5
1590 42332.6
1620 43236
1650 44143.8
1680 45055.8
1710 45971.8
1740 46892
1770 47816
1800 48743.8
1830 49675.5
1860 50610.9
1860 50610.9
