0 0
30 437.409
60 874.818
90 1312.23
120 1749.64
150 2187.05
180 2624.44
210 3061.74
240 3498.74
270 3934.96
300 4369.61
330 4801.56
360 5229.41
390 5651.68
420 6066.95
450 6474.1
480 6872.37
510 7261.29
540 7640.65
570 8010.48
600 8370.72
630 8721.55
660 9063.22
690 9395.99
720 9720.19
750 10036.1
780 10344
810 10644.3
840 10937.2
870 11223
900 11502
930 11774.5
960 12040.8
990 12301.1
1020 12555.7
1050 12804.8
1080 13048.5
1110 13287.2
1140 13520.9
1170 13750
1200 13974.4
1230 14194.5
1260 14410.3
1290 14622
1320 14829.7
1350 15033.6
1380 15233.7
1410 15430.3
1440 15623.6
1470 15813.6
1500 16000.4
1530 16184.2
1560 16365
1590 16542.9
1620 16718.1
1650 16890.5
1680 17060.3
1710 17227.5
1740 17392.2
1770 17554.4
1800 17714.3
1830 17871.8
1860 18027.1
1860 18027.1
