0 0
30 762.591
60 1525.18
90 2287.77
120 3050.46
150 3813.88
180 4579.48
210 5349.03
240 6124.3
270 6906.65
300 7696.91
330 8495.44
360 9302.29
390 10117.3
420 10940.3
450 11771.1
480 12609.5
510 13455.5
540 14309.1
570 15170.2
600 16038.8
630 16914.8
660 17798.1
690 18688.6
720 19586.1
750 20490.5
780 21401.5
810 22319
840 23242.7
870 24172.7
900 25108.6
930 26050.2
960 26997.4
990 27949.9
1020 28907.6
1050 29870.2
1080 30837.6
1110 31809.7
1140 32786.2
1170 33767
1200 34752
1230 35741
1260 36733.9
1290 37730.5
1320 38730.8
1350 39734.7
1380 40741.9
1410 41752.5
1440 42766.3
1470 43783.2
1500 44803.1
1530 45825.9
1560 46851.6
1590 47880.1
1620 48911.2
1650 49944.9
1680 50981.2
1710 52019.9
1740 53061
1770 54104.4
1800 55150
1830 56197.9
1860 57247.8
1860 57247.8
