0 0
30 437.409
60 874.818
90 1311.97
120 1747.81
150 2180.56
180 2608.24
210 3029.26
240 3442.58
270 3847.73
300 4244.5
330 4632.77
360 5012.83
390 5384.91
420 5749.09
450 6105.55
480 6454.41
510 6795.79
540 7129.38
570 7455.27
600 7773.53
630 8084.27
660 8387.64
690 8683.78
720 8972.93
750 9255.28
780 9530.98
810 9800.28
840 10063.3
870 10320.4
900 10571.8
930 10817.7
960 11058.3
990 11293.8
1020 11524.4
1050 11750.1
1080 11971.4
1110 12188.2
1140 12400.7
1170 12609.2
1200 12813.6
1230 13014.2
1260 13211.1
1290 13404.5
1320 13594.4
1350 13780.9
1380 13964.1
1410 14144.2
1440 14321.3
1470 14495.5
1500 14666.8
1530 14835.3
1560 15001.1
1590 15164.3
1620 15324.9
1650 15483.1
1680 15638.9
1710 15792.4
1740 15943.5
1770 16092.5
1800 16239.3
1830 16384.1
1860 16526.8
1860 16526.8
