0 0
30 437.409
60 874.818
90 1312.23
120 1749.64
150 2187.05
180 2624.45
210 3061.86
240 3499.27
270 3936.68
300 4374.09
330 4811.5
360 5248.91
390 5686.32
420 6123.73
450 6561.13
480 6998.54
510 7435.95
540 7873.36
570 8310.77
600 8748.16
630 9185.53
660 9622.84
690 10060
720 10496.8
750 10933.1
780 11368.5
810 11802.6
840 12235
870 12665.1
900 13092.4
930 13516.3
960 13936.4
990 14352.2
1020 14763.4
1050 15169.6
1080 15570.7
1110 15966.4
1140 16356.5
1170 16741
1200 17119.9
1230 17493.1
1260 17860.5
1290 18222.3
1320 18578.5
1350 18929.2
1380 19274.3
1410 19614.2
1440 19948.8
1470 20278.3
1500 20602.8
1530 20922.3
1560 21236.9
1590 21546.8
1620 21852.2
1650 22153
1680 22449.5
1710 22741.7
1740 23029.8
1770 23313.8
1800 23593.9
1830 23870.2
1860 24142.7
1860 24142.7
