0 0
30 437.409
60 874.818
90 1312.23
120 1749.64
150 2187.05
180 2624.45
210 3061.86
240 3499.27
270 3936.68
300 4374.09
330 4811.5
360 5248.91
390 5686.32
420 6123.73
450 6561.13
480 6998.54
510 7435.95
540 7873.36
570 8310.77
600 8748.16
630 9185.51
660 9622.75
690 10059.8
720 10496.3
750 10932.1
780 11366.7
810 11799.6
840 12230.1
870 12657.7
900 13081.8
930 13501.7
960 13917.1
990 14327.5
1020 14732.8
1050 15132.6
1080 15526.8
1110 15915.2
1140 16297.9
1170 16674.8
1200 17045.9
1230 17411.3
1260 17770.8
1290 18124.7
1320 18472.9
1350 18815.7
1380 19153
1410 19485.1
1440 19812
1470 20133.7
1500 20450.5
1530 20762.4
1560 21069.6
1590 21372.1
1620 21670.1
1650 21963.7
1680 22253
1710 22538.1
1740 22819.2
1770 23096.2
1800 23369.4
1830 23638.8
1860 23904.5
1860 23904.5
