0 0
30 762.591
60 1525.18
90 2287.77
120 3050.36
150 3812.95
180 4575.55
210 5338.14
240 6100.73
270 6863.32
300 7625.91
330 8388.5
360 9151.09
390 9913.68
420 10676.3
450 11438.9
480 12201.6
510 12964.3
540 13727.4
570 14491.1
600 15255.7
630 16022
660 16790.7
690 17562.6
720 18338.5
750 19119.2
780 19905.3
810 20697.4
840 21495.8
870 22300.8
900 23112.4
930 23930.9
960 24756.2
990 25588.2
1020 26427
1050 27272.3
1080 28124
1110 28982.1
1140 29846.2
1170 30716.4
1200 31592.3
1230 32474
1260 33361.1
1290 34253.5
1320 35151.2
1350 36053.8
1380 36961.4
1410 37873.7
1440 38790.6
1470 39711.9
1500 40637.7
1530 41567.6
1560 42501.6
1590 43439.6
1620 44381.6
1650 45327.3
1680 46276.6
1710 47229.6
1740 48186
1770 49145.8
1800 50108.9
1830 51075.2
1860 52044.7
1860 52044.7
