0 0
30 437.409
60 874.818
90 1312.23
120 1749.64
150 2187.05
180 2624.45
210 3061.86
240 3499.27
270 3936.68
300 4374.09
330 4811.5
360 5248.91
390 5686.32
420 6123.73
450 6561.13
480 6998.54
510 7435.95
540 7873.34
570 8310.67
600 8747.83
630 9184.64
660 9620.78
690 10055.8
720 10489.1
750 10920.1
780 11348.2
810 11772.9
840 12193.5
870 12609.7
900 13021
930 13427.3
960 13828.2
990 14223.5
1020 14613.2
1050 14997.3
1080 15375.6
1110 15748.3
1140 16115.2
1170 16476.6
1200 16832.4
1230 17182.8
1260 17527.8
1290 17867.6
1320 18202.3
1350 18531.9
1380 18856.5
1410 19176.3
1440 19491.4
1470 19801.9
1500 20107.8
1530 20409.3
1560 20706.5
1590 20999.5
1620 21288.5
1650 21573.4
1680 21854.4
1710 22131.6
1740 22405
1770 22674.9
1800 22941.2
1830 23204
1860 23463.4
1860 23463.4
