0 0
30 762.591
60 1525.18
90 2287.77
120 3050.36
150 3812.95
180 4575.55
210 5338.14
240 6100.73
270 6863.32
300 7625.91
330 8388.5
360 9151.09
390 9913.68
420 10676.3
450 11438.9
480 12201.5
510 12964
540 13726.7
570 14489.3
600 15252.2
630 16015.4
660 16779.2
690 17544.2
720 18310.9
750 19079.9
780 19851.8
810 20627.1
840 21406.5
870 22190.3
900 22979
930 23772.7
960 24571.8
990 25376.5
1020 26186.8
1050 27002.7
1080 27824.4
1110 28651.7
1140 29484.8
1170 30323.4
1200 31167.6
1230 32017.2
1260 32872.2
1290 33732.4
1320 34597.7
1350 35468.1
1380 36343.5
1410 37223.7
1440 38108.6
1470 38998.1
1500 39892.2
1530 40790.7
1560 41693.5
1590 42600.5
1620 43511.5
1650 44426.6
1680 45345.6
1710 46268.4
1740 47195
1770 48125.1
1800 49058.8
1830 49996
1860 50936.5
1860 50936.5
