0 0
30 762.591
60 1525.18
90 2287.77
120 3050.36
150 3812.95
180 4575.55
210 5338.14
240 6100.73
270 6863.32
300 7625.91
330 8388.5
360 9151.09
390 9913.68
420 10676.3
450 11438.9
480 12201.6
510 12964.5
540 13727.8
570 14491.7
600 15256.9
630 16023.7
660 16792.9
690 17565.2
720 18341
750 19120.9
780 19905.4
810 20694.9
840 21489.6
870 22289.9
900 23095.7
930 23907.3
960 24724.7
990 25548
1020 26377
1050 27211.8
1080 28052.2
1110 28898.3
1140 29749.9
1170 30606.9
1200 31469.2
1230 32336.8
1260 33209.5
1290 34087.1
1320 34969.7
1350 35857
1380 36748.9
1410 37645.4
1440 38546.2
1470 39451.4
1500 40360.7
1530 41274.1
1560 42191.5
1590 43112.7
1620 44037.6
1650 44966.2
1680 45898.4
1710 46834
1740 47773.1
1770 48715.5
1800 49661.1
1830 50609.9
1860 51561.7
1860 51561.7
