0 0
30 762.591
60 1525.18
90 2287.77
120 3050.36
150 3812.95
180 4575.55
210 5338.14
240 6100.73
270 6863.32
300 7625.91
330 8388.5
360 9151.09
390 9913.68
420 10676.3
450 11438.9
480 12201.5
510 12964
540 13726.7
570 14489.3
600 15252.1
630 16015.2
660 16778.8
690 17543.4
720 18309.5
750 19077.6
780 19848.5
810 20622.8
840 21401.1
870 22184.1
900 22972.1
930 23765.8
960 24565.3
990 25371
1020 26182.9
1050 27001.2
1080 27825.9
1110 28657
1140 29494.4
1170 30338.1
1200 31187.9
1230 32043.8
1260 32905.6
1290 33773.1
1320 34646.2
1350 35524.8
1380 36408.7
1410 37297.9
1440 38192.1
1470 39091.2
1500 39995.2
1530 40903.7
1560 41816.8
1590 42734.3
1620 43656.1
1650 44582
1680 45512
1710 46445.9
1740 47383.7
1770 48325.2
1800 49270.4
1830 50219.1
1860 51171.3
1860 51171.3
