0 0
30 437.409
60 874.818
90 1312.23
120 1749.64
150 2187.05
180 2624.45
210 3061.86
240 3499.27
270 3936.68
300 4374.09
330 4811.5
360 5248.91
390 5686.32
420 6123.73
450 6561.13
480 6998.54
510 7435.95
540 7873.35
570 8310.72
600 8748.03
630 9185.19
660 9622.05
690 10058.4
720 10493.9
750 10928.1
780 11360.5
810 11790.6
840 12217.9
870 12641.7
900 13061.7
930 13477.3
960 13888.2
990 14294.1
1020 14694.8
1050 15090
1080 15479.7
1110 15863.9
1140 16242.4
1170 16615.4
1200 16982.7
1230 17344.4
1260 17700.5
1290 18051.3
1320 18396.7
1350 18736.9
1380 19072.1
1410 19402.1
1440 19727.2
1470 20047.3
1500 20362.8
1530 20673.5
1560 20979.7
1590 21281.5
1620 21578.9
1650 21872.1
1680 22161.1
1710 22446.1
1740 22727.2
1770 23004.4
1800 23277.9
1830 23547.7
1860 23813.8
1860 23813.8
