0 0
30 762.591
60 1525.18
90 2287.77
120 3050.36
150 3812.95
180 4575.55
210 5338.14
240 6100.73
270 6863.32
300 7625.91
330 8388.5
360 9151.09
390 9913.68
420 10676.3
450 11438.9
480 12201.5
510 12964
540 13726.6
570 14489.2
600 15251.8
630 16014.5
660 16777.2
690 17540.2
720 18303.5
750 19067.3
780 19832.1
810 20598.1
840 21365.8
870 22135.7
900 22908.1
930 23683.6
960 24462.6
990 25245.4
1020 26032.4
1050 26823.8
1080 27619.9
1110 28420.8
1140 29226.7
1170 30037.7
1200 30853.8
1230 31675.2
1260 32501.8
1290 33333.6
1320 34170.7
1350 35012.9
1380 35860.3
1410 36712.7
1440 37570
1470 38432.3
1500 39299.3
1530 40171.1
1560 41047.6
1590 41928.5
1620 42813.9
1650 43703.6
1680 44597.6
1710 45495.7
1740 46397.9
1770 47304
1800 48214
1830 49127.8
1860 50045.3
1860 50045.3
