0 0
30 437.409
60 874.818
90 1312.23
120 1749.64
150 2187.05
180 2624.45
210 3061.86
240 3499.27
270 3936.68
300 4374.09
330 4811.49
360 5248.83
390 5685.93
420 6122.32
450 6557.19
480 6989.41
510 7417.72
540 7840.92
570 8257.95
600 8667.99
630 9070.49
660 9465.05
690 9851.45
720 10229.6
750 10599.7
780 10961.5
810 11315.4
840 11661.4
870 11999.8
900 12330.7
930 12654.4
960 12971.2
990 13281.3
1020 13584.9
1050 13882.1
1080 14173.3
1110 14458.6
1140 14738.1
1170 15012.2
1200 15281
1230 15544.6
1260 15803.3
1290 16057.1
1320 16306.3
1350 16550.9
1380 16791.3
1410 17027.4
1440 17259.5
1470 17487.7
1500 17712
1530 17932.6
1560 18149.7
1590 18363.2
1620 18573.4
1650 18780.4
1680 18984.1
1710 19184.7
1740 19382.3
1770 19577
1800 19768.9
1830 19957.9
1860 20144.3
1860 20144.3
