0 0
30 762.591
60 1525.18
90 2287.77
120 3050.36
150 3812.95
180 4575.55
210 5338.14
240 6100.73
270 6863.32
300 7625.91
330 8388.5
360 9151.09
390 9913.68
420 10676.3
450 11438.9
480 12201.5
510 12964
540 13726.6
570 14489.2
600 15251.9
630 16014.6
660 16777.6
690 17540.9
720 18304.8
750 19069.7
780 19835.8
810 20603.5
840 21373.3
870 22145.4
900 22920.3
930 23698.1
960 24479.3
990 25264.1
1020 26052.7
1050 26845.4
1080 27642.5
1110 28444.2
1140 29250.7
1170 30062.1
1200 30878.7
1230 31700.6
1260 32527.8
1290 33360.3
1320 34198.3
1350 35041.5
1380 35890
1410 36743.8
1440 37602.8
1470 38466.9
1500 39336
1530 40210
1560 41088.7
1590 41972.2
1620 42860.2
1650 43752.8
1680 44649.7
1710 45550.8
1740 46456.2
1770 47365.6
1800 48278.9
1830 49196.2
1860 50117.2
1860 50117.2
