0 0
30 762.591
60 1525.18
90 2287.77
120 3050.36
150 3812.95
180 4575.55
210 5338.14
240 6100.73
270 6863.32
300 7625.91
330 8388.5
360 9151.09
390 9913.68
420 10676.3
450 11438.9
480 12201.5
510 12964
540 13726.6
570 14489.2
600 15251.8
630 16014.4
660 16777
690 17539.7
720 18302.4
750 19065.4
780 19828.7
810 20592.9
840 21358.3
870 22125.6
900 22895.4
930 23668.3
960 24445.1
990 25226.3
1020 26012.4
1050 26803.7
1080 27600.7
1110 28403.6
1140 29212.5
1170 30027.5
1200 30848.8
1230 31676.1
1260 32509.6
1290 33349.2
1320 34194.8
1350 35046.2
1380 35903.4
1410 36766.3
1440 37634.6
1470 38508.3
1500 39387.2
1530 40271.2
1560 41160.1
1590 42053.8
1620 42952.2
1650 43855.2
1680 44762.6
1710 45674.4
1740 46590.5
1770 47510.6
1800 48434.7
1830 49362.7
1860 50294.4
1860 50294.4
