0 0
30 437.409
60 874.818
90 1312.23
120 1749.64
150 2187.05
180 2624.45
210 3061.86
240 3499.27
270 3936.68
300 4374.09
330 4811.5
360 5248.91
390 5686.32
420 6123.72
450 6561.12
480 6998.47
510 7435.74
540 7872.8
570 8309.48
600 8745.51
630 9180.55
660 9614.17
690 10045.9
720 10475.3
750 10901.8
780 11325
810 11744.4
840 12159.7
870 12570.5
900 12976.4
930 13377.3
960 13772.9
990 14163.2
1020 14548
1050 14927.3
1080 15301.1
1110 15669.4
1140 16032.2
1170 16389.6
1200 16741.6
1230 17088.3
1260 17429.8
1290 17766.1
1320 18097.4
1350 18423.9
1380 18745.5
1410 19062.4
1440 19374.6
1470 19682.4
1500 19985.8
1530 20284.8
1560 20579.7
1590 20870.5
1620 21157.3
1650 21440.2
1680 21719.3
1710 21994.7
1740 22266.4
1770 22534.7
1800 22799.4
1830 23060.8
1860 23318.9
1860 23318.9
