0 0
30 762.591
60 1525.18
90 2287.77
120 3050.36
150 3812.95
180 4575.55
210 5338.14
240 6100.73
270 6863.32
300 7625.91
330 8388.5
360 9151.09
390 9913.68
420 10676.3
450 11438.9
480 12201.5
510 12964.1
540 13726.7
570 14489.4
600 15252.4
630 16015.9
660 16780.1
690 17545.7
720 18313.2
750 19083.3
780 19856.6
810 20633.9
840 21415.7
870 22202.6
900 22994.9
930 23793
960 24597
990 25407.2
1020 26223.5
1050 27046.1
1080 27874.9
1110 28709.8
1140 29550.8
1170 30397.8
1200 31250.7
1230 32109.3
1260 32973.6
1290 33843.3
1320 34718.4
1350 35598.7
1380 36484.1
1410 37374.5
1440 38269.7
1470 39169.5
1500 40073.9
1530 40982.8
1560 41896
1590 42813.5
1620 43735.1
1650 44660.7
1680 45590.2
1710 46523.5
1740 47460.6
1770 48401.2
1800 49345.3
1830 50292.9
1860 51243.9
1860 51243.9
