0 0
30 762.591
60 1525.18
90 2287.77
120 3050.36
150 3812.95
180 4575.55
210 5338.14
240 6100.73
270 6863.32
300 7625.91
330 8388.5
360 9151.09
390 9913.68
420 10676.3
450 11438.9
480 12201.5
510 12964
540 13726.6
570 14489.3
600 15251.9
630 16014.7
660 16777.8
690 17541.2
720 18305.4
750 19070.7
780 19837.5
810 20606.3
840 21377.7
870 22152.1
900 22930
930 23711.9
960 24498.1
990 25288.9
1020 26084.6
1050 26885.3
1080 27691.1
1110 28502.2
1140 29318.6
1170 30140.3
1200 30967.4
1230 31799.8
1260 32637.4
1290 33480.3
1320 34328.3
1350 35181.4
1380 36039.4
1410 36902.3
1440 37770
1470 38642.4
1500 39519.4
1530 40400.9
1560 41286.9
1590 42177.1
1620 43071.6
1650 43970.3
1680 44872.9
1710 45779.6
1740 46690.1
1770 47604.3
1800 48522.3
1830 49444
1860 50369.1
1860 50369.1
