0 0
30 437.409
60 874.818
90 1312.23
120 1749.64
150 2187.05
180 2624.45
210 3061.86
240 3499.27
270 3936.68
300 4374.09
330 4811.5
360 5248.91
390 5686.32
420 6123.73
450 6561.13
480 6998.54
510 7435.95
540 7873.36
570 8310.76
600 8748.14
630 9185.45
660 9622.61
690 10059.4
720 10495.7
750 10930.9
780 11364.6
810 11796.3
840 12225.1
870 12650.5
900 13071.9
930 13488.6
960 13900.3
990 14306.5
1020 14707
1050 15101.6
1080 15490.2
1110 15872.7
1140 16249.1
1170 16619.4
1200 16983.7
1230 17342.1
1260 17694.6
1290 18041.3
1320 18382.5
1350 18718.1
1380 19048.3
1410 19373.3
1440 19693.2
1470 20008.1
1500 20318.1
1530 20623.4
1560 20924
1590 21220.2
1620 21512
1650 21799.5
1680 22082.9
1710 22362.2
1740 22637.6
1770 22909.1
1800 23176.8
1830 23440.9
1860 23701.4
1860 23701.4
