0 0
30 437.409
60 874.818
90 1312.23
120 1749.64
150 2187.05
180 2624.45
210 3061.86
240 3499.27
270 3936.68
300 4374.09
330 4811.5
360 5248.91
390 5686.32
420 6123.73
450 6561.13
480 6998.54
510 7435.95
540 7873.36
570 8310.77
600 8748.18
630 9185.58
660 9622.97
690 10060.3
720 10497.6
750 10934.7
780 11371.6
810 11808
840 12243.9
870 12678.8
900 13112.6
930 13544.9
960 13975.4
990 14403.5
1020 14828.9
1050 15251.2
1080 15669.9
1110 16084.5
1140 16494.7
1170 16900.1
1200 17300.5
1230 17695.8
1260 18085.6
1290 18469.9
1320 18848.6
1350 19221.8
1380 19589.5
1410 19951.7
1440 20308.4
1470 20659.7
1500 21005.6
1530 21346.3
1560 21681.9
1590 22012.5
1620 22338.2
1650 22659.1
1680 22975.4
1710 23287.1
1740 23594.3
1770 23897.2
1800 24195.9
1830 24490.5
1860 24781.1
1860 24781.1
