0 0
30 437.409
60 874.818
90 1312.23
120 1749.64
150 2187.05
180 2624.45
210 3061.86
240 3499.27
270 3936.68
300 4374.09
330 4811.5
360 5248.91
390 5686.32
420 6123.73
450 6561.13
480 6998.54
510 7435.95
540 7873.36
570 8310.77
600 8748.18
630 9185.58
660 9622.96
690 10060.3
720 10497.5
750 10934.5
780 11371
810 11806.8
840 12241.6
870 12674.9
900 13106.2
930 13535
960 13960.8
990 14383
1020 14801.4
1050 15215.3
1080 15624.6
1110 16028.9
1140 16428
1170 16821.7
1200 17209.8
1230 17592.5
1260 17969.6
1290 18341.1
1320 18707.1
1350 19067.6
1380 19422.6
1410 19772.3
1440 20116.7
1470 20456
1500 20790.2
1530 21119.4
1560 21443.8
1590 21763.5
1620 22078.5
1650 22389
1680 22695.1
1710 22996.8
1740 23294.4
1770 23587.9
1800 23877.5
1830 24163.1
1860 24444.9
1860 24444.9
