0 0
30 762.591
60 1525.18
90 2287.77
120 3050.36
150 3812.95
180 4575.55
210 5338.14
240 6100.73
270 6863.32
300 7625.96
330 8388.82
360 9152.39
390 9917.61
420 10685.7
450 11457.9
480 12235.4
510 13019
540 13809.5
570 14607.3
600 15412.7
630 16225.9
660 17047
690 17876
720 18712.9
750 19557.8
780 20410.4
810 21270.6
840 22138.3
870 23013.2
900 23895.1
930 24783.8
960 25679.2
990 26580.8
1020 27488.7
1050 28402.5
1080 29322.1
1110 30247.3
1140 31177.9
1170 32113.6
1200 33054.2
1230 33999.7
1260 34950
1290 35904.7
1320 36863.9
1350 37827.3
1380 38794.9
1410 39766.4
1440 40741.9
1470 41721.1
1500 42704
1530 43690.3
1560 44680.1
1590 45673.2
1620 46669.6
1650 47669
1680 48671.5
1710 49677
1740 50685.3
1770 51696.5
1800 52710.3
1830 53726.9
1860 54746
1860 54746
