0 0
30 762.591
60 1525.18
90 2287.77
120 3050.36
150 3812.95
180 4575.55
210 5338.14
240 6100.73
270 6863.32
300 7625.91
330 8388.5
360 9151.09
390 9913.68
420 10676.3
450 11438.9
480 12201.5
510 12964.3
540 13727.2
570 14490.5
600 15254.5
630 16019.5
660 16785.8
690 17554.1
720 18324.7
750 19098.2
780 19875
810 20655.6
840 21440.3
870 22229.5
900 23023.6
930 23822.7
960 24627.1
990 25436.8
1020 26252
1050 27072.7
1080 27898.9
1110 28730.6
1140 29567.8
1170 30410.4
1200 31258.4
1230 32111.7
1260 32970.2
1290 33833.9
1320 34702.6
1350 35576.1
1380 36454.5
1410 37337.6
1440 38225.4
1470 39117.6
1500 40014.2
1530 40915.2
1560 41820.3
1590 42729.5
1620 43642.7
1650 44559.8
1680 45480.7
1710 46405.3
1740 47333.6
1770 48265.3
1800 49200.6
1830 50139.2
1860 51081.1
1860 51081.1
