0 0
30 762.591
60 1525.18
90 2287.77
120 3050.36
150 3812.95
180 4575.55
210 5338.14
240 6100.73
270 6863.32
300 7625.91
330 8388.51
360 9151.17
390 9914.07
420 10677.7
450 11442.8
480 12210.6
510 12982.3
540 13759.1
570 14542.1
600 15332
630 16129.5
660 16934.9
690 17748.5
720 18570.4
750 19400.3
780 20238.5
810 21084.6
840 21938.6
870 22800.2
900 23669.3
930 24545.6
960 25428.8
990 26318.7
1020 27215.1
1050 28117.9
1080 29026.7
1110 29941.4
1140 30861.9
1170 31787.8
1200 32719
1230 33655.4
1260 34596.7
1290 35542.9
1320 36493.7
1350 37449.1
1380 38408.7
1410 39372.6
1440 40340.5
1470 41312.3
1500 42288
1530 43267.4
1560 44250.3
1590 45236.8
1620 46226.6
1650 47219.6
1680 48215.9
1710 49215.3
1740 50217.7
1770 51223
1800 52231.1
1830 53242.1
1860 54255.7
1860 54255.7
