0 0
30 437.409
60 874.818
90 1312.23
120 1749.64
150 2187.05
180 2624.45
210 3061.86
240 3499.27
270 3936.68
300 4374.09
330 4811.5
360 5248.91
390 5686.31
420 6123.7
450 6561.04
480 6998.22
510 7435.07
540 7871.26
570 8306.35
600 8739.78
630 9170.89
660 9598.98
690 10023.4
720 10443.4
750 10858.5
780 11268.2
810 11672.2
840 12070.1
870 12461.9
900 12847.4
930 13226.5
960 13599.2
990 13965.5
1020 14325.6
1050 14679.4
1080 15027.2
1110 15368.9
1140 15704.9
1170 16035.1
1200 16359.8
1230 16679
1260 16992.9
1290 17301.7
1320 17605.3
1350 17904.1
1380 18198
1410 18487.3
1440 18772.1
1470 19052.5
1500 19328.7
1530 19600.7
1560 19868.7
1590 20132.6
1620 20392.7
1650 20649.1
1680 20901.8
1710 21151
1740 21396.7
1770 21639.1
1800 21878.1
1830 22113.9
1860 22346.6
1860 22346.6
