0 0
30 437.409
60 874.818
90 1312.23
120 1749.64
150 2187.05
180 2624.45
210 3061.86
240 3499.27
270 3936.68
300 4374.09
330 4811.5
360 5248.9
390 5686.29
420 6123.61
450 6560.76
480 6997.5
510 7433.47
540 7868.15
570 8300.9
600 8730.99
630 9157.63
660 9580.08
690 9997.69
720 10409.9
750 10816.3
780 11216.6
810 11610.4
840 11997.7
870 12378.4
900 12752.4
930 13119.8
960 13480.6
990 13834.9
1020 14182.9
1050 14524.7
1080 14860.4
1110 15190.1
1140 15514.1
1170 15832.3
1200 16145.1
1230 16452.5
1260 16754.6
1290 17051.7
1320 17343.8
1350 17631.2
1380 17913.9
1410 18192.1
1440 18465.9
1470 18735.5
1500 19000.8
1530 19262.1
1560 19519.5
1590 19773
1620 20022.8
1650 20269
1680 20511.7
1710 20750.9
1740 20986.7
1770 21219.3
1800 21448.7
1830 21675
1860 21898.3
1860 21898.3
