0 0
30 762.591
60 1525.18
90 2287.77
120 3050.37
150 3813.1
180 4576.39
210 5341
240 6107.87
270 6877.99
300 7652.29
330 8431.55
360 9216.44
390 10007.6
420 10805.5
450 11610.7
480 12423.7
510 13245
540 14074.8
570 14913.4
600 15760.8
630 16616.9
660 17481.6
690 18354.9
720 19236.6
750 20126.4
780 21024.1
810 21929.3
840 22841.8
870 23761.3
900 24687.4
930 25620
960 26558.7
990 27503.2
1020 28453.4
1050 29409.1
1080 30370
1110 31336
1140 32306.8
1170 33282.3
1200 34262.3
1230 35246.7
1260 36235.3
1290 37227.9
1320 38224.4
1350 39224.6
1380 40228.6
1410 41236.1
1440 42246.9
1470 43261.1
1500 44278.5
1530 45299
1560 46322.5
1590 47348.9
1620 48378.1
1650 49410
1680 50444.6
1710 51481.9
1740 52521.6
1770 53563.8
1800 54608.3
1830 55655.1
1860 56704.2
1860 56704.2
