0 0
30 762.591
60 1525.18
90 2287.77
120 3050.36
150 3812.95
180 4575.55
210 5338.15
240 6100.84
270 6863.85
300 7627.69
330 8393.08
360 9160.89
390 9932.11
420 10707.6
450 11488
480 12273.8
510 13065.4
540 13863.1
570 14667.1
600 15477.6
630 16294.5
660 17118.1
690 17948.3
720 18785.2
750 19628.8
780 20479.1
810 21336.2
840 22199.8
870 23070
900 23946.5
930 24829.3
960 25718.3
990 26613.3
1020 27514.2
1050 28420.8
1080 29332.8
1110 30250.2
1140 31172.7
1170 32100.3
1200 33032.8
1230 33970.1
1260 34912
1290 35858.3
1320 36809
1350 37763.7
1380 38722.6
1410 39685.3
1440 40651.9
1470 41622.2
1500 42596.2
1530 43573.7
1560 44554.6
1590 45538.8
1620 46526.2
1650 47516.7
1680 48510.3
1710 49506.8
1740 50506.1
1770 51508.3
1800 52513.2
1830 53520.8
1860 54530.9
1860 54530.9
