0 0
30 762.591
60 1525.18
90 2287.77
120 3050.36
150 3812.95
180 4575.55
210 5338.14
240 6100.73
270 6863.32
300 7625.91
330 8388.5
360 9151.09
390 9913.68
420 10676.3
450 11438.9
480 12201.5
510 12964
540 13726.6
570 14489.2
600 15251.8
630 16014.4
660 16777.2
690 17540.1
720 18303.5
750 19067.8
780 19833.5
810 20601.3
840 21372
870 22146.4
900 22925.1
930 23708.9
960 24498.3
990 25293.7
1020 26095.5
1050 26903.8
1080 27718.9
1110 28540.8
1140 29369.4
1170 30204.9
1200 31047
1230 31895.7
1260 32750.8
1290 33612.2
1320 34479.8
1350 35353.4
1380 36232.9
1410 37118
1440 38008.7
1470 38904.8
1500 39806
1530 40712.4
1560 41623.6
1590 42539.6
1620 43460.1
1650 44385.1
1680 45314.5
1710 46248.1
1740 47185.7
1770 48127.4
1800 49072.9
1830 50022.1
1860 50974.9
1860 50974.9
