0 0
30 437.409
60 874.818
90 1312.23
120 1749.64
150 2187.05
180 2624.45
210 3061.86
240 3499.27
270 3936.68
300 4374.09
330 4811.5
360 5248.91
390 5686.32
420 6123.73
450 6561.13
480 6998.53
510 7435.9
540 7873.18
570 8310.24
600 8746.82
630 9182.51
660 9616.75
690 10048.8
720 10478
750 10903.4
780 11324.5
810 11740.4
840 12150.6
870 12554.9
900 12952.7
930 13344.1
960 13728.9
990 14106.9
1020 14478.4
1050 14843.3
1080 15201.7
1110 15553.8
1140 15899.6
1170 16239.2
1200 16572.9
1230 16900.8
1260 17223.1
1290 17539.9
1320 17851.3
1350 18157.6
1380 18458.7
1410 18755
1440 19046.5
1470 19333.4
1500 19615.9
1530 19893.9
1560 20167.7
1590 20437.4
1620 20703
1650 20964.8
1680 21222.7
1710 21476.9
1740 21727.5
1770 21974.6
1800 22218.3
1830 22458.7
1860 22695.8
1860 22695.8
