0 0
30 437.409
60 874.818
90 1312.23
120 1749.64
150 2187.05
180 2624.45
210 3061.86
240 3499.27
270 3936.68
300 4374.09
330 4811.5
360 5248.91
390 5686.31
420 6123.68
450 6560.93
480 6997.86
510 7434.04
540 7868.83
570 8301.4
600 8730.78
630 9155.95
660 9575.98
690 9990.1
720 10397.7
750 10798.4
780 11191.8
810 11577.7
840 11956.2
870 12327.2
900 12690.8
930 13047.1
960 13396.1
990 13738.1
1020 14073.3
1050 14401.9
1080 14724.1
1110 15040
1140 15349.8
1170 15653.7
1200 15952
1230 16244.7
1260 16532.1
1290 16814.3
1320 17091.5
1350 17363.9
1380 17631.6
1410 17894.7
1440 18153.5
1470 18407.9
1500 18658.2
1530 18904.5
1560 19146.8
1590 19385.3
1620 19620.2
1650 19851.4
1680 20079.2
1710 20303.5
1740 20524.6
1770 20742.4
1800 20957.2
1830 21168.8
1860 21377.5
1860 21377.5
