0 0
30 762.591
60 1525.18
90 2287.77
120 3050.36
150 3812.95
180 4575.55
210 5338.14
240 6100.73
270 6863.32
300 7625.91
330 8388.5
360 9151.09
390 9913.68
420 10676.3
450 11438.9
480 12201.5
510 12964
540 13726.6
570 14489.2
600 15251.8
630 16014.4
660 16777.1
690 17539.9
720 18302.9
750 19066.4
780 19830.6
810 20595.8
840 21362.5
870 22131.2
900 22902.3
930 23676.3
960 24453.7
990 25234.7
1020 26019.7
1050 26808.9
1080 27602.8
1110 28401.4
1140 29205
1170 30013.8
1200 30827.9
1230 31647.4
1260 32472.4
1290 33303
1320 34139.1
1350 34980.7
1380 35827.8
1410 36680.3
1440 37538.2
1470 38401.3
1500 39269.6
1530 40142.9
1560 41021.3
1590 41904.4
1620 42792.2
1650 43684.6
1680 44581.5
1710 45482.8
1740 46388.4
1770 47298.2
1800 48212.1
1830 49130
1860 50051.8
1860 50051.8
