0 0
30 762.591
60 1525.18
90 2287.77
120 3050.36
150 3812.95
180 4575.55
210 5338.14
240 6100.73
270 6863.32
300 7625.91
330 8388.5
360 9151.09
390 9913.68
420 10676.3
450 11438.9
480 12201.5
510 12964
540 13726.6
570 14489.2
600 15251.9
630 16014.5
660 16777.3
690 17540.3
720 18303.6
750 19067.6
780 19832.4
810 20598.5
840 21366.2
870 22136
900 22908.4
930 23683.7
960 24462.4
990 25244.7
1020 26031.1
1050 26821.8
1080 27617
1110 28416.8
1140 29221.4
1170 30030.8
1200 30845
1230 31664.3
1260 32488.4
1290 33317.4
1320 34151.4
1350 34990.2
1380 35833.8
1410 36682.2
1440 37535.2
1470 38392.8
1500 39254.9
1530 40121.5
1560 40992.4
1590 41867.7
1620 42747.2
1650 43630.8
1680 44518.4
1710 45410
1740 46305.5
1770 47204.8
1800 48107.8
1830 49014.5
1860 49924.9
1860 49924.9
