0 0
30 762.591
60 1525.18
90 2287.77
120 3050.36
150 3812.95
180 4575.55
210 5338.14
240 6100.73
270 6863.32
300 7625.91
330 8388.5
360 9151.09
390 9913.68
420 10676.3
450 11438.9
480 12201.5
510 12964
540 13726.6
570 14489.2
600 15251.8
630 16014.4
660 16777.1
690 17539.8
720 18302.6
750 19065.8
780 19829.5
810 20594.2
840 21360.4
870 22128.7
900 22899.9
930 23674.6
960 24453.4
990 25237
1020 26025.8
1050 26820.3
1080 27620.7
1110 28427.3
1140 29240.2
1170 30059.4
1200 30885
1230 31716.9
1260 32555.1
1290 33399.5
1320 34250
1350 35106.4
1380 35968.7
1410 36836.5
1440 37709.9
1470 38588.7
1500 39472.6
1530 40361.6
1560 41255.5
1590 42154.3
1620 43057.8
1650 43965.8
1680 44878.3
1710 45795
1740 46715.9
1770 47640.9
1800 48569.8
1830 49502.6
1860 50439.2
1860 50439.2
