0 0
30 437.409
60 874.818
90 1312.23
120 1749.64
150 2187.05
180 2624.45
210 3061.86
240 3499.27
270 3936.68
300 4374.09
330 4811.48
360 5248.82
390 5686.04
420 6122.97
450 6559.37
480 6994.85
510 7428.92
540 7860.93
570 8290.13
600 8715.67
630 9136.78
660 9552.73
690 9962.91
720 10366.8
750 10764.1
780 11154.5
810 11537.9
840 11914.2
870 12283.5
900 12645.8
930 13001.3
960 13350.1
990 13692.2
1020 14027.9
1050 14357.2
1080 14680.5
1110 14997.8
1140 15309.4
1170 15615.3
1200 15915.9
1230 16211.3
1260 16501.6
1290 16787
1320 17067.6
1350 17343.5
1380 17615
1410 17882.1
1440 18145
1470 18403.8
1500 18658.7
1530 18909.7
1560 19156.9
1590 19400.5
1620 19640.5
1650 19877.1
1680 20110.4
1710 20340.4
1740 20567.1
1770 20790.8
1800 21011.4
1830 21229.1
1860 21444
1860 21444
