0 0
30 762.591
60 1525.18
90 2287.77
120 3050.36
150 3812.95
180 4575.55
210 5338.14
240 6100.73
270 6863.32
300 7625.91
330 8388.5
360 9151.1
390 9913.7
420 10676.3
450 11439
480 12201.9
510 12965.1
540 13728.9
570 14493.8
600 15260.4
630 16029.3
660 16801.5
690 17577.5
720 18358.1
750 19143.9
780 19935.2
810 20732.4
840 21535.8
870 22345.6
900 23161.7
930 23984.2
960 24813.2
990 25648.6
1020 26490.4
1050 27338.6
1080 28192.8
1110 29053.1
1140 29919.2
1170 30791.1
1200 31668.6
1230 32551.5
1260 33439.8
1290 34333.3
1320 35231.9
1350 36135.3
1380 37043.6
1410 37956.5
1440 38874
1470 39796
1500 40722.2
1530 41652.7
1560 42587.2
1590 43525.7
1620 44468.2
1650 45414.3
1680 46364.2
1710 47317.7
1740 48274.6
1770 49235
1800 50198.7
1830 51165.6
1860 52135.7
1860 52135.7
