0 0
30 437.409
60 874.818
90 1312.23
120 1749.64
150 2187.05
180 2624.45
210 3061.86
240 3499.27
270 3936.67
300 4374.02
330 4811.09
360 5247.26
390 5681.45
420 6112.21
450 6537.91
480 6957.1
510 7368.58
540 7771.56
570 8165.53
600 8550.28
630 8925.73
660 9291.97
690 9648.97
720 9997.12
750 10336.5
780 10667.5
810 10990.4
840 11305.5
870 11613
900 11913.1
930 12206.3
960 12492.8
990 12772.7
1020 13046.5
1050 13314.2
1080 13576.1
1110 13832.4
1140 14083.4
1170 14329.1
1200 14569.9
1230 14805.9
1260 15037.3
1290 15264.3
1320 15487
1350 15705.5
1380 15920.1
1410 16130.7
1440 16337.7
1470 16541
1500 16740.8
1530 16937.2
1560 17130.3
1590 17320.2
1620 17507.1
1650 17690.9
1680 17871.8
1710 18049.8
1740 18225.1
1770 18397.8
1800 18567.8
1830 18735.3
1860 18900.4
1860 18900.4
