0 0
30 437.409
60 874.818
90 1312.23
120 1749.64
150 2187.05
180 2624.45
210 3061.86
240 3499.27
270 3936.68
300 4374.09
330 4811.5
360 5248.91
390 5686.31
420 6123.71
450 6561.07
480 6998.3
510 7435.23
540 7871.52
570 8306.61
600 8739.76
630 9170.12
660 9596.79
690 10018.9
720 10435.6
750 10846.4
780 11250.7
810 11648.3
840 12038.9
870 12422.3
900 12798.7
930 13168
960 13530.2
990 13885.5
1020 14234.1
1050 14576
1080 14911.6
1110 15240.9
1140 15564.1
1170 15881.4
1200 16192.9
1230 16498.8
1260 16799.3
1290 17094.5
1320 17384.7
1350 17669.9
1380 17950.3
1410 18226.2
1440 18497.5
1470 18764.5
1500 19027.1
1530 19285.7
1560 19540.2
1590 19790.9
1620 20037.7
1650 20280.8
1680 20520.4
1710 20756.4
1740 20989.1
1770 21218.4
1800 21444.6
1830 21667.6
1860 21887.5
1860 21887.5
