0 0
30 437.409
60 874.818
90 1312.23
120 1749.64
150 2187.05
180 2624.45
210 3061.86
240 3499.27
270 3936.68
300 4374.09
330 4811.5
360 5248.91
390 5686.32
420 6123.73
450 6561.13
480 6998.54
510 7435.95
540 7873.36
570 8310.76
600 8748.15
630 9185.47
660 9622.64
690 10059.5
720 10495.8
750 10931.1
780 11364.9
810 11796.7
840 12225.8
870 12651.6
900 13073.5
930 13491.1
960 13903.8
990 14311.4
1020 14713.5
1050 15110
1080 15500.7
1110 15885.4
1140 16264.1
1170 16636.9
1200 17003.7
1230 17364.5
1260 17719.5
1290 18068.7
1320 18412.2
1350 18750.2
1380 19082.6
1410 19409.8
1440 19731.7
1470 20048.5
1500 20360.3
1530 20667.3
1560 20969.6
1590 21267.2
1620 21560.4
1650 21849.1
1680 22133.6
1710 22414
1740 22690.3
1770 22962.6
1800 23231.1
1830 23495.9
1860 23756.9
1860 23756.9
