0 0
30 437.409
60 874.818
90 1312.23
120 1749.64
150 2187.05
180 2624.45
210 3061.86
240 3499.27
270 3936.68
300 4374.09
330 4811.5
360 5248.91
390 5686.32
420 6123.73
450 6561.13
480 6998.54
510 7435.95
540 7873.34
570 8310.68
600 8747.89
630 9184.81
660 9621.18
690 10056.6
720 10490.6
750 10922.5
780 11351.6
810 11777.4
840 12199.2
870 12616.3
900 13028.3
930 13434.8
960 13835.4
990 14230
1020 14618.4
1050 15000.6
1080 15376.5
1110 15746.1
1140 16109.5
1170 16466.8
1200 16818.1
1230 17163.4
1260 17502.9
1290 17836.8
1320 18165
1350 18487.8
1380 18805.3
1410 19117.6
1440 19424.8
1470 19727.2
1500 20024.9
1530 20317.9
1560 20606.3
1590 20890.3
1620 21170.1
1650 21445.7
1680 21717.2
1710 21984.8
1740 22248.6
1770 22508.7
1800 22765.1
1830 23018.1
1860 23267.6
1860 23267.6
