0 0
30 437.409
60 874.818
90 1312.23
120 1749.64
150 2187.05
180 2624.45
210 3061.86
240 3499.27
270 3936.68
300 4374.09
330 4811.5
360 5248.88
390 5686.22
420 6123.44
450 6560.42
480 6996.98
510 7432.9
540 7867.88
570 8301.6
600 8733.73
630 9163.91
660 9591.72
690 10016.8
720 10438.7
750 10857.1
780 11271.7
810 11682.1
840 12088.1
870 12489.3
900 12885.7
930 13277.1
960 13663.3
990 14044.2
1020 14420
1050 14790.4
1080 15155.6
1110 15515.5
1140 15870.2
1170 16219.8
1200 16564.2
1230 16903.6
1260 17238
1290 17567.6
1320 17892.4
1350 18212.5
1380 18528
1410 18839.1
1440 19145.9
1470 19448.3
1500 19746.5
1530 20040.7
1560 20330.9
1590 20617.2
1620 20899.7
1650 21178.5
1680 21453.7
1710 21725.3
1740 21993.5
1770 22258.4
1800 22519.9
1830 22778.2
1860 23033.3
1860 23033.3
