0 0
30 437.409
60 874.818
90 1312.23
120 1749.64
150 2187.05
180 2624.45
210 3061.86
240 3499.27
270 3936.68
300 4374.09
330 4811.48
360 5248.83
390 5686.09
420 6123.14
450 6559.83
480 6995.94
510 7431.13
540 7864.96
570 8296.83
600 8726.02
630 9151.8
660 9573.48
690 9990.41
720 10402
750 10808
780 11207.8
810 11601.5
840 11988.7
870 12369.4
900 12743.7
930 13111.6
960 13473.2
990 13828.5
1020 14177.6
1050 14520.6
1080 14857.6
1110 15188.7
1140 15514.2
1170 15834.2
1200 16148.8
1230 16458.1
1260 16762.2
1290 17061.4
1320 17355.7
1350 17645.3
1380 17930.3
1410 18210.8
1440 18486.9
1470 18758.8
1500 19026.5
1530 19290.2
1560 19549.9
1590 19805.8
1620 20058
1650 20306.5
1680 20551.5
1710 20793
1740 21031.2
1770 21266.1
1800 21497.7
1830 21726.3
1860 21951.8
1860 21951.8
