0 0
30 762.591
60 1525.18
90 2287.78
120 3050.67
150 3815.4
180 4584.74
210 5361.29
240 6146.94
270 6942.82
300 7749.3
330 8566.31
360 9393.53
390 10230.5
420 11076.8
450 11931.9
480 12795.1
510 13665.8
540 14543.6
570 15428.2
600 16319.1
630 17216.1
660 18118.7
690 19026.7
720 19940
750 20858.6
780 21782.2
810 22710.9
840 23644.5
870 24583
900 25526.2
930 26474.1
960 27426.5
990 28383.4
1020 29344.6
1050 30310
1080 31279.5
1110 32253
1140 33230.5
1170 34211.8
1200 35196.7
1230 36185.3
1260 37177.5
1290 38173
1320 39171.7
1350 40173.7
1380 41178.9
1410 42187.1
1440 43198.3
1470 44212.3
1500 45229.2
1530 46248.8
1560 47271.1
1590 48295.9
1620 49323.3
1650 50353.1
1680 51385.3
1710 52419.8
1740 53456.5
1770 54495.4
1800 55536.5
1830 56579.6
1860 57624.8
1860 57624.8
