0 0
30 762.591
60 1525.18
90 2287.77
120 3050.36
150 3812.95
180 4575.55
210 5338.14
240 6100.73
270 6863.32
300 7625.91
330 8388.5
360 9151.09
390 9913.68
420 10676.3
450 11438.9
480 12201.5
510 12964.1
540 13726.7
570 14489.4
600 15252.2
630 16015.3
660 16779.1
690 17543.7
720 18309.9
750 19078.2
780 19849.1
810 20623.5
840 21401.8
870 22184.6
900 22972.4
930 23765.5
960 24564.2
990 25368.6
1020 26179
1050 26995.3
1080 27817.7
1110 28646
1140 29480.3
1170 30320.4
1200 31166.2
1230 32017.8
1260 32874.9
1290 33737.4
1320 34605.3
1350 35478.3
1380 36356.4
1410 37239.4
1440 38127.2
1470 39019.8
1500 39916.9
1530 40818.4
1560 41724.4
1590 42634.5
1620 43548.8
1650 44467.1
1680 45389.3
1710 46315.4
1740 47245.2
1770 48178.6
1800 49115.6
1830 50056.1
1860 50999.9
1860 50999.9
