0 0
30 762.591
60 1525.18
90 2287.77
120 3050.36
150 3812.95
180 4575.55
210 5338.14
240 6100.73
270 6863.32
300 7625.91
330 8388.5
360 9151.09
390 9913.68
420 10676.3
450 11438.9
480 12201.6
510 12964.3
540 13727.4
570 14490.9
600 15255.4
630 16021.2
660 16789
690 17559.6
720 18333.8
750 19112.1
780 19895.4
810 20684
840 21478.6
870 22279.3
900 23086.5
930 23900.2
960 24720.5
990 25547.5
1020 26381.1
1050 27221.2
1080 28067.7
1110 28920.5
1140 29779.3
1170 30644.2
1200 31514.9
1230 32391.3
1260 33273.3
1290 34160.7
1320 35053.2
1350 35950.9
1380 36853.4
1410 37760.8
1440 38672.8
1470 39589.4
1500 40510.4
1530 41435.7
1560 42365.3
1590 43298.9
1620 44236.5
1650 45177.9
1680 46123.2
1710 47072.1
1740 48024.6
1770 48980.6
1800 49940.1
1830 50902.9
1860 51868.9
1860 51868.9
