0 0
30 762.591
60 1525.19
90 2288.64
120 3057.05
150 3835.3
180 4626.14
210 5430.38
240 6247.79
270 7077.58
300 7918.68
330 8769.95
360 9630.65
390 10500
420 11377.6
450 12262.6
480 13154.7
510 14053.4
540 14958.7
570 15870.6
600 16788.8
630 17713.5
660 18644.4
690 19581.3
720 20524.3
750 21473.2
780 22427.7
810 23387.7
840 24353.1
870 25323.6
900 26299
930 27279.2
960 28264
990 29253.4
1020 30247.1
1050 31245
1080 32246.9
1110 33252.7
1140 34262.2
1170 35275.3
1200 36291.9
1230 37311.8
1260 38334.9
1290 39361.2
1320 40390.5
1350 41422.7
1380 42457.8
1410 43495.6
1440 44536.1
1470 45579.1
1500 46624.7
1530 47672.7
1560 48723.1
1590 49775.8
1620 50830.6
1650 51887.7
1680 52946.8
1710 54008
1740 55071.2
1770 56136.4
1800 57203.4
1830 58272.3
1860 59343
1860 59343
