0 0
30 437.409
60 874.818
90 1312.23
120 1749.64
150 2187.05
180 2624.45
210 3061.86
240 3499.27
270 3936.68
300 4374.09
330 4811.5
360 5248.91
390 5686.32
420 6123.73
450 6561.13
480 6998.54
510 7435.95
540 7873.35
570 8310.72
600 8748.02
630 9185.13
660 9621.89
690 10058
720 10493.1
750 10926.6
780 11357.9
810 11786.4
840 12211.5
870 12632.5
900 13049
930 13460.5
960 13866.5
990 14267
1020 14661.5
1050 15050
1080 15432.5
1110 15808.8
1140 16178.9
1170 16543
1200 16901
1230 17253.1
1260 17599.3
1290 17939.8
1320 18274.8
1350 18604.3
1380 18928.4
1410 19247.4
1440 19561.4
1470 19870.4
1500 20174.5
1530 20473.9
1560 20768.8
1590 21059.2
1620 21345.2
1650 21627
1680 21904.6
1710 22178.3
1740 22448.1
1770 22714
1800 22976.3
1830 23234.9
1860 23490
1860 23490
