0 0
30 762.591
60 1525.18
90 2287.77
120 3050.36
150 3812.95
180 4575.55
210 5338.14
240 6100.73
270 6863.32
300 7625.91
330 8388.5
360 9151.1
390 9913.71
420 10676.4
450 11439.1
480 12202.2
510 12965.8
540 13730.5
570 14496.8
600 15265.5
630 16037.6
660 16813.8
690 17595
720 18381.7
750 19174.5
780 19973.8
810 20779.9
840 21592.9
870 22412.9
900 23239.9
930 24073.9
960 24914.9
990 25762.5
1020 26616.7
1050 27477.3
1080 28344.3
1110 29217.4
1140 30096.6
1170 30981.4
1200 31871.9
1230 32767.9
1260 33669.2
1290 34575.7
1320 35487.1
1350 36403.4
1380 37324.3
1410 38249.9
1440 39179.9
1470 40114.2
1500 41052.7
1530 41995.3
1560 42941.8
1590 43892.2
1620 44846.2
1650 45804
1680 46765.2
1710 47729.9
1740 48697.9
1770 49669.2
1800 50643.7
1830 51621.3
1860 52601.9
1860 52601.9
