0 0
30 437.409
60 874.818
90 1312.23
120 1749.64
150 2187.05
180 2624.45
210 3061.86
240 3499.27
270 3936.68
300 4374.09
330 4811.5
360 5248.91
390 5686.32
420 6123.73
450 6561.13
480 6998.54
510 7435.95
540 7873.36
570 8310.74
600 8748.1
630 9185.38
660 9622.52
690 10059.4
720 10495.9
750 10931.9
780 11366.9
810 11800.8
840 12233.1
870 12663.4
900 13091.4
930 13516.5
960 13938.5
990 14356.9
1020 14771.3
1050 15181.6
1080 15587.5
1110 15988.8
1140 16385.4
1170 16777.1
1200 17163.9
1230 17545.8
1260 17922.7
1290 18294.7
1320 18661.7
1350 19023.9
1380 19381.3
1410 19733.9
1440 20081.8
1470 20425.1
1500 20763.8
1530 21098.1
1560 21428
1590 21753.5
1620 22074.9
1650 22392.1
1680 22705.3
1710 23014.5
1740 23319.9
1770 23621.4
1800 23919.2
1830 24213.3
1860 24503.8
1860 24503.8
