0 0
30 762.591
60 1525.18
90 2287.77
120 3050.36
150 3812.95
180 4575.55
210 5338.14
240 6100.73
270 6863.32
300 7625.91
330 8388.5
360 9151.09
390 9913.68
420 10676.3
450 11438.9
480 12201.5
510 12964.2
540 13726.9
570 14490
600 15253.4
630 16017.5
660 16782.7
690 17549.3
720 18317.8
750 19088.7
780 19862.4
810 20639.3
840 21419.9
870 22204.6
900 22993.6
930 23787.4
960 24586
990 25389.8
1020 26198.7
1050 27012.9
1080 27832.5
1110 28657.5
1140 29487.8
1170 30323.5
1200 31164.5
1230 32010.7
1260 32862.1
1290 33718.6
1320 34580.2
1350 35446.6
1380 36317.8
1410 37193.7
1440 38074.3
1470 38959.3
1500 39848.7
1530 40742.4
1560 41640.3
1590 42542.4
1620 43448.4
1650 44358.4
1680 45272.2
1710 46189.8
1740 47111
1770 48035.8
1800 48964.1
1830 49895.7
1860 50830.7
1860 50830.7
