0 0
30 437.409
60 874.818
90 1312.23
120 1749.64
150 2187.05
180 2624.45
210 3061.86
240 3499.27
270 3936.68
300 4374.09
330 4811.5
360 5248.91
390 5686.32
420 6123.73
450 6561.13
480 6998.54
510 7435.95
540 7873.36
570 8310.76
600 8748.15
630 9185.5
660 9622.76
690 10059.8
720 10496.5
750 10932.7
780 11367.9
810 11801.9
840 12234.2
870 12664.3
900 13091.9
930 13516.4
960 13937.4
990 14354.6
1020 14767.6
1050 15176.2
1080 15580.1
1110 15979.2
1140 16373.3
1170 16762.3
1200 17146.2
1230 17524.8
1260 17898.2
1290 18266.4
1320 18629.3
1350 18987.1
1380 19339.7
1410 19687.3
1440 20030
1470 20367.7
1500 20700.7
1530 21028.9
1560 21352.4
1590 21671.5
1620 21986.1
1650 22296.4
1680 22602.4
1710 22904.3
1740 23202.1
1770 23496
1800 23786
1830 24072.2
1860 24354.7
1860 24354.7
