0 0
30 437.409
60 874.818
90 1312.23
120 1749.64
150 2187.05
180 2624.45
210 3061.86
240 3499.27
270 3936.68
300 4374.09
330 4811.48
360 5248.81
390 5685.94
420 6122.55
450 6558.14
480 6992.01
510 7423.31
540 7851.13
570 8274.64
600 8693.09
630 9105.89
660 9512.61
690 9912.93
720 10306.7
750 10693.7
780 11074.1
810 11448
840 11815.4
870 12176.3
900 12530.9
930 12879.3
960 13221.7
990 13558.1
1020 13888.9
1050 14214
1080 14533.6
1110 14847.8
1140 15156.8
1170 15460.8
1200 15759.7
1230 16053.8
1260 16343.2
1290 16628.1
1320 16908.5
1350 17184.6
1380 17456.4
1410 17724.2
1440 17988
1470 18248
1500 18504.2
1530 18756.7
1560 19005.7
1590 19251.2
1620 19493.3
1650 19732.1
1680 19967.8
1710 20200.3
1740 20429.8
1770 20656.3
1800 20879.9
1830 21100.6
1860 21318.6
1860 21318.6
