0 0
30 437.409
60 874.818
90 1312.23
120 1749.64
150 2187.05
180 2624.45
210 3061.86
240 3499.27
270 3936.68
300 4374.09
330 4811.5
360 5248.88
390 5686.16
420 6123.09
450 6559.16
480 6993.63
510 7425.58
540 7854.09
570 8278.31
600 8697.54
630 9111.1
660 9518.53
690 9919.39
720 10313.3
750 10700.1
780 11079.6
810 11451.8
840 11816.8
870 12174.5
900 12525.1
930 12868.7
960 13205.3
990 13535.3
1020 13858.7
1050 14175.8
1080 14486.7
1110 14791.5
1140 15090.6
1170 15383.9
1200 15671.8
1230 15954.3
1260 16231.7
1290 16504
1320 16771.5
1350 17034.2
1380 17292.4
1410 17546.2
1440 17795.7
1470 18041
1500 18282.3
1530 18519.6
1560 18753
1590 18982.8
1620 19209
1650 19431.7
1680 19650.9
1710 19866.9
1740 20079.7
1770 20289.3
1800 20495.9
1830 20699.5
1860 20900.3
1860 20900.3
