0 0
30 762.591
60 1525.18
90 2287.77
120 3050.36
150 3812.95
180 4575.56
210 5338.29
240 6101.41
270 6865.44
300 7631.13
330 8399.38
360 9171.14
390 9947.39
420 10729
450 11516.8
480 12311.4
510 13113.3
540 13922.9
570 14740.5
600 15566.2
630 16400.2
660 17242.3
690 18092.6
720 18950.7
750 19816.5
780 20689.8
810 21570.3
840 22457.7
870 23351.9
900 24252.6
930 25159.6
960 26072.7
990 26991.8
1020 27916.5
1050 28846.8
1080 29782.4
1110 30723.2
1140 31669
1170 32619.7
1200 33575
1230 34534.9
1260 35499
1290 36467.3
1320 37439.8
1350 38416.3
1380 39396.6
1410 40380.6
1440 41368.2
1470 42359.3
1500 43353.7
1530 44351.5
1560 45352.4
1590 46356.5
1620 47363.5
1650 48373.5
1680 49386.4
1710 50402
1740 51420.3
1770 52441.3
1800 53464.7
1830 54490.7
1860 55519.1
1860 55519.1
