0 0
30 762.591
60 1525.18
90 2287.77
120 3050.36
150 3812.95
180 4575.55
210 5338.14
240 6100.73
270 6863.32
300 7625.91
330 8388.5
360 9151.09
390 9913.69
420 10676.3
450 11439
480 12202.1
510 12965.9
540 13731.1
570 14498.5
600 15269.1
630 16043.9
660 16823.6
690 17608.5
720 18399.3
750 19196.1
780 19999.3
810 20809
840 21625.4
870 22448.4
900 23278
930 24114.3
960 24956.9
990 25806
1020 26661.4
1050 27523
1080 28390.7
1110 29264.2
1140 30143.4
1170 31028.2
1200 31918.4
1230 32814
1260 33714.6
1290 34620.3
1320 35530.8
1350 36446
1380 37365.8
1410 38290.1
1440 39218.7
1470 40151.5
1500 41088.4
1530 42029.4
1560 42974.2
1590 43922.7
1620 44875
1650 45830.9
1680 46790.2
1710 47752.9
1740 48719
1770 49688.2
1800 50660.6
1830 51636.1
1860 52614.6
1860 52614.6
