0 0
30 437.409
60 874.818
90 1312.23
120 1749.64
150 2187.05
180 2624.45
210 3061.86
240 3499.27
270 3936.68
300 4374.09
330 4811.5
360 5248.91
390 5686.32
420 6123.72
450 6561.1
480 6998.44
510 7435.65
540 7872.58
570 8308.94
600 8744.29
630 9178.01
660 9609.34
690 10037.4
720 10461.5
750 10880.8
780 11294.7
810 11702.6
840 12104.2
870 12499.2
900 12887.6
930 13269.1
960 13643.8
990 14011.8
1020 14373
1050 14727.7
1080 15076
1110 15417.9
1140 15753.8
1170 16083.6
1200 16407.7
1230 16726
1260 17038.9
1290 17346.5
1320 17648.8
1350 17946.2
1380 18238.6
1410 18526.3
1440 18809.4
1470 19088.1
1500 19362.3
1530 19632.4
1560 19898.4
1590 20160.4
1620 20418.4
1650 20672.7
1680 20923.4
1710 21170.4
1740 21414
1770 21654.2
1800 21891.1
1830 22124.8
1860 22355.3
1860 22355.3
