0 0
30 437.409
60 874.818
90 1312.23
120 1749.64
150 2187.05
180 2624.45
210 3061.86
240 3499.27
270 3936.68
300 4374.09
330 4811.5
360 5248.91
390 5686.32
420 6123.73
450 6561.13
480 6998.54
510 7435.93
540 7873.27
570 8310.47
600 8747.37
630 9183.7
660 9619.04
690 10052.9
720 10484.5
750 10913.3
780 11338.6
810 11759.8
840 12176.2
870 12587.4
900 12993
930 13392.9
960 13786.7
990 14174.3
1020 14555.7
1050 14930.9
1080 15300
1110 15662.9
1140 16019.8
1170 16370.7
1200 16715.8
1230 17055.2
1260 17389
1290 17717.4
1320 18040.5
1350 18358.5
1380 18671.4
1410 18979.3
1440 19282.5
1470 19581
1500 19875
1530 20164.5
1560 20449.7
1590 20730.7
1620 21007.6
1650 21280.5
1680 21549.6
1710 21814.9
1740 22076.6
1770 22334.6
1800 22589.2
1830 22840.3
1860 23088
1860 23088
