0 0
30 762.591
60 1525.18
90 2287.77
120 3050.36
150 3812.95
180 4575.55
210 5338.14
240 6100.73
270 6863.32
300 7625.91
330 8388.5
360 9151.09
390 9913.68
420 10676.3
450 11438.9
480 12201.5
510 12964
540 13726.6
570 14489.2
600 15251.8
630 16014.4
660 16777.1
690 17539.8
720 18302.6
750 19065.8
780 19829.5
810 20594
840 21360
870 22127.9
900 22898.3
930 23672.1
960 24449.9
990 25232.2
1020 26019.7
1050 26812.6
1080 27611.4
1110 28416.2
1140 29227.2
1170 30044.5
1200 30868.1
1230 31698
1260 32534.1
1290 33376.4
1320 34224.6
1350 35078.8
1380 35938.9
1410 36804.7
1440 37675.9
1470 38552.6
1500 39434.5
1530 40321.6
1560 41213.6
1590 42110.5
1620 43012.1
1650 43918.2
1680 44828.7
1710 45743.6
1740 46662.7
1770 47585.9
1800 48513.1
1830 49444.1
1860 50378.9
1860 50378.9
