0 0
30 437.409
60 874.818
90 1312.23
120 1749.64
150 2187.05
180 2624.45
210 3061.86
240 3499.27
270 3936.68
300 4374.09
330 4811.5
360 5248.91
390 5686.32
420 6123.72
450 6561.12
480 6998.47
510 7435.74
540 7872.86
570 8309.7
600 8746.13
630 9181.97
660 9617
690 10051
720 10483.8
750 10915.2
780 11344.9
810 11772.8
840 12198.7
870 12622.4
900 13043.7
930 13462.5
960 13878.6
990 14292
1020 14702.4
1050 15109.8
1080 15514.2
1110 15915.3
1140 16313.2
1170 16707.8
1200 17098.9
1230 17486.6
1260 17870.7
1290 18251.4
1320 18628.4
1350 19001.9
1380 19371.8
1410 19738.1
1440 20100.7
1470 20459.8
1500 20815.4
1530 21167.4
1560 21515.9
1590 21860.9
1620 22202.4
1650 22540.5
1680 22875.2
1710 23206.6
1740 23534.7
1770 23859.5
1800 24181.1
1830 24499.5
1860 24814.8
1860 24814.8
