0 0
30 762.591
60 1525.18
90 2287.77
120 3050.36
150 3812.95
180 4575.55
210 5338.14
240 6100.73
270 6863.32
300 7625.91
330 8388.5
360 9151.09
390 9913.68
420 10676.3
450 11438.9
480 12201.5
510 12964
540 13726.6
570 14489.2
600 15251.8
630 16014.4
660 16777
690 17539.7
720 18302.4
750 19065.3
780 19828.7
810 20592.8
840 21358.1
870 22125
900 22894.1
930 23665.9
960 24441
990 25219.8
1020 26002.6
1050 26790
1080 27582.1
1110 28379.2
1140 29181.5
1170 29989
1200 30802
1230 31620.4
1260 32444.2
1290 33273.4
1320 34108
1350 34947.9
1380 35793.1
1410 36643.4
1440 37498.7
1470 38359
1500 39224.2
1530 40094.1
1560 40968.8
1590 41848
1620 42731.7
1650 43619.7
1680 44512.1
1710 45408.5
1740 46309.1
1770 47213.7
1800 48122.1
1830 49034.3
1860 49950.3
1860 49950.3
