0 0
30 762.591
60 1525.18
90 2287.77
120 3050.36
150 3812.95
180 4575.55
210 5338.14
240 6100.73
270 6863.32
300 7625.91
330 8388.5
360 9151.13
390 9913.91
420 10677.2
450 11441.5
480 12207.7
510 12977
540 13750.3
570 14528.8
600 15313.4
630 16105
660 16904.1
690 17711.1
720 18526.2
750 19349.4
780 20180.9
810 21020.5
840 21868.1
870 22723.5
900 23586.5
930 24457
960 25334.6
990 26219.1
1020 27110.4
1050 28008.1
1080 28912.2
1110 29822.4
1140 30738.4
1170 31660.1
1200 32587.3
1230 33519.8
1260 34457.4
1290 35400
1320 36347.3
1350 37299.3
1380 38255.7
1410 39216.5
1440 40181.4
1470 41150.3
1500 42123.2
1530 43099.9
1560 44080.3
1590 45064.2
1620 46051.6
1650 47042.3
1680 48036.4
1710 49033.6
1740 50033.9
1770 51037.2
1800 52043.4
1830 53052.5
1860 54064.3
1860 54064.3
