0 0
30 762.591
60 1525.18
90 2287.77
120 3050.36
150 3812.95
180 4575.59
210 5338.44
240 6101.91
270 6866.67
300 7633.63
330 8403.91
360 9178.9
390 9959.82
420 10747.8
450 11543.6
480 12347.8
510 13160.9
540 13982.9
570 14814
600 15654.2
630 16503.3
660 17361.2
690 18227.5
720 19102.1
750 19984.6
780 20874.7
810 21772.2
840 22677
870 23588.8
900 24507.2
930 25432.1
960 26363.2
990 27300.1
1020 28242.7
1050 29190.8
1080 30144.2
1110 31102.6
1140 32065.8
1170 33033.8
1200 34006.4
1230 34983.4
1260 35964.6
1290 36949.8
1320 37939
1350 38932
1380 39928.7
1410 40929
1440 41932.8
1470 42939.9
1500 43950.3
1530 44963.8
1560 45980.3
1590 46999.9
1620 48022.3
1650 49047.5
1680 50075.4
1710 51105.9
1740 52139.1
1770 53174.7
1800 54212.7
1830 55253.1
1860 56295.8
1860 56295.8
