0 0
30 437.409
60 874.818
90 1312.23
120 1749.64
150 2187.05
180 2624.45
210 3061.86
240 3499.27
270 3936.68
300 4374.09
330 4811.5
360 5248.91
390 5686.32
420 6123.73
450 6561.13
480 6998.54
510 7435.95
540 7873.36
570 8310.77
600 8748.18
630 9185.59
660 9623
690 10060.4
720 10497.8
750 10935.2
780 11372.6
810 11810
840 12247.3
870 12684.6
900 13121.7
930 13558.5
960 13995
990 14431
1020 14866.2
1050 15300.5
1080 15733.5
1110 16165.1
1140 16595
1170 17022.8
1200 17448.3
1230 17871.3
1260 18291.6
1290 18708.8
1320 19122.8
1350 19533.4
1380 19940.6
1410 20344
1440 20743.7
1470 21139.6
1500 21531.5
1530 21919.4
1560 22303.3
1590 22683.1
1620 23058.9
1650 23430.6
1680 23798.3
1710 24161.9
1740 24521.5
1770 24877.1
1800 25228.7
1830 25576.4
1860 25920.2
1860 25920.2
