0 0
30 762.591
60 1525.18
90 2287.77
120 3050.36
150 3812.95
180 4575.55
210 5338.14
240 6100.73
270 6863.32
300 7625.91
330 8388.5
360 9151.09
390 9913.68
420 10676.3
450 11438.9
480 12201.5
510 12964.1
540 13726.8
570 14489.8
600 15253.4
630 16018
660 16784.2
690 17552.8
720 18324.8
750 19100.8
780 19881.7
810 20668.2
840 21460.7
870 22259.7
900 23065.4
930 23878
960 24697.6
990 25524.2
1020 26357.6
1050 27197.8
1080 28044.7
1110 28898.2
1140 29758
1170 30624.1
1200 31496.3
1230 32374.4
1260 33258.2
1290 34147.6
1320 35042.4
1350 35942.4
1380 36847.5
1410 37757.5
1440 38672.3
1470 39591.7
1500 40515.6
1530 41443.9
1560 42376.4
1590 43313
1620 44253.6
1650 45198.2
1680 46146.5
1710 47098.4
1740 48054
1770 49013
1800 49975.4
1830 50941.2
1860 51910.1
1860 51910.1
