0 0
30 437.409
60 874.818
90 1312.23
120 1749.64
150 2187.05
180 2624.45
210 3061.86
240 3499.27
270 3936.68
300 4374.09
330 4811.5
360 5248.91
390 5686.32
420 6123.73
450 6561.13
480 6998.54
510 7435.95
540 7873.35
570 8310.73
600 8748.06
630 9185.28
660 9622.27
690 10058.8
720 10494.7
750 10929.4
780 11362.6
810 11793.6
840 12221.8
870 12646.8
900 13067.9
930 13484.6
960 13896.6
990 14303.6
1020 14705.3
1050 15101.4
1080 15492
1110 15877
1140 16256.2
1170 16629.7
1200 16997.5
1230 17359.6
1260 17716.2
1290 18067.2
1320 18412.9
1350 18753.2
1380 19088.4
1410 19418.5
1440 19743.6
1470 20063.9
1500 20379.3
1530 20690.1
1560 20996.4
1590 21298.2
1620 21595.8
1650 21889.1
1680 22178.2
1710 22463.3
1740 22744.6
1770 23022
1800 23295.7
1830 23565.7
1860 23832.3
1860 23832.3
