0 0
30 762.591
60 1525.18
90 2287.77
120 3050.36
150 3812.95
180 4575.55
210 5338.14
240 6100.73
270 6863.38
300 7626.35
330 8390.47
360 9157.18
390 9928.34
420 10705.7
450 11490.7
480 12284.3
510 13087
540 13899
570 14720.5
600 15551.3
630 16391.4
660 17240.4
690 18098.2
720 18964.3
750 19838.4
780 20720.5
810 21610
840 22506.7
870 23410.5
900 24320.9
930 25237.8
960 26160.9
990 27089.9
1020 28024.8
1050 28965.2
1080 29911.1
1110 30862
1140 31818
1170 32778.7
1200 33744.1
1230 34713.9
1260 35688.2
1290 36666.6
1320 37649.1
1350 38635.6
1380 39625.9
1410 40619.8
1440 41617.3
1470 42618.2
1500 43622.5
1530 44630
1560 45640.7
1590 46654.4
1620 47671.1
1650 48690.7
1680 49713.1
1710 50738.2
1740 51765.9
1770 52796.3
1800 53829.1
1830 54864.4
1860 55902
1860 55902
