0 0
30 437.409
60 874.818
90 1312.23
120 1749.64
150 2187.05
180 2624.45
210 3061.86
240 3499.27
270 3936.68
300 4374.09
330 4811.5
360 5248.91
390 5686.32
420 6123.73
450 6561.13
480 6998.54
510 7435.95
540 7873.36
570 8310.76
600 8748.13
630 9185.44
660 9622.63
690 10059.6
720 10496.2
750 10932.1
780 11367.2
810 11801.1
840 12233.5
870 12663.9
900 13092.1
930 13517.6
960 13940.2
990 14359.5
1020 14775.3
1050 15187.3
1080 15595.3
1110 15999.2
1140 16398.7
1170 16793.8
1200 17184.4
1230 17570.3
1260 17951.5
1290 18328
1320 18699.7
1350 19066.6
1380 19428.8
1410 19786.2
1440 20138.9
1470 20486.9
1500 20830.2
1530 21169.1
1560 21503.4
1590 21833.3
1620 22158.8
1650 22480.1
1680 22797.1
1710 23110.1
1740 23419.2
1770 23724.2
1800 24025.5
1830 24323
1860 24616.9
1860 24616.9
