0 0
30 762.591
60 1525.18
90 2287.77
120 3050.36
150 3812.95
180 4575.55
210 5338.14
240 6100.73
270 6863.32
300 7625.91
330 8388.5
360 9151.09
390 9913.68
420 10676.3
450 11438.9
480 12201.5
510 12964.1
540 13726.8
570 14489.7
600 15252.9
630 16016.8
660 16781.8
690 17548.5
720 18317.6
750 19089.7
780 19865.6
810 20645.8
840 21431
870 22221.4
900 23017.7
930 23819.9
960 24628.2
990 25442.7
1020 26263.5
1050 27090.5
1080 27923.6
1110 28762.9
1140 29608.1
1170 30459.2
1200 31316
1230 32178.6
1260 33046.6
1290 33920.1
1320 34798.8
1350 35682.6
1380 36571.4
1410 37465.1
1440 38363.4
1470 39266.3
1500 40173.7
1530 41085.5
1560 42001.5
1590 42921.6
1620 43845.7
1650 44773.7
1680 45705.5
1710 46641
1740 47580.1
1770 48522.7
1800 49468.7
1830 50418.1
1860 51370.6
1860 51370.6
