0 0
30 762.591
60 1525.18
90 2287.77
120 3050.36
150 3812.95
180 4575.55
210 5338.14
240 6100.73
270 6863.32
300 7625.91
330 8388.5
360 9151.09
390 9913.69
420 10676.3
450 11439
480 12201.9
510 12965.3
540 13729.4
570 14494.9
600 15262.3
630 16032.3
660 16805.8
690 17583.3
720 18365.6
750 19153.1
780 19946.4
810 20745.7
840 21551.3
870 22363.3
900 23181.8
930 24006.8
960 24838.3
990 25676.2
1020 26520.5
1050 27371
1080 28227.6
1110 29090.2
1140 29958.6
1170 30832.7
1200 31712.3
1230 32597.3
1260 33487.5
1290 34382.9
1320 35283.2
1350 36188.3
1380 37098.1
1410 38012.5
1440 38931.4
1470 39854.6
1500 40782.1
1530 41713.7
1560 42649.2
1590 43588.7
1620 44532
1650 45478.9
1680 46429.4
1710 47383.5
1740 48340.9
1770 49301.7
1800 50265.7
1830 51232.9
1860 52203.2
1860 52203.2
