0 0
30 437.409
60 874.818
90 1312.23
120 1749.64
150 2187.05
180 2624.45
210 3061.86
240 3499.27
270 3936.68
300 4374.08
330 4811.45
360 5248.71
390 5685.69
420 6122.08
450 6557.45
480 6991.23
510 7422.77
540 7851.36
570 8276.29
600 8696.89
630 9112.55
660 9522.74
690 9927.01
720 10325.1
750 10716.6
780 11101.6
810 11479.8
840 11851.3
870 12215.9
900 12573.8
930 12925.1
960 13269.9
990 13608.2
1020 13940.3
1050 14266.3
1080 14586.3
1110 14900.5
1140 15209.1
1170 15512.1
1200 15809.8
1230 16102.3
1260 16389.7
1290 16672.2
1320 16949.9
1350 17223
1380 17491.6
1410 17755.9
1440 18015.8
1470 18271.7
1500 18523.5
1530 18771.4
1560 19015.6
1590 19256.1
1620 19492.9
1650 19726.3
1680 19956.3
1710 20183
1740 20406.6
1770 20627
1800 20844.3
1830 21058.6
1860 21270
1860 21270
