0 0
30 437.409
60 874.818
90 1312.23
120 1749.64
150 2187.05
180 2624.45
210 3061.86
240 3499.27
270 3936.68
300 4374.09
330 4811.5
360 5248.91
390 5686.32
420 6123.73
450 6561.13
480 6998.54
510 7435.95
540 7873.34
570 8310.67
600 8747.88
630 9184.79
660 9621.15
690 10056.6
720 10490.5
750 10922.4
780 11351.5
810 11777.2
840 12198.9
870 12615.9
900 13027.9
930 13434.2
960 13834.7
990 14229
1020 14617.1
1050 14998.8
1080 15374.1
1110 15743
1140 16105.6
1170 16461.9
1200 16812.1
1230 17156.2
1260 17494.4
1290 17826.9
1320 18153.8
1350 18475.2
1380 18791.3
1410 19102.1
1440 19407.9
1470 19708.8
1500 20004.8
1530 20296.3
1560 20583.2
1590 20865.7
1620 21143.9
1650 21418
1680 21688
1710 21954.1
1740 22216.3
1770 22474.8
1800 22729.6
1830 22980.9
1860 23228.7
1860 23228.7
