0 0
30 1334.53
60 2669.06
90 4002.68
120 5269.1
150 6377.2
180 7423.27
210 8440.39
240 9436.39
270 10414.3
300 11380.8
330 12326.8
360 13210.4
390 14019
420 14773.7
450 15489.8
480 16176.1
510 16830.7
540 17462
570 18078.5
600 18683.6
630 19284.3
660 19878.7
690 20467.9
720 21061
750 21664.6
780 22283.1
810 22916.5
840 23562.3
870 24214.8
900 24870.3
930 25528.3
960 26186.7
990 26847.4
1020 27511.7
1050 28181
1080 28854.7
1110 29535.5
1140 30227.2
1170 30927.7
1200 31634.3
1230 32350.4
1260 33076.4
1290 33813.2
1320 34559.4
1350 35314.8
1380 36073.8
1410 36840.1
1440 37620
1470 38411.3
1500 39210.1
1530 40015.3
1560 40829.4
1590 41649.5
1620 42476.9
1650 43315.8
1680 44169.7
1710 45043.2
1740 45936.9
1770 46851.9
1800 47787.7
1830 48751.7
1860 49749.8
1860 49749.8
