0 0
30 765.468
60 1530.94
90 2296.4
120 3061.87
150 3827.34
180 4592.89
210 5362.15
240 6185.3
270 7175.4
300 8288.42
330 9478.31
360 10724
390 12005.1
420 13315
450 14648.9
480 15998.9
510 17361.4
540 18734.8
570 20117.2
600 21506.5
630 22900.6
660 24295.9
690 25693.4
720 27094.6
750 28496.3
780 29895.4
810 31291
840 32684.9
870 34078.8
900 35469.2
930 36854.4
960 38234.8
990 39607.7
1020 40973.6
1050 42330.7
1080 43681.1
1110 45022.4
1140 46350.7
1170 47665.6
1200 48968.2
1230 50257
1260 51531.3
1290 52785
1320 54020
1350 55233.2
1380 56420.9
1410 57583.5
1440 58719.9
1470 59831.3
1500 60912.3
1530 61963.1
1560 62992.7
1590 64001.7
1620 64981.9
1650 65932.8
1680 66850.9
1710 67736.8
1740 68592.4
1770 69421.9
1800 70225
1830 71005.1
1860 71759.5
1860 71759.5
