0 0
30 765.468
60 1530.94
90 2296.4
120 3061.87
150 3827.35
180 4594.12
210 5384.93
240 6297.98
270 7352.46
300 8486.02
330 9669.37
360 10885.5
390 12119.9
420 13365.9
450 14617.9
480 15870.1
510 17120.1
540 18366.3
570 19605.8
600 20838.5
630 22062.9
660 23275.3
690 24476.2
720 25667.2
750 26847.7
780 28015.6
810 29168.6
840 30308.4
870 31436
900 32550.7
930 33651.9
960 34739.1
990 35813
1020 36871.5
1050 37913.6
1080 38939.9
1110 39951.6
1140 40950.9
1170 41935.3
1200 42904.4
1230 43856.5
1260 44791.8
1290 45715.5
1320 46627.7
1350 47526.3
1380 48413.7
1410 49287.5
1440 50146.3
1470 50989.7
1500 51816.6
1530 52627.5
1560 53412.3
1590 54159.2
1620 54858.4
1650 55502.4
1680 56076.6
1710 56591.4
1740 57061.6
1770 57498.5
1800 57910.4
1830 58301.4
1860 58676.4
1860 58676.4
