0 0
30 765.468
60 1530.94
90 2309.95
120 3252.37
150 4300.83
180 5378.8
210 6480.41
240 7595.95
270 8722.76
300 9848.5
330 10975.3
360 12104.2
390 13238.6
420 14395.8
450 15611
480 16899.6
510 18256
540 19665.9
570 21132.7
600 22656.9
630 24215.8
660 25781.4
690 27339.8
720 28885.5
750 30416.3
780 31928.6
810 33422
840 34901.1
870 36371.9
900 37837.4
930 39294.2
960 40741.4
990 42185.6
1020 43625
1050 45058.3
1080 46483.5
1110 47900.2
1140 49310.6
1170 50712.4
1200 52107.1
1230 53490.8
1260 54862.6
1290 56225
1320 57579
1350 58922.9
1380 60255.8
1410 61577.3
1440 62892.4
1470 64201.3
1500 65501.3
1530 66789.5
1560 68065.4
1590 69336.8
1620 70599.6
1650 71845.5
1680 73074.4
1710 74288.9
1740 75490.8
1770 76674
1800 77832.2
1830 78960.6
1860 80054
1860 80054
