0 0
30 1334.53
60 2669.06
90 4003.6
120 5338.13
150 6672.66
180 8007.19
210 9341.52
240 10670.4
270 11951.5
300 13111.3
330 14075.9
360 14855.6
390 15475.7
420 15994.3
450 16459.1
480 16893.4
510 17308.1
540 17709.9
570 18105.7
600 18499.8
630 18892.5
660 19286.3
690 19684
720 20085.5
750 20491.3
780 20901.1
810 21317.3
840 21739
870 22161.6
900 22589.1
930 23025.2
960 23466.1
990 23911.5
1020 24361.8
1050 24815.9
1080 25271.9
1110 25733.5
1140 26204.6
1170 26681.8
1200 27161.7
1230 27648.7
1260 28146.8
1290 28658.6
1320 29178.5
1350 29708.4
1380 30258.4
1410 30827.7
1440 31414
1470 32020.5
1500 32656.4
1530 33326.9
1560 34038.3
1590 34796.3
1620 35609
1650 36489.2
1680 37460.8
1710 38550.9
1740 39775.9
1770 41152.5
1800 42661.9
1830 44280.1
1860 45991.3
1860 45991.3
