0 0
30 765.468
60 1530.93
90 2295.79
120 3057.27
150 3812.78
180 4582.07
210 5439.28
240 6417.35
270 7492.3
300 8600.77
330 9726.11
360 10865.4
390 12009.6
420 13153.6
450 14295.7
480 15435.3
510 16571
540 17699.4
570 18823.3
600 19941.2
630 21049.9
660 22147
690 23233.8
720 24312.7
750 25381.3
780 26440.4
810 27489.2
840 28524.5
870 29547.4
900 30558.6
930 31557.3
960 32544.6
990 33518.9
1020 34478.1
1050 35419.8
1080 36343.2
1110 37249.8
1140 38135.6
1170 38998
1200 39839.3
1230 40658.6
1260 41450.3
1290 42211.7
1320 42937.9
1350 43628.3
1380 44284.2
1410 44905.4
1440 45480.4
1470 46012.7
1500 46506.8
1530 46968.5
1560 47402.6
1590 47813.6
1620 48205.3
1650 48581.1
1680 48943.5
1710 49294.7
1740 49635.5
1770 49966.2
1800 50287
1830 50598.3
1860 50900.7
1860 50900.7
