0 0
30 1334.53
60 2669.07
90 4004.21
120 5342.73
150 6687.22
180 8017.93
210 9260.72
240 10382.6
270 11407.7
300 12399.2
330 13373.9
360 14334.6
390 15290.4
420 16246.4
450 17204.3
480 18164.7
510 19129
540 20100.6
570 21076.7
600 22058.8
630 23050.1
660 24053
690 25066.2
720 26087.3
750 27118.7
780 28159.6
810 29210.8
840 30275.5
870 31352.6
900 32441.4
930 33542.7
960 34655.4
990 35781.1
1020 36921.9
1050 38080.2
1080 39256.8
1110 40450.2
1140 41664.4
1170 42902
1200 44160.7
1230 45441.4
1260 46749.7
1290 48088.3
1320 49462.1
1350 50871.7
1380 52315.8
1410 53794.6
1440 55319.6
1470 56887.3
1500 58493.2
1530 60131.5
1560 61797.4
1590 63486.4
1620 65194.7
1650 66918.9
1680 68656.5
1710 70405.3
1740 72164.5
1770 73933.8
1800 75713
1830 77501.7
1860 79299.3
1860 79299.3
