0 0
30 765.468
60 1530.94
90 2296.4
120 3061.87
150 3827.49
180 4606.24
210 5464.16
240 6404.2
270 7418.16
300 8518.93
330 9666
360 10828.6
390 11997.7
420 13168.9
450 14337.8
480 15501.3
510 16655.9
540 17799.3
570 18931.3
600 20052
630 21159.9
660 22252.7
690 23331.6
720 24396.9
750 25448.9
780 26487.6
810 27513.9
840 28526.9
870 29525.6
900 30510.3
930 31482.3
960 32443.2
990 33391.3
1020 34326.3
1050 35247.9
1080 36158.8
1110 37056
1140 37938
1170 38808.8
1200 39667
1230 40515.7
1260 41351.4
1290 42173.9
1320 42984.1
1350 43781.1
1380 44562.9
1410 45328.2
1440 46074
1470 46801.1
1500 47508.7
1530 48188.7
1560 48836.2
1590 49443.7
1620 50011.9
1650 50545.3
1680 51039.4
1710 51501.8
1740 51937.1
1770 52350.2
1800 52744.2
1830 53122.2
1860 53486.1
1860 53486.1
