0 0
30 1334.53
60 2669.06
90 4003.6
120 5338.13
150 6672.37
180 7994.15
210 9202.69
240 10243.7
270 11188.8
300 12068.1
330 12902
360 13708
390 14494
420 15264.9
450 16031.6
480 16798.5
510 17566.2
540 18338.1
570 19117.3
600 19904.4
630 20703.8
660 21518.4
690 22345
720 23184.4
750 24038.6
780 24910.7
810 25799.5
840 26703.2
870 27622.3
900 28557
930 29506.8
960 30473.9
990 31457.8
1020 32455.5
1050 33468.8
1080 34498.4
1110 35545.6
1140 36608.8
1170 37686.2
1200 38780.3
1230 39891.1
1260 41022
1290 42172.5
1320 43340.9
1350 44528.4
1380 45738
1410 46975
1440 48244.4
1470 49551.4
1500 50909.6
1530 52331.5
1560 53822.1
1590 55374.2
1620 56972.7
1650 58605.5
1680 60265.3
1710 61947.5
1740 63648.5
1770 65365.7
1800 67098.2
1830 68845.8
1860 70608
1860 70608
