0 0
30 1334.53
60 2669.06
90 4003.6
120 5338.13
150 6672.66
180 8007.19
210 9341.72
240 10676.3
270 12010.7
300 13344.4
330 14673.4
360 15980.9
390 17230.9
420 18396.6
450 19467.7
480 20472.7
510 21434
540 22358.6
570 23254.9
600 24130.4
630 24989.2
660 25833.3
690 26666
720 27491
750 28311.5
780 29128.4
810 29940.9
840 30750.5
870 31559.3
900 32368.6
930 33178.4
960 33988
990 34797.1
1020 35607.5
1050 36420.5
1080 37236.5
1110 38055.6
1140 38877.4
1170 39702.4
1200 40530.8
1230 41363.7
1260 42203.1
1290 43049.2
1320 43902.5
1350 44762.7
1380 45629.9
1410 46504.5
1440 47387.9
1470 48280.6
1500 49180.6
1530 50089.1
1560 51008.3
1590 51937.6
1620 52875.3
1650 53821
1680 54776.6
1710 55743.4
1740 56723
1770 57713.4
1800 58714
1830 59728.7
1860 60763.3
1860 60763.3
