0 0
30 1334.53
60 2669.06
90 4003.6
120 5338.13
150 6672.66
180 8007.11
210 9336.85
240 10620.5
270 11798.5
300 12845.1
330 13763.5
360 14579.4
390 15309.8
420 15973.3
450 16585.9
480 17164.6
510 17719.9
540 18254.6
570 18768.3
600 19259.6
630 19725.8
660 20167
690 20589.6
720 21004.6
750 21419.6
780 21839.3
810 22267.4
840 22701.4
870 23139.7
900 23584.8
930 24036.6
960 24495.7
990 24963.8
1020 25438.6
1050 25918.5
1080 26403.8
1110 26900.6
1140 27409.1
1170 27924.3
1200 28447.1
1230 28982
1260 29532.9
1290 30098.3
1320 30675.9
1350 31268.7
1380 31877.6
1410 32509.4
1440 33160.1
1470 33825.6
1500 34511.7
1530 35220.8
1560 35953.8
1590 36716.9
1620 37513.1
1650 38351.9
1680 39241.2
1710 40188.5
1740 41218
1770 42345.2
1800 43576.5
1830 44935
1860 46395.2
1860 46395.2
