0 0
30 1334.53
60 2669.06
90 4003.56
120 5329.61
150 6548.05
180 7649.3
210 8705.98
240 9735.22
270 10742.8
300 11722.7
330 12643.1
360 13483
390 14271.1
420 15026.8
450 15752.9
480 16451.2
510 17125.8
540 17776.1
570 18407.8
600 19023.8
630 19625.9
660 20218.1
690 20802.2
720 21382
750 21953.9
780 22517.5
810 23073.3
840 23620.7
870 24161.8
900 24701.7
930 25244.9
960 25795.2
990 26355.9
1020 26929.8
1050 27515
1080 28107.7
1110 28709
1140 29317.6
1170 29932.3
1200 30554.2
1230 31183
1260 31819.8
1290 32465.2
1320 33118.7
1350 33780.6
1380 34451.2
1410 35129
1440 35813
1470 36509.7
1500 37218.2
1530 37932.8
1560 38654.1
1590 39389.1
1620 40136.1
1650 40901.1
1680 41684.7
1710 42485.1
1740 43301.3
1770 44142.2
1800 45018.1
1830 45931.4
1860 46885.5
1860 46885.5
