0 0
30 1334.53
60 2669.06
90 4003.6
120 5338.12
150 6669.89
180 7947.2
210 9115.35
240 10228.2
270 11277.8
300 12227.3
330 13096
360 13874.8
390 14558.1
420 15180
450 15768
480 16330.6
510 16870.7
540 17387.9
570 17869.6
600 18312.8
630 18731.6
660 19136.3
690 19535.5
720 19937.3
750 20337.5
780 20739.1
810 21147.5
840 21563.8
870 21983.2
900 22409.4
930 22845.9
960 23291.2
990 23750
1020 24225.9
1050 24720.5
1080 25228.5
1110 25751.2
1140 26294.7
1170 26856.1
1200 27435.6
1230 28035.1
1260 28657.7
1290 29307.5
1320 29979.1
1350 30673.1
1380 31387.7
1410 32121.2
1440 32873.9
1470 33645
1500 34431.1
1530 35234.6
1560 36056.7
1590 36907.2
1620 37792.2
1650 38716.6
1680 39696.9
1710 40737.1
1740 41834.4
1770 42997.3
1800 44221.4
1830 45504.3
1860 46844.7
1860 46844.7
