0 0
30 765.468
60 1530.94
90 2296.4
120 3061.87
150 3827.5
180 4602.73
210 5486.28
240 6547.74
270 7715.27
300 8956.4
330 10248.2
360 11574.2
390 12926.4
420 14299.6
450 15684.6
480 17077.7
510 18476.6
540 19878.4
570 21281.8
600 22685.6
630 24083.5
660 25473.6
690 26860.7
720 28243.4
750 29617.1
780 30978.6
810 32329.4
840 33670
870 34999.1
900 36316.9
930 37624.8
960 38920.9
990 40201
1020 41466.5
1050 42721.4
1080 43963.7
1110 45193.3
1140 46410.4
1170 47612.7
1200 48801.9
1230 49977.8
1260 51138.2
1290 52282.6
1320 53412.9
1350 54525.5
1380 55614.5
1410 56672.9
1440 57686.8
1470 58641.4
1500 59519.4
1530 60323
1560 61048.2
1590 61731.1
1620 62381.9
1650 63011.9
1680 63625.6
1710 64224.1
1740 64808.7
1770 65379.3
1800 65936.2
1830 66479
1860 67006.5
1860 67006.5
