0 0
30 765.468
60 1530.94
90 2296.4
120 3061.87
150 3827.34
180 4592.91
210 5363.22
240 6176.24
270 7087.84
300 8152.3
330 9402.06
360 10792
390 12317.8
420 13944.4
450 15616.3
480 17312.6
510 19022.9
540 20739.5
570 22457.2
600 24175
630 25891.6
660 27603.4
690 29309.3
720 31010.3
750 32706.3
780 34395.5
810 36078.6
840 37757.3
870 39430.9
900 41097.7
930 42757.8
960 44409.9
990 46055.7
1020 47695.2
1050 49326.6
1080 50944.8
1110 52548.4
1140 54141.8
1170 55727.1
1200 57300
1230 58859.6
1260 60409.3
1290 61946.5
1320 63467.4
1350 64972.8
1380 66468.1
1410 67948.5
1440 69401.7
1470 70823.5
1500 72202.8
1530 73525.5
1560 74788.4
1590 75989.1
1620 77110.2
1650 78130.3
1680 79023.1
1710 79781.6
1740 80408.1
1770 80916.2
1800 81323.9
1830 81650.9
1860 81918.5
1860 81918.5
