0 0
30 1334.53
60 2669.06
90 4003.6
120 5338.13
150 6672.8
180 8008.59
210 9347.71
240 10681.3
270 11952.1
300 13154.5
330 14319.6
360 15458
390 16572.6
420 17675.2
450 18773.6
480 19869.7
510 20965.7
540 22065.5
570 23173.8
600 24291.7
630 25417.5
660 26551.8
690 27696.2
720 28849.7
750 30009.5
780 31175.9
810 32349.8
840 33530.2
870 34717.3
900 35911.5
930 37112.5
960 38318.5
990 39528.9
1020 40744.4
1050 41966.1
1080 43192.9
1110 44423.1
1140 45655.1
1170 46889.9
1200 48129.1
1230 49369.6
1260 50609.7
1290 51849.4
1320 53087.1
1350 54321.7
1380 55551.1
1410 56771.1
1440 57982.8
1470 59189.3
1500 60389.5
1530 61586
1560 62783.3
1590 63992.7
1620 65224.7
1650 66502.2
1680 67851.7
1710 69278.3
1740 70794.7
1770 72391.9
1800 74057.1
1830 75781.7
1860 77552.2
1860 77552.2
