0 0
30 765.468
60 1530.94
90 2296.4
120 3061.87
150 3827.21
180 4591.74
210 5354.53
240 6122.69
270 6942.81
300 7831.1
330 8779.97
360 9793.12
390 10846.7
420 11921.4
450 13008.8
480 14102.3
510 15197.4
540 16291.6
570 17382.2
600 18468.3
630 19549.7
660 20624
690 21689.6
720 22745.9
750 23792.8
780 24830.7
810 25859.4
840 26878.9
870 27889.4
900 28889.8
930 29878.5
960 30856.8
990 31826
1020 32784.6
1050 33732
1080 34667.4
1110 35590.7
1140 36503
1170 37402.8
1200 38290.9
1230 39169.5
1260 40038.6
1290 40898.5
1320 41749.4
1350 42592.3
1380 43431.3
1410 44267.2
1440 45101.8
1470 45933.5
1500 46759.8
1530 47581
1560 48397.7
1590 49204.8
1620 49998.5
1650 50774.9
1680 51532.5
1710 52268.2
1740 52979.6
1770 53664.5
1800 54327
1830 54965.8
1860 55581.9
1860 55581.9
