0 0
30 1334.53
60 2669.06
90 4003.6
120 5338.13
150 6672.66
180 8007.13
210 9339.76
240 10650.9
270 11891.7
300 13074.7
330 14211.4
360 15284.4
390 16278.8
420 17217.8
450 18114.8
480 18979.8
510 19819.8
540 20638.2
570 21439.4
600 22227.3
630 23005
660 23775.6
690 24540.3
720 25299.9
750 26056
780 26810.8
810 27566.4
840 28322.8
870 29080.8
900 29840.3
930 30601.9
960 31365.8
990 32133.5
1020 32906.6
1050 33683
1080 34463.8
1110 35249
1140 36038
1170 36834
1200 37638.2
1230 38449.6
1260 39270.4
1290 40100.5
1320 40940.3
1350 41791.9
1380 42656.7
1410 43534
1440 44425.5
1470 45331.8
1500 46253.3
1530 47191.8
1560 48149.6
1590 49128.8
1620 50128.4
1650 51146.3
1680 52184.7
1710 53245.5
1740 54334.9
1770 55456.8
1800 56615.2
1830 57803.2
1860 59021.5
1860 59021.5
