0 0
30 1334.53
60 2669.06
90 4003.6
120 5337.89
150 6645.8
180 7843.2
210 8976.9
240 10061.6
270 11090.8
300 12006.7
330 12793.2
360 13484.3
390 14120.6
420 14722.1
450 15297.1
480 15854
510 16399.4
540 16935.7
570 17470.2
600 18003.7
630 18531.4
660 19048.7
690 19548.5
720 20021.9
750 20473.9
780 20915.4
810 21353.6
840 21791.6
870 22232.9
900 22679.7
930 23136.3
960 23603.4
990 24077.9
1020 24561.4
1050 25058.3
1080 25567.6
1110 26091.2
1140 26627.8
1170 27181.6
1200 27756.4
1230 28354.2
1260 28974.7
1290 29620
1320 30292
1350 30992.8
1380 31726.6
1410 32491.9
1440 33290.9
1470 34126.5
1500 35018.3
1530 35976.9
1560 36994.7
1590 38061.7
1620 39168.5
1650 40316.1
1680 41502
1710 42727.9
1740 43992.9
1770 45300.1
1800 46658.1
1830 48065.9
1860 49521.4
1860 49521.4
