0 0
30 1334.53
60 2669.06
90 4003.6
120 5338.13
150 6672.65
180 8005.88
210 9315.07
240 10502
270 11547.5
300 12514
330 13430.6
360 14314.5
390 15180.1
420 16034.1
450 16882.1
480 17729.9
510 18579.9
540 19433.7
570 20294.2
600 21161.5
630 22037.1
660 22924.7
690 23823.8
720 24732.8
750 25652.3
780 26584.4
810 27531.4
840 28491.6
870 29464
900 30449.3
930 31448.1
960 32460.9
990 33487
1020 34528.5
1050 35586.4
1080 36660.1
1110 37748.4
1140 38849.1
1170 39964.7
1200 41095.6
1230 42243.5
1260 43408.2
1290 44584.5
1320 45772.3
1350 46973.7
1380 48186.3
1410 49412.5
1440 50653.7
1470 51910.3
1500 53183.4
1530 54472.5
1560 55787.7
1590 57140.8
1620 58541.6
1650 59997.6
1680 61523.4
1710 63108.6
1740 64738.4
1770 66401.5
1800 68089.6
1830 69798.6
1860 71523.6
1860 71523.6
