0 0
30 1334.53
60 2669.06
90 4003.6
120 5337.76
150 6656.73
180 7871.71
210 8986.44
240 10032.6
270 10992.7
300 11877.1
330 12705
360 13488.8
390 14238.6
420 14963.9
450 15664.2
480 16319.2
510 16906.2
540 17427.1
570 17900.5
600 18350.4
630 18790.9
660 19221.2
690 19645.7
720 20071.9
750 20502.8
780 20939.8
810 21385.3
840 21841.2
870 22301.1
900 22770.7
930 23254.5
960 23744.2
990 24240.7
1020 24746
1050 25262.6
1080 25790
1110 26321.5
1140 26860.8
1170 27414.8
1200 27986.5
1230 28573.8
1260 29180
1290 29802.7
1320 30444.3
1350 31112.6
1380 31806.7
1410 32529.5
1440 33285.5
1470 34077.8
1500 34909.4
1530 35779.9
1560 36688.6
1590 37643.5
1620 38652.2
1650 39718.7
1680 40844.7
1710 42040.3
1740 43311.1
1770 44668.2
1800 46127.2
1830 47683.1
1860 49292.1
1860 49292.1
