0 0
30 765.468
60 1530.94
90 2296.41
120 3063.52
150 3875
180 4808.32
210 5803.08
240 6837.49
270 7945.12
300 9129.05
330 10351.9
360 11608.4
390 12890.6
420 14195
450 15537.1
480 16947
510 18430.3
540 19991.4
570 21627.5
600 23297.3
630 24981.7
660 26672.3
690 28362.6
720 30052.8
750 31742.8
780 33425.6
810 35099.2
840 36761.7
870 38414.4
900 40059.2
930 41694.8
960 43318.1
990 44929.6
1020 46525.4
1050 48103.7
1080 49664.8
1110 51211.8
1140 52740.6
1170 54247.9
1200 55734.1
1230 57201.2
1260 58648.4
1290 60073.9
1320 61475.1
1350 62850.4
1380 64196.9
1410 65516.1
1440 66804.4
1470 68065.7
1500 69302.2
1530 70518.2
1560 71718.2
1590 72897.3
1620 74059
1650 75196.7
1680 76305.8
1710 77380.3
1740 78417.6
1770 79413.8
1800 80363.8
1830 81263.2
1860 82112.3
1860 82112.3
