0 0
30 765.468
60 1530.94
90 2296.4
120 3061.87
150 3827.34
180 4592.98
210 5366.62
240 6210.08
270 7175.47
300 8271.36
330 9454.88
360 10727.5
390 12102.7
420 13549.1
450 15037
480 16554
510 18095.4
540 19653.6
570 21227.7
600 22829.2
630 24467.9
660 26137.2
690 27823.5
720 29519
750 31218.9
780 32917.8
810 34616.3
840 36311.6
870 38000.6
900 39683.9
930 41363.4
960 43039.5
990 44710.4
1020 46373.7
1050 48027.5
1080 49672.7
1110 51308.9
1140 52934.3
1170 54551.5
1200 56156.8
1230 57749.8
1260 59329.8
1290 60893.9
1320 62441.3
1350 63973.1
1380 65489.4
1410 66994
1440 68475.5
1470 69933.7
1500 71366.4
1530 72775.5
1560 74164.8
1590 75530.5
1620 76862.1
1650 78165.4
1680 79439.5
1710 80678.6
1740 81878.7
1770 83022.5
1800 84109.6
1830 85141.6
1860 86122
1860 86122
