0 0
30 765.468
60 1530.94
90 2296.4
120 3062.06
150 3838.32
180 4698.27
210 5656.09
240 6668.7
270 7724.77
300 8851.16
330 10059.5
360 11332.6
390 12657.1
420 14028
450 15454.2
480 16953.6
510 18516.2
540 20120.9
570 21753.8
600 23401.2
630 25056.9
660 26721.7
690 28392.3
720 30066.7
750 31743.4
780 33416.9
810 35084.3
840 36749.4
870 38405.9
900 40052.2
930 41684.2
960 43302
990 44913.2
1020 46512.9
1050 48097.6
1080 49669.6
1110 51224.9
1140 52765.7
1170 54292.6
1200 55805.2
1230 57298.8
1260 58775.9
1290 60237.9
1320 61682.7
1350 63111
1380 64524.5
1410 65926
1440 67311.8
1470 68683.8
1500 70040.9
1530 71373.9
1560 72680.5
1590 73950.3
1620 75174.4
1650 76340.4
1680 77443
1710 78477.9
1740 79431.8
1770 80283.2
1800 81029.7
1830 81659
1860 82177.2
1860 82177.2
