0 0
30 765.468
60 1530.94
90 2296.4
120 3062.22
150 3838.51
180 4661.35
210 5532.32
240 6437.75
270 7363.12
300 8302.49
330 9260.12
360 10265.5
390 11351.7
420 12506.4
450 13709.7
480 14967.5
510 16281.8
540 17634.2
570 19008.6
600 20397.3
630 21794.6
660 23191.2
690 24581.2
720 25964.9
750 27342.5
780 28716.3
810 30085.4
840 31452.1
870 32816.2
900 34180.6
930 35545
960 36908
990 38266.2
1020 39622.6
1050 40979.9
1080 42334.1
1110 43688.7
1140 45044.5
1170 46400.4
1200 47752.2
1230 49104.3
1260 50457.6
1290 51815.6
1320 53174.5
1350 54529.8
1380 55878.5
1410 57223.3
1440 58557.7
1470 59878.8
1500 61186.7
1530 62481.6
1560 63748.2
1590 64986
1620 66186.8
1650 67344.3
1680 68449.9
1710 69493.6
1740 70468.4
1770 71346.9
1800 72118.3
1830 72771.2
1860 73307.9
1860 73307.9
