0 0
30 765.468
60 1530.94
90 2296.4
120 3061.87
150 3827.72
180 4608.26
210 5472.28
240 6471.03
270 7613.77
300 8841.87
330 10118.2
360 11431.6
390 12771
420 14129.5
450 15502.1
480 16886.3
510 18281.3
540 19683.3
570 21089.3
600 22499.4
630 23909.1
660 25318.2
690 26729.6
720 28141.9
750 29549.1
780 30950.7
810 32349.3
840 33742.8
870 35130.7
900 36514.5
930 37893
960 39261.4
990 40615.7
1020 41958.1
1050 43289.2
1080 44607.6
1110 45910.9
1140 47198.6
1170 48465.2
1200 49705.9
1230 50914.7
1260 52090.8
1290 53233.7
1320 54340.5
1350 55410.8
1380 56447.3
1410 57453.5
1440 58439
1470 59408.6
1500 60356.5
1530 61287.4
1560 62195.5
1590 63083.3
1620 63951.8
1650 64801.6
1680 65633.9
1710 66451.6
1740 67252.6
1770 68038.4
1800 68810.9
1830 69566.4
1860 70300.2
1860 70300.2
