0 0
30 765.468
60 1530.94
90 2296.4
120 3061.87
150 3827.34
180 4593.35
210 5374.02
240 6224.51
270 7134.86
300 8080.83
330 9059.65
360 10085
390 11178
420 12317.8
450 13481.2
480 14657.1
510 15840
540 17026.2
570 18213.8
600 19400.5
630 20582.7
660 21758.5
690 22929
720 24093.7
750 25250.5
780 26398
810 27535.8
840 28663.5
870 29781.7
900 30891.2
930 31992.4
960 33083.8
990 34165.3
1020 35236.4
1050 36296.8
1080 37347.5
1110 38389.3
1140 39420.9
1170 40442.2
1200 41453.2
1230 42451.8
1260 43436.6
1290 44407.5
1320 45365.9
1350 46312.5
1380 47246.8
1410 48165.3
1440 49068.2
1470 49958.7
1500 50832.2
1530 51686.6
1560 52520.6
1590 53334.3
1620 54125.6
1650 54896.9
1680 55644.4
1710 56366.7
1740 57066.3
1770 57742
1800 58393
1830 59019
1860 59620.2
1860 59620.2
