0 0
30 1334.53
60 2669.06
90 4003.6
120 5338.13
150 6672.63
180 8004.47
210 9292.71
240 10491.3
270 11641.4
300 12737.9
330 13760.1
360 14720.1
390 15632.5
420 16507.6
450 17356.3
480 18185.1
510 19000.1
540 19806.9
570 20607.6
600 21404.2
630 22202.1
660 23005.6
690 23813.8
720 24627.6
750 25449.3
780 26280.7
810 27121.1
840 27973.2
870 28838.8
900 29716.7
930 30604.1
960 31501.7
990 32411.7
1020 33335.5
1050 34272.9
1080 35222.7
1110 36184.9
1140 37156.8
1170 38139.9
1200 39136
1230 40145.9
1260 41171
1290 42208.1
1320 43256.6
1350 44313.4
1380 45379.1
1410 46456.5
1440 47546.8
1470 48646.4
1500 49759.3
1530 50889.1
1560 52040.4
1590 53213.9
1620 54405.8
1650 55620.8
1680 56861.8
1710 58133
1740 59440.5
1770 60800
1800 62214
1830 63689.8
1860 65207.6
1860 65207.6
