0 0
30 1334.53
60 2669.06
90 3987.42
120 5143.86
150 6209.98
180 7226.04
210 8206.06
240 9171.74
270 10122.4
300 11066.6
330 11998.4
360 12916.6
390 13823.5
420 14714.7
450 15586.4
480 16411.7
510 17164.3
540 17851.3
570 18467.5
600 19013.6
630 19512.3
660 19985.3
690 20455.8
720 20937
750 21432.9
780 21943.2
810 22466.9
840 23005.6
870 23558.6
900 24123.5
930 24704.1
960 25300.3
990 25907.7
1020 26524.8
1050 27154.1
1080 27798
1110 28454.6
1140 29123.8
1170 29806
1200 30504.8
1230 31220.3
1260 31949.2
1290 32693.1
1320 33450
1350 34219.6
1380 35005.9
1410 35815
1440 36643.7
1470 37488.1
1500 38355.5
1530 39250.3
1560 40176.6
1590 41130.6
1620 42110.7
1650 43123.4
1680 44172.7
1710 45258.4
1740 46378.9
1770 47539.7
1800 48748.6
1830 50003.9
1860 51300.5
1860 51300.5
