0 0
30 1334.53
60 2669.06
90 4003.6
120 5338.13
150 6672.28
180 7998.89
210 9287.08
240 10521.4
270 11699.3
300 12774.6
330 13763.8
360 14708.1
390 15635.4
420 16559.4
450 17481.5
480 18402.3
510 19325.1
540 20254.8
570 21194.9
600 22147.4
630 23109.4
660 24080.1
690 25062.1
720 26058
750 27065.8
780 28085.1
810 29116.2
840 30159.3
870 31216.6
900 32287.8
930 33373.4
960 34473.5
990 35588.3
1020 36719
1050 37868.2
1080 39037.1
1110 40222.9
1140 41424
1170 42645.1
1200 43886.7
1230 45146.8
1260 46424.8
1290 47719.9
1320 49029.2
1350 50350.1
1380 51682.4
1410 53026.1
1440 54377
1470 55735.7
1500 57106.8
1530 58482.2
1560 59864.7
1590 61256.9
1620 62662.8
1650 64082.6
1680 65517.8
1710 66970.5
1740 68443.7
1770 69941.1
1800 71466.2
1830 73023.1
1860 74611.3
1860 74611.3
