0 0
30 1334.53
60 2669.06
90 4003.6
120 5338.11
150 6669.51
180 7953.64
210 9156.88
240 10289.6
270 11297.9
300 12204.2
330 13050.8
360 13858.4
390 14639.4
420 15401.1
450 16148.5
480 16885.2
510 17612.6
540 18332.9
570 19047
600 19755.2
630 20461.4
660 21166.7
690 21871
720 22575.5
750 23282.4
780 23993
810 24709.3
840 25427.1
870 26148.8
900 26877.7
930 27614.6
960 28358.8
990 29113.6
1020 29878.7
1050 30652
1080 31434.9
1110 32231.1
1140 33043.7
1170 33872.5
1200 34719.2
1230 35583.6
1260 36465.3
1290 37371.9
1320 38305.6
1350 39270.5
1380 40270
1410 41311.6
1440 42392.9
1470 43511.6
1500 44665.7
1530 45846.1
1560 47054.3
1590 48286.9
1620 49547.6
1650 50830.7
1680 52138.1
1710 53464.2
1740 54809.5
1770 56172.3
1800 57550.1
1830 58946
1860 60361.2
1860 60361.2
