0 0
30 765.468
60 1530.94
90 2296.08
120 3058.3
150 3816.46
180 4598.63
210 5417.74
240 6257.69
270 7109.17
300 7963.01
330 8816.48
360 9665.52
390 10509.6
420 11349
450 12185.1
480 13026.1
510 13892.8
540 14804.3
570 15752.3
600 16720.8
630 17698.9
660 18681.3
690 19665.3
720 20650.9
750 21638.1
780 22628.6
810 23626.6
840 24643.4
870 25686.1
900 26750.5
930 27828.5
960 28915.7
990 30012.2
1020 31118.1
1050 32233.6
1080 33359.6
1110 34494.9
1140 35640.5
1170 36800
1200 37974.5
1230 39162.3
1260 40362.4
1290 41587
1320 42815.8
1350 44043.1
1380 45267.9
1410 46491.7
1440 47718.5
1470 48948
1500 50176.5
1530 51395.1
1560 52603.8
1590 53802.4
1620 54981.4
1650 56138.3
1680 57265.7
1710 58358.1
1740 59407.6
1770 60411.3
1800 61365.4
1830 62263.4
1860 63103.5
1860 63103.5
