0 0
30 765.468
60 1530.94
90 2296.4
120 3062.24
150 3843.27
180 4728.29
210 5713.56
240 6767.38
270 7907.28
300 9122.87
330 10395
360 11711.2
390 13061.4
420 14436.1
450 15835.8
480 17280.8
510 18793.8
540 20372.9
570 21999.5
600 23649.6
630 25309.1
660 26978.8
690 28654.3
720 30328.1
750 31997.2
780 33660.2
810 35314.7
840 36958.8
870 38598.9
900 40229.3
930 41845.5
960 43455.8
990 45059.3
1020 46654
1050 48237.4
1080 49810
1110 51378.5
1140 52939.2
1170 54485.2
1200 56013.5
1230 57526.2
1260 59020
1290 60497.3
1320 61955.7
1350 63387.4
1380 64793.3
1410 66170.6
1440 67514.5
1470 68822.2
1500 70090.6
1530 71320.1
1560 72511.4
1590 73656.5
1620 74747.8
1650 75781.3
1680 76755.3
1710 77659.7
1740 78488.9
1770 79231.8
1800 79872.8
1830 80416.9
1860 80907.9
1860 80907.9
