0 0
30 1334.53
60 2669.06
90 3987.27
120 5143.24
150 6212.62
180 7231.58
210 8219.2
240 9191.36
270 10148.8
300 11104.1
330 12055.8
360 13005.1
390 13956.8
420 14905.1
450 15834.9
480 16717
510 17566.1
540 18406
570 19242.2
600 20088.1
630 20949.7
660 21827.2
690 22723
720 23645.6
750 24597.3
780 25576.6
810 26582
840 27610.4
870 28661.9
900 29734.6
930 30828.2
960 31942.1
990 33073.7
1020 34219.9
1050 35379.4
1080 36551
1110 37733.4
1140 38928.6
1170 40137.1
1200 41357.7
1230 42591.8
1260 43840.3
1290 45103.4
1320 46379.3
1350 47666.9
1380 48968
1410 50283.2
1440 51609.8
1470 52948.3
1500 54301.2
1530 55669.7
1560 57051.7
1590 58449.5
1620 59866.7
1650 61303
1680 62759
1710 64235.2
1740 65735
1770 67257.1
1800 68800.7
1830 70366.7
1860 71955.9
1860 71955.9
