0 0
30 1334.53
60 2669.06
90 4003.6
120 5337.99
150 6666.34
180 7933.76
210 9115.21
240 10242.6
270 11322.9
300 12356.1
330 13301.3
360 14133.5
390 14862.4
420 15512.5
450 16110.3
480 16673.5
510 17213.9
540 17740.3
570 18256.1
600 18767.1
630 19273.9
660 19769.9
690 20246.5
720 20700.1
750 21138.9
780 21570.5
810 21998.2
840 22427.4
870 22860.6
900 23297.2
930 23740.7
960 24193
990 24650.5
1020 25113.1
1050 25584.4
1080 26063.5
1110 26554.6
1140 27057.1
1170 27569.3
1200 28093.3
1230 28626.2
1260 29173.2
1290 29735.6
1320 30315.4
1350 30914.4
1380 31533.4
1410 32176.8
1440 32846
1470 33543.6
1500 34267.3
1530 35021.6
1560 35805
1590 36619.8
1620 37470.5
1650 38356.4
1680 39291.9
1710 40289
1740 41352.9
1770 42496.8
1800 43735.5
1830 45082.9
1860 46534.6
1860 46534.6
