0 0
30 765.468
60 1530.94
90 2296.4
120 3061.87
150 3827.37
180 4595.53
210 5407.29
240 6308.69
270 7258.64
300 8262.08
330 9339.91
360 10479.9
390 11667.5
420 12892.4
450 14143.7
480 15414.9
510 16699.9
540 17993.1
570 19292.4
600 20595.8
630 21897.9
660 23194.4
690 24486.2
720 25772.4
750 27050.7
780 28319.3
810 29578.9
840 30826.8
870 32061.2
900 33283.3
930 34495.9
960 35698.3
990 36888.3
1020 38064.5
1050 39227.1
1080 40377.3
1110 41515.1
1140 42643.2
1170 43760.1
1200 44864
1230 45954.1
1260 47029
1290 48091.9
1320 49143.4
1350 50186.6
1380 51220.9
1410 52243.5
1440 53253.2
1470 54253.6
1500 55240.7
1530 56210.9
1560 57159.6
1590 58086.1
1620 58994.2
1650 59879.2
1680 60738.2
1710 61567
1740 62359.5
1770 63100
1800 63786
1830 64410.2
1860 64992.4
1860 64992.4
