0 0
30 1334.53
60 2669.06
90 4003.6
120 5338.13
150 6672.63
180 8003.18
210 9276.79
240 10456.1
270 11563.8
300 12583.6
330 13537.9
360 14446.6
390 15320.4
420 16159.5
450 16938.9
480 17613.6
510 18161.3
540 18627.3
570 19060.8
600 19480.4
630 19894.4
660 20307.1
690 20718
720 21128.6
750 21542.2
780 21958
810 22378.6
840 22806.9
870 23238.7
900 23672.5
930 24108.6
960 24551.7
990 25002.9
1020 25462.3
1050 25924.2
1080 26389.4
1110 26861.3
1140 27339.7
1170 27828.7
1200 28333.4
1230 28852
1260 29381.2
1290 29924.9
1320 30481.9
1350 31055.8
1380 31650
1410 32261.1
1440 32895.4
1470 33560
1500 34255.3
1530 34985.8
1560 35758.3
1590 36574
1620 37431.4
1650 38330.5
1680 39272.6
1710 40261.1
1740 41298.7
1770 42389.1
1800 43529.2
1830 44723
1860 45973.1
1860 45973.1
