0 0
30 1334.53
60 2669.06
90 4003.6
120 5338.13
150 6672.66
180 8007.05
210 9336.96
240 10625.2
270 11798
300 12840.8
330 13794.7
360 14696
390 15561.1
420 16396.3
450 17206.8
480 18000.3
510 18780.5
540 19549.9
570 20314
600 21074.4
630 21832.2
660 22591.1
690 23353.4
720 24119.4
750 24890.3
780 25667.7
810 26454.1
840 27247.9
870 28046.5
900 28851.9
930 29667.2
960 30492.2
990 31325.7
1020 32167.4
1050 33016.7
1080 33872.7
1110 34736.3
1140 35608.2
1170 36487.9
1200 37376.4
1230 38272.1
1260 39173
1290 40082.5
1320 40999
1350 41924.2
1380 42857.6
1410 43798.9
1440 44748.4
1470 45710.6
1500 46696
1530 47705.3
1560 48749.6
1590 49831.8
1620 50967
1650 52160.7
1680 53423
1710 54741.7
1740 56114.1
1770 57527.1
1800 58973.4
1830 60448.6
1860 61950
1860 61950
