0 0
30 765.468
60 1530.94
90 2296.4
120 3061.92
150 3831.19
180 4651.11
210 5582.68
240 6580.94
270 7609.58
300 8654.51
330 9721.94
360 10817.7
390 11940.7
420 13082.3
450 14231.7
480 15383.3
510 16532.6
540 17678.3
570 18820.5
600 19955.5
630 21080.9
660 22195.4
690 23298.8
720 24391.1
750 25471.6
780 26541.1
810 27600.5
840 28646.5
870 29678
900 30698.7
930 31707.4
960 32702.7
990 33687.4
1020 34660
1050 35619.6
1080 36565.6
1110 37496.9
1140 38418.6
1170 39326.3
1200 40218.6
1230 41095.7
1260 41954.4
1290 42795.3
1320 43620.3
1350 44432.3
1380 45233
1410 46021.2
1440 46798
1470 47567.9
1500 48332.1
1530 49086.4
1560 49829.4
1590 50560.1
1620 51284
1650 51995.1
1680 52687.4
1710 53359.2
1740 53998
1770 54602.3
1800 55157.8
1830 55664.7
1860 56123.7
1860 56123.7
