0 0
30 765.468
60 1530.94
90 2296.4
120 3061.87
150 3827.63
180 4605.85
210 5497.31
240 6556.27
270 7711.2
300 8931.94
330 10198
360 11492
390 12806
420 14135.1
450 15468.4
480 16801.5
510 18133.8
540 19461.9
570 20782.7
600 22095.6
630 23396.2
660 24681.6
690 25955
720 27215.6
750 28461.4
780 29689.3
810 30900.5
840 32096.8
870 33277.7
900 34443
930 35593.2
960 36726.1
990 37842.2
1020 38944.5
1050 40031.2
1080 41101.6
1110 42154.4
1140 43191.2
1170 44213.8
1200 45219.7
1230 46208.9
1260 47178
1290 48127.5
1320 49059.1
1350 49971.6
1380 50862
1410 51725
1440 52555.6
1470 53348.6
1500 54090.4
1530 54768.5
1560 55377.9
1590 55925.8
1620 56427.3
1650 56894.5
1680 57334.7
1710 57752.5
1740 58151.5
1770 58534.3
1800 58901.8
1830 59254.2
1860 59592
1860 59592
