0 0
30 765.468
60 1530.94
90 2296.4
120 3061.87
150 3827.34
180 4592.81
210 5358.3
240 6125.06
270 6912.44
300 7822.58
330 8960.41
360 10353
390 11900.4
420 13523.9
450 15188.8
480 16880.8
510 18589
540 20308
570 22028.1
600 23745.1
630 25463.5
660 27181.2
690 28893.8
720 30599.5
750 32298.9
780 33993.5
810 35681.5
840 37365
870 39047.9
900 40724.4
930 42388.9
960 44046.4
990 45701.8
1020 47355.5
1050 49003.9
1080 50649.7
1110 52289.7
1140 53918
1170 55538.2
1200 57153.6
1230 58759.4
1260 60350.2
1290 61929.3
1320 63499
1350 65045.7
1380 66575
1410 68096.9
1440 69600.7
1470 71082.8
1500 72536.5
1530 73954.4
1560 75324.8
1590 76646.7
1620 77913
1650 79100.3
1680 80189.5
1710 81165.9
1740 82013.3
1770 82725.1
1800 83308.3
1830 83776.6
1860 84155.1
1860 84155.1
