0 0
30 1334.53
60 2669.06
90 4003.96
120 5342.01
150 6684.13
180 8001.26
210 9283.86
240 10545
270 11794.4
300 13036.1
330 14256.3
360 15437.7
390 16585.5
420 17713.4
450 18827.9
480 19927
510 21003.5
540 22040
570 23010.9
600 23923.6
630 24801.9
660 25658.2
690 26500.2
720 27332.1
750 28159.5
780 28985
810 29809.4
840 30630.6
870 31453
900 32279
930 33111.7
960 33951
990 34792
1020 35633.8
1050 36473.4
1080 37305.2
1110 38133.2
1140 38950.3
1170 39750.3
1200 40540.9
1230 41316.7
1260 42078.2
1290 42839.4
1320 43602.1
1350 44375.2
1380 45168.3
1410 45981.5
1440 46815
1470 47672.7
1500 48562.9
1530 49485.2
1560 50436.5
1590 51422.1
1620 52443.7
1650 53503.6
1680 54603.4
1710 55746
1740 56933.8
1770 58166
1800 59441.6
1830 60761.7
1860 62128.8
1860 62128.8
