0 0
30 765.468
60 1530.94
90 2296.4
120 3061.87
150 3828.43
180 4630.48
210 5608.99
240 6749.14
270 7970.82
300 9240.02
330 10534
360 11842.1
390 13160.4
420 14484.2
450 15806.9
480 17127.4
510 18442.3
540 19750.1
570 21053.8
600 22350.5
630 23634.7
660 24906.7
690 26169.4
720 27421
750 28660.1
780 29885.9
810 31100.1
840 32299.1
870 33480
900 34648.2
930 35803.1
960 36939.9
990 38058.7
1020 39157.7
1050 40235.5
1080 41288.4
1110 42318.9
1140 43326.3
1170 44305.4
1200 45253.5
1230 46167.7
1260 47043.2
1290 47874.7
1320 48655.3
1350 49386
1380 50061.9
1410 50697.4
1440 51298.6
1470 51874.3
1500 52428.3
1530 52964.5
1560 53487.9
1590 53998.5
1620 54497.3
1650 54985
1680 55463.1
1710 55934.3
1740 56396.5
1770 56850.2
1800 57294.4
1830 57728.9
1860 58153.1
1860 58153.1
