0 0
30 765.468
60 1530.94
90 2296.4
120 3061.87
150 3827.46
180 4599.07
210 5427.65
240 6351.71
270 7335.02
300 8348.06
330 9380.62
360 10437.2
390 11521.1
420 12625.1
450 13739
480 14857.1
510 15975.8
540 17090.4
570 18200.7
600 19306
630 20405.1
660 21495
690 22575.4
720 23646.9
750 24708.3
780 25759.6
810 26803.2
840 27835.6
870 28856.6
900 29866.8
930 30866.8
960 31857.2
990 32837.6
1020 33805.4
1050 34761.3
1080 35707.5
1110 36641.1
1140 37560.9
1170 38470.6
1200 39369.1
1230 40255.7
1260 41129.2
1290 41991.1
1320 42843.5
1350 43689.6
1380 44530.2
1410 45364.3
1440 46189.6
1470 47008.3
1500 47824.7
1530 48635.8
1560 49439.2
1590 50232.5
1620 51022.7
1650 51807.4
1680 52579.4
1710 53334.8
1740 54068.3
1770 54766.6
1800 55423.3
1830 56024
1860 56565
1860 56565
