0 0
30 1334.53
60 2669.36
90 4009.54
120 5364.41
150 6739.23
180 8135.64
210 9553.7
240 10992.4
270 12449.2
300 13909.9
330 15314.2
360 16617.8
390 17857
420 19064.9
450 20259
480 21446.1
510 22628.4
540 23806.5
570 24980
600 26152.3
630 27325.9
660 28500.4
690 29676.8
720 30857
750 32041.7
780 33229.1
810 34418.8
840 35612.5
870 36809.7
900 38010.1
930 39214.6
960 40424.1
990 41640.4
1020 42862.7
1050 44088.9
1080 45318.7
1110 46555
1140 47799.5
1170 49051.3
1200 50308.3
1230 51572
1260 52842.2
1290 54119.2
1320 55403.5
1350 56695.4
1380 57995.3
1410 59302.6
1440 60615.6
1470 61935.5
1500 63266.6
1530 64611.8
1560 65970.4
1590 67342.6
1620 68733.7
1650 70147
1680 71583.5
1710 73042.8
1740 74522.2
1770 76019.1
1800 77534.5
1830 79067.6
1860 80617.2
1860 80617.2
