0 0
30 765.468
60 1530.94
90 2296.4
120 3061.87
150 3828.78
180 4627.3
210 5510.62
240 6484.68
270 7596.51
300 8799.75
330 10055.1
360 11340.8
390 12648
420 13971.6
450 15307.5
480 16650.6
510 17997.1
540 19343.3
570 20686.8
600 22029.4
630 23367.3
660 24699.8
690 26025.9
720 27344.8
750 28654.4
780 29952.6
810 31239.9
840 32518.7
870 33787.2
900 35043.1
930 36286.1
960 37515
990 38728.7
1020 39926.2
1050 41109.6
1080 42278.2
1110 43429
1140 44560.8
1170 45670.1
1200 46757.2
1230 47822.6
1260 48868.1
1290 49895.5
1320 50903.4
1350 51887.7
1380 52844.3
1410 53773.2
1440 54668.7
1470 55527
1500 56345.6
1530 57121.3
1560 57853.9
1590 58550.1
1620 59214.5
1650 59844.7
1680 60451.2
1710 61033.7
1740 61597
1770 62143.2
1800 62673.3
1830 63187.8
1860 63687.4
1860 63687.4
