0 0
30 1334.53
60 2669.06
90 4003.6
120 5338.13
150 6672.66
180 8007.19
210 9341.19
240 10663.5
270 11913
300 13033
330 13986
360 14799.5
390 15521.9
420 16180.7
450 16771.9
480 17283.6
510 17739
540 18164
570 18576
600 18978.6
630 19373.5
660 19766.6
690 20162.5
720 20561.9
750 20963.7
780 21368.2
810 21778.2
840 22192
870 22608.1
900 23030.8
930 23462.8
960 23899.3
990 24337.7
1020 24779.6
1050 25229.7
1080 25684.7
1110 26142.8
1140 26608.5
1170 27081.7
1200 27557.8
1230 28038.6
1260 28525.9
1290 29020.6
1320 29524.1
1350 30032.6
1380 30555.3
1410 31094.5
1440 31651.5
1470 32223
1500 32816.8
1530 33436.8
1560 34093.8
1590 34789.8
1620 35534.3
1650 36346.6
1680 37231.1
1710 38181
1740 39206.4
1770 40303.5
1800 41464.1
1830 42697.2
1860 44000.5
1860 44000.5
