0 0
30 765.468
60 1530.94
90 2296.4
120 3061.87
150 3827.8
180 4611.54
210 5479.44
240 6413.97
270 7386.12
300 8387.04
330 9402.97
360 10426.6
390 11455.5
420 12487.6
450 13521.8
480 14569.5
510 15656.6
540 16783
570 17933.2
600 19097.8
630 20268.2
660 21439.8
690 22613.6
720 23786.3
750 24954.5
780 26116.5
810 27272.3
840 28419.9
870 29559.8
900 30692.3
930 31817.7
960 32934.1
990 34039.8
1020 35134.4
1050 36219.3
1080 37293.8
1110 38357.5
1140 39411
1170 40451.1
1200 41478.1
1230 42491.2
1260 43488.3
1290 44469.6
1320 45436.4
1350 46388
1380 47324.1
1410 48245.2
1440 49151.5
1470 50039.5
1500 50909.3
1530 51761.4
1560 52597.2
1590 53416.6
1620 54218.5
1650 55001.3
1680 55766.8
1710 56515.9
1740 57248.9
1770 57965.8
1800 58668.7
1830 59358.1
1860 60034.4
1860 60034.4
