0 0
30 765.468
60 1530.94
90 2296.52
120 3075.43
150 3944.4
180 4889.11
210 5888.02
240 6924.45
270 8017.49
300 9206.1
330 10465.5
360 11766.9
390 13092.6
420 14432.7
450 15782.5
480 17139.4
510 18495.7
540 19851.2
570 21202.3
600 22547.3
630 23887.6
660 25220
690 26538.4
720 27840.5
750 29128.6
780 30402.6
810 31659.7
840 32900.4
870 34121.3
900 35319.5
930 36494.5
960 37650
990 38787
1020 39903
1050 40996.7
1080 42066.7
1110 43110.8
1140 44128.2
1170 45117.5
1200 46078
1230 47011.6
1260 47917.9
1290 48795.8
1320 49644.1
1350 50463.7
1380 51254.8
1410 52019.7
1440 52756
1470 53459.4
1500 54130.3
1530 54768.7
1560 55380.9
1590 55964.9
1620 56518.4
1650 57043.8
1680 57542.2
1710 58017.2
1740 58463.6
1770 58888
1800 59289.8
1830 59669.1
1860 60028
1860 60028
