0 0
30 1334.53
60 2669.06
90 4003.6
120 5338.13
150 6672.65
180 8004.77
210 9276.93
240 10364.8
270 11327.3
300 12217.8
330 13044.6
360 13815.2
390 14516.7
420 15153
450 15745.5
480 16308.6
510 16852.7
540 17384.4
570 17907.7
600 18423.2
630 18938.2
660 19454.7
690 19966
720 20472.2
750 20970.1
780 21447.5
810 21901.5
840 22344.5
870 22783.1
900 23218
930 23652.6
960 24093.6
990 24543.6
1020 25002.6
1050 25465.8
1080 25933.4
1110 26409.2
1140 26894.4
1170 27393.2
1200 27912
1230 28452.1
1260 29011.5
1290 29596.6
1320 30215.8
1350 30872.4
1380 31565
1410 32290.9
1440 33044
1470 33827.6
1500 34641.4
1530 35483.2
1560 36341.8
1590 37219.1
1620 38115.5
1650 39036.5
1680 39978.8
1710 40959.3
1740 41997.5
1770 43111
1800 44319.2
1830 45614.2
1860 46981.1
1860 46981.1
