0 0
30 765.468
60 1530.94
90 2296.4
120 3061.87
150 3827.58
180 4605.42
210 5460.84
240 6398.13
270 7402.6
300 8494.91
330 9677.51
360 10935.6
390 12258.8
420 13653
450 15132.3
480 16687.8
510 18289.6
540 19918.2
570 21567.3
600 23224.4
630 24882
660 26537.9
690 28187.8
720 29827.8
750 31453.8
780 33072
810 34686.1
840 36294.5
870 37895.3
900 39492
930 41083.4
960 42672.8
990 44259.2
1020 45841
1050 47418.6
1080 48992.4
1110 50557.6
1140 52114.1
1170 53659.1
1200 55190.3
1230 56712
1260 58225
1290 59721.3
1320 61196.7
1350 62659.2
1380 64111.3
1410 65541.9
1440 66952.1
1470 68347.3
1500 69717.2
1530 71062.1
1560 72379.1
1590 73658
1620 74892.6
1650 76074.6
1680 77200.4
1710 78264.1
1740 79263.4
1770 80182.3
1800 81024.1
1830 81767.8
1860 82427
1860 82427
