0 0
30 765.468
60 1530.94
90 2296.4
120 3061.87
150 3827.34
180 4592.82
210 5359.39
240 6149.68
270 7049.98
300 8087.42
330 9202.73
360 10374.3
390 11644.1
420 13065.2
450 14580.8
480 16145.7
510 17735.9
540 19338.6
570 20946
600 22557.2
630 24168.7
660 25774.3
690 27368.7
720 28952.3
750 30524.1
780 32079.4
810 33620
840 35148.5
870 36667
900 38177.3
930 39681.2
960 41182.3
990 42681.6
1020 44179.1
1050 45677.2
1080 47174.6
1110 48671.1
1140 50171.8
1170 51679.6
1200 53192.6
1230 54708.6
1260 56226.7
1290 57750.4
1320 59277.2
1350 60802.3
1380 62323.8
1410 63836.8
1440 65339.7
1470 66830.8
1500 68306.3
1530 69765.5
1560 71207.2
1590 72625.4
1620 74008.1
1650 75354.5
1680 76660.8
1710 77920.8
1740 79135.4
1770 80303
1800 81422.3
1830 82477.2
1860 83444.4
1860 83444.4
