0 0
30 1334.53
60 2669.06
90 4003.6
120 5338.13
150 6672.65
180 8005.67
210 9307.43
240 10502
270 11583.1
300 12569.3
330 13486.2
360 14352
390 15184.7
420 15989.8
450 16769.2
480 17517.1
510 18214.8
540 18834.1
570 19355.2
600 19812.5
630 20244.6
660 20664.8
690 21078.4
720 21489.8
750 21903.7
780 22321.7
810 22743.1
840 23166
870 23592.8
900 24023.9
930 24460.6
960 24905.6
990 25357.3
1020 25815.7
1050 26283.1
1080 26759.6
1110 27249
1140 27752.1
1170 28264.2
1200 28787.1
1230 29320.5
1260 29863.3
1290 30413.8
1320 30978.1
1350 31557.4
1380 32154.4
1410 32771.8
1440 33410
1470 34080.1
1500 34793.9
1530 35557.8
1560 36374.8
1590 37252.8
1620 38192.1
1650 39182.7
1680 40218.8
1710 41302.7
1740 42428.3
1770 43602.1
1800 44832.8
1830 46118.8
1860 47464.1
1860 47464.1
