0 0
30 765.468
60 1530.94
90 2296.4
120 3062.08
150 3837.72
180 4696.25
210 5649.31
240 6649.22
270 7698.91
300 8825.75
330 10030.2
360 11290.7
390 12597.6
420 13939.5
450 15311
480 16708.9
510 18129.8
540 19574.3
570 21048.4
600 22556.6
630 24100.7
660 25683.2
690 27293.5
720 28921.3
750 30559.5
780 32205
810 33848.1
840 35486.7
870 37125.8
900 38764.6
930 40395.9
960 42020.7
990 43635.9
1020 45242.2
1050 46843.1
1080 48436.6
1110 50024.2
1140 51603
1170 53168.1
1200 54717.5
1230 56249.9
1260 57770.2
1290 59275
1320 60758.2
1350 62221.4
1380 63661.8
1410 65084.8
1440 66498
1470 67895.8
1500 69273.4
1530 70635.2
1560 71976.8
1590 73300.1
1620 74604.5
1650 75879.2
1680 77120
1710 78324.3
1740 79485.9
1770 80601.2
1800 81660.9
1830 82651.8
1860 83571.4
1860 83571.4
