0 0
30 765.468
60 1530.94
90 2296.93
120 3106.51
150 4065.31
180 5095.64
210 6155
240 7235.87
270 8334.01
300 9451.09
330 10607.4
360 11830
390 13116.1
420 14458.9
450 15872
480 17368.4
510 18923.1
540 20512
570 22123
600 23749.6
630 25385.3
660 27023.9
690 28667.8
720 30310.9
750 31951.4
780 33582.8
810 35198.8
840 36799.5
870 38384.3
900 39951.2
930 41498.9
960 43028.8
990 44542.9
1020 46042.2
1050 47526.6
1080 48998
1110 50460.2
1140 51910.3
1170 53350.6
1200 54779.9
1230 56197.8
1260 57602.6
1290 58995.7
1320 60375
1350 61737.1
1380 63084.8
1410 64421.4
1440 65745.8
1470 67052.3
1500 68341.8
1530 69607.1
1560 70841.6
1590 72039.5
1620 73196.4
1650 74301.6
1680 75357.3
1710 76358
1740 77288.8
1770 78154
1800 78945.8
1830 79655.1
1860 80272.9
1860 80272.9
