0 0
30 1334.53
60 2669.06
90 4003.6
120 5338.13
150 6672.66
180 8007.08
210 9338.31
240 10639.6
270 11872.9
300 13055.9
330 14176.4
360 15212.2
390 16192.5
420 17144.1
450 18080
480 19008
510 19933.4
540 20859.4
570 21787.7
600 22721.9
630 23664.2
660 24615.2
690 25575.1
720 26544.1
750 27523.1
780 28512.8
810 29514
840 30527.3
870 31551.6
900 32585.1
930 33628.2
960 34682.4
990 35748.3
1020 36824.5
1050 37910.4
1080 39005.3
1110 40109.5
1140 41224
1170 42347.8
1200 43480.2
1230 44622.7
1260 45778.4
1290 46946.2
1320 48123.2
1350 49310.3
1380 50508.2
1410 51718.5
1440 52941.7
1470 54176.4
1500 55419.6
1530 56669.5
1560 57929.9
1590 59202.8
1620 60492.6
1650 61802.9
1680 63133.8
1710 64484
1740 65856
1770 67254.6
1800 68679.5
1830 70133.9
1860 71618.7
1860 71618.7
