0 0
30 765.468
60 1530.94
90 2296.4
120 3062.1
150 3851.81
180 4760.86
210 5810.74
240 6977.5
270 8219.62
300 9514.29
330 10847
360 12204.1
390 13582.1
420 14975.5
450 16377.1
480 17784.1
510 19196.8
540 20613
570 22028.2
600 23438.4
630 24841.3
660 26237.6
690 27627.3
720 29007
750 30375.8
780 31727.2
810 33064.2
840 34391.8
870 35708.2
900 37006.8
930 38285.3
960 39542
990 40781.2
1020 42003.4
1050 43205.5
1080 44387.3
1110 45547.9
1140 46687.9
1170 47801.1
1200 48884.2
1230 49935.1
1260 50950.8
1290 51927.6
1320 52863.1
1350 53752.5
1380 54594.3
1410 55382.4
1440 56117.8
1470 56792.1
1500 57407.3
1530 57980.2
1560 58521.6
1590 59041.6
1620 59542.6
1650 60028
1680 60499
1710 60956.2
1740 61399
1770 61827.4
1800 62241.1
1830 62638
1860 63016.3
1860 63016.3
