344
1 1 130
87 1 130
173 1 130
259 1 130
345 1 130
431 1 130
517 1 130
603 1 130
689 1 130
775 1 130
861 1 130
947 1 130
1033 1 130
1119 1 130
1205 1 130
1291 1 130
1377 1 130
1463 1 130
1549 1 130
1635 1 130
1721 1 130
1807 1 130
1893 1 130
1979 1 130
2065 1 130
2151 1 130
2237 1 130
2323 1 130
2409 1 130
2495 1 130
2581 1 130
2667 1 130
2753 1 130
2839 1 130
2925 1 130
3011 1 130
3097 1 130
3183 1 130
3269 1 130
3355 1 130
3441 1 130
3527 1 130
3613 1 130
3699 1 130
3785 1 130
3871 1 130
3957 1 130
4043 1 130
4129 1 130
4215 1 130
4301 1 130
4387 1 130
4473 1 130
4559 1 130
4645 1 130
4731 1 130
4817 1 130
4903 1 130
4989 1 130
5075 1 130
5161 1 130
5247 1 130
5333 1 130
5419 1 130
5505 1 130
5591 1 130
5677 1 130
5763 1 130
5849 1 130
5935 1 130
6021 1 130
6107 1 130
6193 1 130
6279 1 130
6365 1 130
6451 1 130
6537 1 130
6623 1 130
6709 1 130
6795 1 130
6881 1 130
6967 1 130
7053 1 130
7139 1 130
7225 1 130
7311 1 130
86 2 130
172 2 130
258 2 130
344 2 130
430 2 130
516 2 130
602 2 130
688 2 130
774 2 130
860 2 130
946 2 130
1032 2 130
1118 2 130
1204 2 130
1290 2 130
1376 2 130
1462 2 130
1548 2 130
1634 2 130
1720 2 130
1806 2 130
1892 2 130
1978 2 130
2064 2 130
2150 2 130
2236 2 130
2322 2 130
2408 2 130
2494 2 130
2580 2 130
2666 2 130
2752 2 130
2838 2 130
2924 2 130
3010 2 130
3096 2 130
3182 2 130
3268 2 130
3354 2 130
3440 2 130
3526 2 130
3612 2 130
3698 2 130
3784 2 130
3870 2 130
3956 2 130
4042 2 130
4128 2 130
4214 2 130
4300 2 130
4386 2 130
4472 2 130
4558 2 130
4644 2 130
4730 2 130
4816 2 130
4902 2 130
4988 2 130
5074 2 130
5160 2 130
5246 2 130
5332 2 130
5418 2 130
5504 2 130
5590 2 130
5676 2 130
5762 2 130
5848 2 130
5934 2 130
6020 2 130
6106 2 130
6192 2 130
6278 2 130
6364 2 130
6450 2 130
6536 2 130
6622 2 130
6708 2 130
6794 2 130
6880 2 130
6966 2 130
7052 2 130
7138 2 130
7224 2 130
7310 2 130
7396 2 130
1 3 130
2 3 130
3 3 130
4 3 130
5 3 130
6 3 130
7 3 130
8 3 130
9 3 130
10 3 130
11 3 130
12 3 130
13 3 130
14 3 130
15 3 130
16 3 130
17 3 130
18 3 130
19 3 130
20 3 130
21 3 130
22 3 130
23 3 130
24 3 130
25 3 130
26 3 130
27 3 130
28 3 130
29 3 130
30 3 130
31 3 130
32 3 130
33 3 130
34 3 130
35 3 130
36 3 130
37 3 130
38 3 130
39 3 130
40 3 130
41 3 130
42 3 130
43 3 130
44 3 130
45 3 130
46 3 130
47 3 130
48 3 130
49 3 130
50 3 130
51 3 130
52 3 130
53 3 130
54 3 130
55 3 130
56 3 130
57 3 130
58 3 130
59 3 130
60 3 130
61 3 130
62 3 130
63 3 130
64 3 130
65 3 130
66 3 130
67 3 130
68 3 130
69 3 130
70 3 130
71 3 130
72 3 130
73 3 130
74 3 130
75 3 130
76 3 130
77 3 130
78 3 130
79 3 130
80 3 130
81 3 130
82 3 130
83 3 130
84 3 130
85 3 130
86 3 130
7311 4 130
7312 4 130
7313 4 130
7314 4 130
7315 4 130
7316 4 130
7317 4 130
7318 4 130
7319 4 130
7320 4 130
7321 4 130
7322 4 130
7323 4 130
7324 4 130
7325 4 130
7326 4 130
7327 4 130
7328 4 130
7329 4 130
7330 4 130
7331 4 130
7332 4 130
7333 4 130
7334 4 130
7335 4 130
7336 4 130
7337 4 130
7338 4 130
7339 4 130
7340 4 130
7341 4 130
7342 4 130
7343 4 130
7344 4 130
7345 4 130
7346 4 130
7347 4 130
7348 4 130
7349 4 130
7350 4 130
7351 4 130
7352 4 130
7353 4 130
7354 4 130
7355 4 130
7356 4 130
7357 4 130
7358 4 130
7359 4 130
7360 4 130
7361 4 130
7362 4 130
7363 4 130
7364 4 130
7365 4 130
7366 4 130
7367 4 130
7368 4 130
7369 4 130
7370 4 130
7371 4 130
7372 4 130
7373 4 130
7374 4 130
7375 4 130
7376 4 130
7377 4 130
7378 4 130
7379 4 130
7380 4 130
7381 4 130
7382 4 130
7383 4 130
7384 4 130
7385 4 130
7386 4 130
7387 4 130
7388 4 130
7389 4 130
7390 4 130
7391 4 130
7392 4 130
7393 4 130
7394 4 130
7395 4 130
7396 4 130
