0 0
30 1143.88
60 2287.77
90 3431.65
120 4575.54
150 5719.43
180 6863.31
210 8007.19
240 9151.08
270 10295
300 11439
330 12583.3
360 13728.4
390 14875
420 16024
450 17176.4
480 18332.9
510 19494.1
540 20660.7
570 21833
600 23011.3
630 24195.7
660 25386.4
690 26583.4
720 27786.8
750 28996.8
780 30213.2
810 31436.3
840 32666.1
870 33902.5
900 35145.7
930 36395.6
960 37652.3
990 38915.8
1020 40186.2
1050 41463.4
1080 42747.4
1110 44038.2
1140 45335.8
1170 46640
1200 47950.9
1230 49268.3
1260 50592.2
1290 51922.4
1320 53258.9
1350 54601.5
1380 55950.2
1410 57304.7
1440 58665.2
1470 60031.3
1500 61403.1
1530 62780.4
1560 64163.1
1590 65551.1
1620 66944.2
1650 68342.4
1680 69745.5
1710 71153.5
1740 72566.2
1770 73983.5
1800 75405.3
1830 76831.5
1860 78262.1
1860 78262.1
