0 0
30 1143.88
60 2287.77
90 3431.65
120 4575.54
150 5719.47
180 6864.03
210 8011.46
240 9165.82
270 10331.5
300 11511.9
330 12709.5
360 13925.5
390 15159.9
420 16412.4
450 17682.5
480 18969.3
510 20272
540 21589.7
570 22921.6
600 24266.9
630 25625
660 26995.3
690 28376.9
720 29769.3
750 31172.2
780 32585
810 34007.1
840 35438.3
870 36878
900 38325.9
930 39781.8
960 41245.1
990 42715.7
1020 44193.3
1050 45677.6
1080 47168.3
1110 48665.3
1140 50168.2
1170 51676.8
1200 53190.9
1230 54710.4
1260 56234.9
1290 57764.4
1320 59298.7
1350 60837.6
1380 62381
1410 63928.7
1440 65480.6
1470 67036.6
1500 68596.5
1530 70160.2
1560 71727.7
1590 73298.7
1620 74873.2
1650 76451.1
1680 78032.3
1710 79616.7
1740 81204.2
1770 82794.7
1800 84388.2
1830 85984.6
1860 87583.7
1860 87583.7
