0 0
30 1143.88
60 2287.77
90 3431.65
120 4575.54
150 5719.43
180 6863.31
210 8007.19
240 9151.08
270 10295
300 11438.9
330 12582.9
360 13727.1
390 14871.9
420 16017.8
450 17165.3
480 18315.2
510 19468
540 20624.6
570 21785.6
600 22951.6
630 24123.3
660 25301.3
690 26486
720 27677.9
750 28877.3
780 30084.7
810 31300.1
840 32523.8
870 33755.8
900 34996.2
930 36245
960 37502.1
990 38767.5
1020 40041.1
1050 41322.8
1080 42612.4
1110 43909.9
1140 45215
1170 46527.9
1200 47848.1
1230 49175.7
1260 50510.5
1290 51852.2
1320 53200.9
1350 54556.2
1380 55917.9
1410 57286.1
1440 58660.4
1470 60040.7
1500 61427.1
1530 62819.1
1560 64216.8
1590 65619.9
1620 67028.4
1650 68442
1680 69860.8
1710 71284.5
1740 72713.1
1770 74146.5
1800 75584.5
1830 77027
1860 78473.9
1860 78473.9
