0 0
30 1143.88
60 2289.63
90 3451.73
120 4642.75
150 5864.8
180 7115.7
210 8392.07
240 9690.8
270 11009.2
300 12345
330 13696.1
360 15060.8
390 16437.6
420 17825.2
450 19222.6
480 20628.9
510 22043.4
540 23465.4
570 24894.2
600 26329.3
630 27770.3
660 29216.8
690 30668.6
720 32125.5
750 33587.5
780 35054.4
810 36526.2
840 38002.7
870 39484
900 40970.1
930 42460.8
960 43956.1
990 45455.9
1020 46960.3
1050 48469
1080 49982.1
1110 51499.5
1140 53021.1
1170 54546.8
1200 56076.5
1230 57610.2
1260 59147.7
1290 60689
1320 62233.9
1350 63782.4
1380 65334.4
1410 66889.9
1440 68448.7
1470 70010.7
1500 71576
1530 73144.4
1560 74715.9
1590 76290.3
1620 77867.7
1650 79448
1680 81031
1710 82616.8
1740 84205.3
1770 85796.4
1800 87390
1830 88986.1
1860 90584.7
1860 90584.7
