0 0
30 656.115
60 1311.46
90 1958.89
120 2590.11
150 3201.22
180 3791.11
210 4360.34
240 4909.6
270 5440.17
300 5953.59
330 6451.42
360 6935.17
390 7406.18
420 7865.64
450 8314.67
480 8754.24
510 9185.16
540 9608.01
570 10023.3
600 10431.5
630 10833
660 11228
690 11616.8
720 11999.3
750 12375.8
780 12746.3
810 13110.8
840 13469.4
870 13822.1
900 14169
930 14510.3
960 14846
990 15176.2
1020 15500.9
1050 15820.4
1080 16134.7
1110 16443.9
1140 16748.2
1170 17047.7
1200 17342.5
1230 17632.8
1260 17918.6
1290 18200.2
1320 18477.5
1350 18750.8
1380 19020
1410 19285.3
1440 19546.8
1470 19804.5
1500 20058.6
1530 20309.2
1560 20556.4
1590 20800.2
1620 21040.7
1650 21278
1680 21512.2
1710 21743.3
1740 21971.5
1770 22196.7
1800 22419.2
1830 22638.8
1860 22855.8
1860 22855.8
