0 0
30 656.115
60 1312.23
90 1968.35
120 2624.46
150 3280.57
180 3936.69
210 4592.8
240 5248.89
270 5904.79
300 6560.05
330 7213.67
360 7864.15
390 8509.65
420 9148.3
450 9778.45
480 10398.8
510 11008.5
540 11606.9
570 12193.6
600 12768.4
630 13331.2
660 13882
690 14421
720 14948.5
750 15464.6
780 15969.7
810 16464
840 16948
870 17421.8
900 17885.6
930 18339.9
960 18784.9
990 19221
1020 19648.4
1050 20067.4
1080 20478.4
1110 20881.5
1140 21277
1170 21665.3
1200 22046.5
1230 22420.8
1260 22788.5
1290 23149.6
1320 23504.6
1350 23853.5
1380 24196.5
1410 24533.9
1440 24865.8
1470 25192.4
1500 25513.8
1530 25830.2
1560 26141.7
1590 26448.5
1620 26750.7
1650 27048.4
1680 27341.8
1710 27631
1740 27916
1770 28197
1800 28474.2
1830 28747.5
1860 29017.1
1860 29017.1
