0 0
30 656.115
60 1312.23
90 1968.35
120 2624.46
150 3280.57
180 3936.69
210 4592.8
240 5248.91
270 5904.93
300 6560.66
330 7215.7
360 7869.42
390 8521.02
420 9169.57
450 9814.11
480 10453.7
510 11087.5
540 11714.8
570 12335.1
600 12947.7
630 13552.4
660 14148.8
690 14736.6
720 15315.7
750 15886.1
780 16447.6
810 17000.4
840 17544.5
870 18080
900 18607
930 19125.5
960 19635.7
990 20137.6
1020 20631.4
1050 21117.2
1080 21595.2
1110 22065.4
1140 22528.1
1170 22983.6
1200 23431.8
1230 23873.1
1260 24307.6
1290 24735.6
1320 25157.1
1350 25572.3
1380 25981.4
1410 26384.5
1440 26781.8
1470 27173.3
1500 27559.3
1530 27939.9
1560 28315.2
1590 28685.3
1620 29050.3
1650 29410.5
1680 29765.9
1710 30116.6
1740 30462.7
1770 30804.4
1800 31141.7
1830 31474.7
1860 31803.6
1860 31803.6
