0 0
30 656.115
60 1312.23
90 1968.35
120 2624.46
150 3280.57
180 3936.6
210 4592.05
240 5245.61
270 5895.1
300 6537.77
330 7170.98
360 7792.68
390 8401.46
420 8996.43
450 9577.19
480 10143.6
510 10695.6
540 11233.6
570 11757.7
600 12268.4
630 12766
660 13250.7
690 13723.3
720 14184
750 14633.3
780 15071.6
810 15499.5
840 15917.2
870 16325.3
900 16724.2
930 17114.2
960 17495.7
990 17869.1
1020 18234.7
1050 18592.6
1080 18943.3
1110 19287
1140 19623.9
1170 19954.3
1200 20278.5
1230 20596.7
1260 20909
1290 21215.7
1320 21517
1350 21813
1380 22104
1410 22390
1440 22671.3
1470 22948
1500 23220.2
1530 23488.1
1560 23751.8
1590 24011.5
1620 24267.2
1650 24519
1680 24767.2
1710 25011.7
1740 25252.7
1770 25490.3
1800 25724.5
1830 25955.6
1860 26183.4
1860 26183.4
