0 0
30 656.115
60 1312.23
90 1968.35
120 2624.46
150 3280.57
180 3936.66
210 4592.47
240 5247.1
270 5899
300 6546.3
330 7187.33
360 7820.78
390 8445.72
420 9061.44
450 9667.27
480 10262.6
510 10847.1
540 11420.3
570 11981.9
600 12531.8
630 13069.7
660 13595.8
690 14110.1
720 14612.8
750 15103.9
780 15583.9
810 16053
840 16511.6
870 16960
900 17398.4
930 17827.2
960 18246.7
990 18657.1
1020 19058.9
1050 19452.3
1080 19837.6
1110 20215.2
1140 20585.3
1170 20948.1
1200 21303.9
1230 21653
1260 21995.7
1290 22332
1320 22662.4
1350 22987
1380 23305.9
1410 23619.4
1440 23927.5
1470 24230.6
1500 24528.6
1530 24821.9
1560 25110.5
1590 25394.6
1620 25674.2
1650 25949.6
1680 26220.9
1710 26488
1740 26751.3
1770 27010.8
1800 27266.5
1830 27518.7
1860 27767.4
1860 27767.4
