0 0
30 656.115
60 1312.23
90 1968.35
120 2624.46
150 3280.57
180 3936.69
210 4592.8
240 5248.92
270 5905.03
300 6561.15
330 7217.24
360 7873.24
390 8528.97
420 9184.11
450 9838.14
480 10490.4
510 11140.1
540 11786.3
570 12428.1
600 13064.6
630 13695.1
660 14318.8
690 14935.1
720 15543.5
750 16143.8
780 16735.6
810 17318.6
840 17892.8
870 18458
900 19014.2
930 19561.6
960 20100.1
990 20629.9
1020 21151
1050 21663.7
1080 22168.2
1110 22664.5
1140 23152.8
1170 23633.4
1200 24106.4
1230 24572.1
1260 25030.6
1290 25482.1
1320 25926.8
1350 26364.8
1380 26796.3
1410 27221.6
1440 27640.7
1470 28053.9
1500 28461.2
1530 28862.9
1560 29259
1590 29649.7
1620 30035.2
1650 30415.7
1680 30791.1
1710 31161.6
1740 31527.5
1770 31888.6
1800 32245.2
1830 32597.4
1860 32945.3
1860 32945.3
