0 0
30 1143.88
60 2287.77
90 3431.65
120 4575.54
150 5719.43
180 6863.31
210 8007.19
240 9151.08
270 10295
300 11438.9
330 12582.7
360 13726.6
390 14870.6
420 16014.6
450 17159.1
480 18304.3
510 19451
540 20600
570 21752.3
600 22909
630 24071.1
660 25239.7
690 26415.6
720 27599.6
750 28792.3
780 29994.1
810 31205.5
840 32426.6
870 33657.7
900 34898.7
930 36149.6
960 37410.2
990 38680.4
1020 39960.1
1050 41249
1080 42546.9
1110 43853.7
1140 45169
1170 46492.8
1200 47824.8
1230 49164.8
1260 50512.4
1290 51867.5
1320 53229.9
1350 54599.3
1380 55975.5
1410 57358.5
1440 58748
1470 60143.8
1500 61545.7
1530 62953.6
1560 64367.3
1590 65786.6
1620 67211.4
1650 68641.6
1680 70077
1710 71517.4
1740 72962.8
1770 74413
1800 75867.9
1830 77327.3
1860 78791.2
1860 78791.2
