0 0
30 656.115
60 1312.23
90 1968.35
120 2624.46
150 3280.57
180 3936.69
210 4592.78
240 5248.74
270 5904.25
300 6558.76
330 7211.53
360 7861.65
390 8508.13
420 9149.87
450 9785.82
480 10415
510 11036.5
540 11649.6
570 12253.7
600 12848.4
630 13433.3
660 14008.3
690 14573.2
720 15127.9
750 15672.5
780 16207
810 16731.6
840 17246.3
870 17751.4
900 18247
930 18733.4
960 19210.8
990 19679.3
1020 20139.2
1050 20590.7
1080 21034
1110 21469.3
1140 21896.9
1170 22317
1200 22729.9
1230 23135.6
1260 23534.5
1290 23926.7
1320 24312.4
1350 24691.8
1380 25065.1
1410 25432.4
1440 25794
1470 26150.1
1500 26500.7
1530 26846.1
1560 27186.4
1590 27521.7
1620 27852.2
1650 28178
1680 28499.1
1710 28815.9
1740 29128.2
1770 29436.3
1800 29740.3
1830 30040.3
1860 30336.3
1860 30336.3
