0 0
30 656.115
60 1312.23
90 1968.35
120 2624.46
150 3280.57
180 3936.69
210 4592.8
240 5248.92
270 5905.03
300 6561.13
330 7217.15
360 7872.98
390 8528.38
420 9182.96
450 9836.21
480 10487.5
510 11135.9
540 11780.8
570 12421.3
600 13056.7
630 13686.1
660 14309.1
690 14925.1
720 15533.7
750 16134.5
780 16727.4
810 17312.2
840 17888.8
870 18457.1
900 19017.1
930 19568.8
960 20112.3
990 20647.4
1020 21174.5
1050 21693.4
1080 22204.5
1110 22707.8
1140 23203.5
1170 23691.7
1200 24172.5
1230 24646.2
1260 25113
1290 25572.9
1320 26026.1
1350 26472.7
1380 26913.1
1410 27347.2
1440 27775.2
1470 28197.1
1500 28613.3
1530 29023.6
1560 29428.4
1590 29827.7
1620 30221.7
1650 30610.4
1680 30994.1
1710 31372.8
1740 31746.7
1770 32115.8
1800 32480.2
1830 32840.2
1860 33195.7
1860 33195.7
