0 0
30 656.115
60 1312.23
90 1968.35
120 2624.46
150 3280.57
180 3936.59
210 4592.07
240 5246.11
270 5897.5
300 6545.1
330 7187.91
360 7825.16
390 8456.33
420 9081.06
450 9699.09
480 10310.2
510 10914.1
540 11510.4
570 12098.7
600 12678.7
630 13249.9
660 13812.1
690 14365
720 14908.5
750 15442.3
780 15966.5
810 16481
840 16986.1
870 17481.7
900 17968
930 18445.2
960 18913.4
990 19372.8
1020 19823.7
1050 20266.1
1080 20700.4
1110 21126.7
1140 21545.4
1170 21956.6
1200 22360.6
1230 22757.6
1260 23147.9
1290 23531.5
1320 23908.7
1350 24279.6
1380 24644.5
1410 25003.6
1440 25357
1470 25704.9
1500 26047.4
1530 26384.7
1560 26717
1590 27044.4
1620 27367
1650 27684.9
1680 27998.4
1710 28307.4
1740 28612.1
1770 28912.7
1800 29209.2
1830 29501.8
1860 29790.5
1860 29790.5
