0 0
30 1143.88
60 2287.77
90 3431.65
120 4575.62
150 5720.26
180 6866.97
210 8017.72
240 9174.38
270 10338.3
300 11510.6
330 12691.7
360 13882.1
390 15082
420 16291.3
450 17510.4
480 18739.2
510 19977.8
540 21226.9
570 22486.7
600 23757.2
630 25038.5
660 26330.7
690 27633.7
720 28947.3
750 30271.3
780 31605.4
810 32949.6
840 34303.4
870 35666.8
900 37039.2
930 38420.5
960 39810.4
990 41208.7
1020 42614.9
1050 44028.9
1080 45450.4
1110 46879.2
1140 48315
1170 49757.6
1200 51206.7
1230 52662.2
1260 54123.7
1290 55591.2
1320 57064.4
1350 58543.2
1380 60027.4
1410 61516.9
1440 63011.3
1470 64510.7
1500 66014.8
1530 67523.6
1560 69036.8
1590 70554.3
1620 72075.9
1650 73601.7
1680 75131.5
1710 76665.1
1740 78202.5
1770 79743.6
1800 81288.2
1830 82836.3
1860 84387.7
1860 84387.7
