0 0
30 1143.88
60 2287.77
90 3431.65
120 4575.8
150 5721.77
180 6872.53
210 8031.04
240 9199.22
270 10378.3
300 11568.8
330 12771
360 13985
390 15210.7
420 16448.2
450 17697.4
480 18958.5
510 20231.2
540 21515.3
570 22810.7
600 24116.9
630 25433.7
660 26760.5
690 28097.2
720 29443.1
750 30798
780 32161.5
810 33533.2
840 34912.8
870 36299.9
900 37694.5
930 39096.1
960 40504.6
990 41920
1020 43341.8
1050 44770.1
1080 46204.5
1110 47645.1
1140 49091.5
1170 50543.6
1200 52001.2
1230 53464.4
1260 54932.8
1290 56406.3
1320 57884.9
1350 59368.3
1380 60856.5
1410 62349.3
1440 63846.6
1470 65348.2
1500 66854.1
1530 68364.2
1560 69878.2
1590 71396.2
1620 72918
1650 74443.5
1680 75972.7
1710 77505.5
1740 79041.7
1770 80581.3
1800 82124.3
1830 83670.4
1860 85219.7
1860 85219.7
