0 0
30 1143.88
60 2287.77
90 3431.65
120 4575.54
150 5719.48
180 6863.74
210 8009.06
240 9156.74
270 10308.4
300 11465.5
330 12629.3
360 13801
390 14981.1
420 16170
450 17368.2
480 18575.9
510 19793.4
540 21020.9
570 22258.7
600 23507
630 24765.8
660 26035.3
690 27315.5
720 28606.2
750 29907.3
780 31218.6
810 32540
840 33871.2
870 35212.1
900 36562.5
930 37922
960 39290.5
990 40667.5
1020 42052.9
1050 43446.4
1080 44847.8
1110 46256.8
1140 47673.1
1170 49096.4
1200 50526.6
1230 51963.4
1260 53406.6
1290 54856.1
1320 56311.6
1350 57772.9
1380 59239.8
1410 60712.2
1440 62189.9
1470 63672.7
1500 65160.4
1530 66653
1560 68150.2
1590 69652
1620 71158.1
1650 72668.6
1680 74183.2
1710 75701.9
1740 77224.5
1770 78750.9
1800 80281.1
1830 81814.9
1860 83352.2
1860 83352.2
