0 0
30 656.115
60 1312.23
90 1968.35
120 2624.38
150 3279.8
180 3933.27
210 4582.9
240 5226.87
270 5863.78
300 6492.58
330 7112.51
360 7723.04
390 8323.75
420 8914.31
450 9494.54
480 10064.3
510 10623.6
540 11172.1
570 11709.8
600 12236.8
630 12753.1
660 13258.9
690 13754.2
720 14239.4
750 14714.5
780 15179.6
810 15635.1
840 16081.2
870 16518.1
900 16946.1
930 17365.5
960 17776.6
990 18179.6
1020 18574.6
1050 18962
1080 19342
1110 19714.8
1140 20080.7
1170 20440
1200 20792.8
1230 21139.2
1260 21479.7
1290 21814.3
1320 22143.2
1350 22466.5
1380 22784.5
1410 23097.3
1440 23405
1470 23707.9
1500 24006
1530 24299.5
1560 24588.6
1590 24873.4
1620 25154
1650 25430.5
1680 25703
1710 25971.7
1740 26236.7
1770 26498
1800 26755.7
1830 27010.1
1860 27261
1860 27261
