0 0
30 1143.88
60 2287.77
90 3431.65
120 4575.54
150 5719.43
180 6863.36
210 8007.67
240 9153.31
270 10301.8
300 11455.1
330 12615.2
360 13784.1
390 14963.7
420 16155.7
450 17361.2
480 18581
510 19815.5
540 21064.7
570 22328.4
600 23606.3
630 24898
660 26203.2
690 27521.4
720 28852.2
750 30194.9
780 31549.2
810 32914.5
840 34290.3
870 35676.2
900 37071.8
930 38476.7
960 39890.3
990 41312.5
1020 42742.9
1050 44181.2
1080 45627
1110 47080.2
1140 48540.5
1170 50007.4
1200 51480.9
1230 52960.6
1260 54446.3
1290 55937.9
1320 57435
1350 58937.6
1380 60445.3
1410 61958.1
1440 63475.7
1470 64998.1
1500 66525
1530 68056.4
1560 69592
1590 71131.8
1620 72675.8
1650 74223.6
1680 75775.3
1710 77330.7
1740 78889.8
1770 80452.3
1800 82018.3
1830 83587.5
1860 85160
1860 85160
