0 0
30 656.115
60 1312.23
90 1968.28
120 2623.36
150 3275.4
180 3921.99
210 4561.16
240 5191.58
270 5812.46
300 6423.3
330 7023.91
360 7614.31
390 8194.73
420 8765.47
450 9326.83
480 9879.1
510 10422.5
540 10957.2
570 11483.2
600 12000.6
630 12509.5
660 13009.6
690 13501
720 13983.6
750 14457.4
780 14922.3
810 15378.7
840 15826.4
870 16265.7
900 16696.7
930 17119.6
960 17534.7
990 17942
1020 18341.8
1050 18734.3
1080 19119.7
1110 19498.2
1140 19870.1
1170 20235.5
1200 20594.6
1230 20947.7
1260 21294.9
1290 21636.5
1320 21972.5
1350 22303.1
1380 22628.5
1410 22948.8
1440 23264.2
1470 23574.9
1500 23880.9
1530 24182.5
1560 24479.6
1590 24772.4
1620 25061.1
1650 25345.8
1680 25626.5
1710 25903.3
1740 26176.4
1770 26445.9
1800 26711.8
1830 26974.3
1860 27233.4
1860 27233.4
