0 0
30 1143.88
60 2287.77
90 3431.65
120 4575.54
150 5719.43
180 6863.31
210 8007.19
240 9151.08
270 10295
300 11438.9
330 12583.1
360 13727.9
390 14873.8
420 16021.7
450 17172.3
480 18326.4
510 19484.5
540 20647.3
570 21815.1
600 22988.2
630 24166.7
660 25351
690 26541.1
720 27737.3
750 28939.7
780 30148.7
810 31364.2
840 32586.7
870 33816.2
900 35052.8
930 36296.8
960 37548.1
990 38806.8
1020 40073
1050 41346.6
1080 42627.5
1110 43915.8
1140 45211.3
1170 46514
1200 47823.6
1230 49140.2
1260 50463.6
1290 51793.6
1320 53130.2
1350 54473.3
1380 55822.6
1410 57178.1
1440 58539.6
1470 59906.9
1500 61280.1
1530 62658.9
1560 64043.2
1590 65432.9
1620 66827.8
1650 68227.9
1680 69633
1710 71042.9
1740 72457.6
1770 73877
1800 75300.9
1830 76729.3
1860 78162.1
1860 78162.1
