0 0
30 656.115
60 1312.23
90 1968.35
120 2624.46
150 3280.53
180 3936.21
210 4590.74
240 5242.95
270 5891.55
300 6535.47
330 7173.93
360 7806.33
390 8432.24
420 9051.39
450 9663.59
480 10268.7
510 10866.4
540 11456.6
570 12038.9
600 12613
630 13178.5
660 13735.2
690 14282.9
720 14821.4
750 15350.7
780 15870.5
810 16381
840 16882.1
870 17374
900 17856.7
930 18330.4
960 18795.2
990 19251.4
1020 19699
1050 20138.3
1080 20569.7
1110 20993.2
1140 21409.1
1170 21817.7
1200 22219.2
1230 22613.7
1260 23001.5
1290 23382.6
1320 23757.5
1350 24126.1
1380 24488.9
1410 24845.8
1440 25197.3
1470 25543.2
1500 25884
1530 26219.5
1560 26550.1
1590 26875.8
1620 27196.7
1650 27513
1680 27824.8
1710 28132.3
1740 28435.5
1770 28734.7
1800 29029.7
1830 29320.9
1860 29608.1
1860 29608.1
