0 0
30 656.115
60 1312.23
90 1968.35
120 2624.46
150 3280.57
180 3936.69
210 4592.8
240 5248.92
270 5905.03
300 6561.15
330 7217.26
360 7873.36
390 8529.4
420 9185.27
450 9840.74
480 10495.4
510 11148.7
540 11799.8
570 12447.8
600 13091.7
630 13730.4
660 14362.9
690 14988.2
720 15605.4
750 16213.9
780 16813.1
810 17402.6
840 17982.1
870 18551.6
900 19111
930 19660.3
960 20199.6
990 20729
1020 21248.7
1050 21758.9
1080 22259.7
1110 22751.4
1140 23234.3
1170 23708.6
1200 24174.6
1230 24632.4
1260 25082.2
1290 25524.3
1320 25958.9
1350 26386.1
1380 26806.2
1410 27219.5
1440 27626
1470 28026.2
1500 28420.1
1530 28808
1560 29190
1590 29566.2
1620 29936.7
1650 30301.8
1680 30661.5
1710 31016.1
1740 31365.6
1770 31710.2
1800 32050.1
1830 32385.3
1860 32716
1860 32716
