0 0
30 1143.88
60 2287.77
90 3431.68
120 4576.94
150 5728.99
180 6894.38
210 8076.89
240 9277.44
270 10496.2
300 11732.9
330 12986.5
360 14255.8
390 15540.2
420 16838.7
450 18150.6
480 19474.9
510 20811.2
540 22158.7
570 23516.9
600 24885.5
630 26264.1
660 27652.5
690 29050.3
720 30457.1
750 31872.7
780 33296.6
810 34728.6
840 36168.6
870 37616.1
900 39071.1
930 40533.1
960 42002
990 43477.4
1020 44959.3
1050 46447.2
1080 47941.1
1110 49440.7
1140 50945.9
1170 52456.4
1200 53972.1
1230 55492.7
1260 57018.1
1290 58548.3
1320 60083
1350 61622.1
1380 63165.4
1410 64712.9
1440 66264.5
1470 67820
1500 69379.3
1530 70942.2
1560 72508.8
1590 74078.8
1620 75652.2
1650 77228.8
1680 78808.7
1710 80391.7
1740 81977.6
1770 83566.6
1800 85158.4
1830 86753.1
1860 88350.5
1860 88350.5
