     0.000   235.000
     0.000     0.000
     0.000  -235.000
  -235.000     0.000
   235.000     0.000
  -700.000     0.000
  -570.000   570.000
  -570.000  -570.000
  -300.000   300.000
  -300.000  -300.000
     0.000   700.000
     0.000  -700.000
   300.000   300.000
   300.000  -300.000
   570.000   570.000
   570.000  -570.000
   700.000     0.000
   -45.209   273.081
   -57.639   -57.744
   -57.564  -263.867
  -255.843   -58.450
   257.020   -43.035
  -747.775    33.931
  -605.791   596.921
  -612.989  -613.245
  -351.094   331.841
  -352.180  -352.488
    34.810   748.962
    39.044  -747.941
   333.652   336.809
   332.630  -351.384
   614.417   593.498
   621.146  -604.677
   750.034    45.868
  -100.041   330.532
   -88.761   -90.815
  -103.204  -314.301
  -295.691  -113.945
   282.412   -97.280
  -790.034    68.822
  -650.711   545.722
  -648.439  -647.663
  -382.899   287.393
  -405.304  -401.449
    68.668   795.859
    75.076  -789.864
   392.630   372.112
   380.604  -386.524
   564.314   563.472
   584.197  -644.326
   792.465    96.164
  -146.867   379.662
   -89.187  -148.389
   -92.065  -369.090
  -322.491  -169.000
   311.438   -69.300
  -827.986   107.026
  -706.549   594.330
  -677.354  -669.984
  -385.858   253.826
  -457.693  -440.259
   111.990   825.907
   127.705  -830.333
   387.869   424.231
   349.607  -432.148
   533.896   526.184
   574.310  -689.034
   836.973   131.599
  -195.579   426.989
   -89.240  -188.367
  -111.811  -401.636
  -348.079  -131.050
   324.304  -112.852
  -864.940   148.411
  -737.721   556.765
  -642.590  -635.558
  -415.356   217.606
  -499.298  -478.880
   117.197   783.837
   173.440  -873.994
   357.296   480.444
   337.258  -484.800
   553.756   581.698
   568.913  -645.006
   809.332   161.812
  -250.795   391.520
   -89.284  -130.839
  -142.477  -439.600
  -372.594  -173.629
   317.677  -156.217
  -910.194    96.274
  -782.690   501.467
  -678.705  -675.679
  -402.733   181.784
  -537.256  -516.375
   134.467   748.838
   198.744  -818.598
   357.174   424.882
   356.640  -518.550
   502.299   545.955
   566.429  -692.795
   779.407   216.163
  -288.898   431.941
  -112.667  -185.510
  -190.390  -477.385
  -380.623  -171.416
   325.593  -112.262
  -958.153    43.631
  -746.453   456.853
  -645.366  -641.542
  -440.344   126.615
  -570.299  -554.315
   174.396   698.332
   235.032  -852.748
   390.165   481.850
   333.732  -567.447
   468.050   496.532
   549.017  -654.193
   746.217   175.293
  -317.705   435.051
  -131.252  -136.767
  -153.481  -527.442
  -410.798  -225.030
   292.991  -150.725
  -917.445    12.708
  -790.925   416.959
  -680.798  -687.843
  -423.203   165.954
  -588.861  -594.134
   193.556   732.357
   213.153  -824.512
   359.880   502.257
   353.747  -599.116
   502.581   503.775
   514.499  -687.066
   794.797   214.177
  -320.556   488.653
   -74.222  -174.736
  -196.264  -567.489
  -416.446  -172.379
   311.440  -173.727
  -948.554    39.684
  -825.975   358.925
  -629.222  -639.636
  -452.918   112.275
  -563.955  -646.000
   158.662   685.108
   213.289  -855.768
   364.717   534.751
   336.103  -630.190
   504.999   527.147
   508.200  -726.584
   743.291   175.988
