0 0
30 765.468
60 1530.94
90 2296.4
120 3061.87
150 3827.34
180 4592.81
210 5358.27
240 6123.7
270 6888.94
300 7653.6
330 8416.87
360 9177.43
390 9933.47
420 10682.8
450 11423.4
480 12153.3
510 12870.8
540 13574.7
570 14264.4
600 14939.3
630 15599.2
660 16244
690 16873.8
720 17489
750 18090
780 18677
810 19250.6
840 19811
870 20358.7
900 20894.1
930 21417.8
960 21930.1
990 22431.3
1020 22921.8
1050 23402.2
1080 23872.7
1110 24333.7
1140 24785.5
1170 25228.4
1200 25662.7
1230 26088.8
1260 26507.1
1290 26917.6
1320 27320.8
1350 27716.7
1380 28105.7
1410 28488
1440 28863.8
1470 29233.3
1500 29596.7
1530 29954.3
1560 30306.2
1590 30652.5
1620 30993.4
1650 31329.1
1680 31659.7
1710 31985.4
1740 32306.2
1770 32622.4
1800 32934
1830 33241.2
1860 33544.1
1860 33544.1
