0 0
30 1334.53
60 2669.06
90 4003.6
120 5338.13
150 6672.66
180 8007.19
210 9341.72
240 10676.3
270 12010.8
300 13345.4
330 14680.1
360 16015.4
390 17351.6
420 18689.6
450 20030.2
480 21374.5
510 22723.6
540 24078.2
570 25439.2
600 26807.2
630 28182.9
660 29566.9
690 30959.5
720 32361.1
750 33772.1
780 35192.7
810 36623
840 38063.4
870 39513.8
900 40974.3
930 42444.8
960 43925.2
990 45415.3
1020 46915.1
1050 48424.4
1080 49943.1
1110 51470.9
1140 53007.7
1170 54553.4
1200 56107.6
1230 57670.1
1260 59240.9
1290 60819.8
1320 62406.4
1350 64000.7
1380 65602.5
1410 67211.5
1440 68827.6
1470 70450.6
1500 72080.2
1530 73716.4
1560 75359
1590 77007.7
1620 78662.5
1650 80323.2
1680 81989.6
1710 83661.6
1740 85339
1770 87021.8
1800 88709.8
1830 90402.9
1860 92100.9
1860 92100.9
