0 0
30 765.468
60 1530.94
90 2296.4
120 3061.81
150 3826.13
180 4585.52
210 5334.12
240 6066.88
270 6780.4
300 7473.09
330 8144.74
360 8795.9
390 9427.47
420 10040.3
450 10635.6
480 11214.5
510 11778
540 12326.9
570 12862
600 13384
630 13893.3
660 14390.5
690 14876.1
720 15350.4
750 15813.9
780 16266.9
810 16709.9
840 17143.1
870 17566.8
900 17981.6
930 18387.5
960 18785
990 19174.3
1020 19555.7
1050 19929.5
1080 20296
1110 20655.3
1140 21007.7
1170 21353.5
1200 21692.9
1230 22026
1260 22353.2
1290 22674.6
1320 22990.5
1350 23300.9
1380 23606.1
1410 23906.1
1440 24201.3
1470 24491.7
1500 24777.5
1530 25058.8
1560 25335.7
1590 25608.4
1620 25877.1
1650 26141.7
1680 26402.5
1710 26659.6
1740 26912.9
1770 27162.8
1800 27409.1
1830 27652.1
1860 27891.9
1860 27891.9
