0 0
30 765.468
60 1530.94
90 2296.4
120 3061.87
150 3827.34
180 4592.74
210 5357.66
240 6120.85
270 6880.35
300 7634.18
330 8380.74
360 9119
390 9848.4
420 10568.6
450 11279.5
480 11980.9
510 12672.8
540 13355.1
570 14027.8
600 14690.6
630 15343.6
660 15986.6
690 16619.4
720 17241.9
750 17853.9
780 18455.6
810 19046.6
840 19627
870 20196.8
900 20756.1
930 21305.1
960 21843.8
990 22372.5
1020 22891.4
1050 23400.7
1080 23900.6
1110 24391.4
1140 24873.2
1170 25346.2
1200 25810.8
1230 26267.1
1260 26715.5
1290 27156
1320 27588.9
1350 28014.5
1380 28432.9
1410 28844.4
1440 29249
1470 29647.1
1500 30038.7
1530 30424.1
1560 30803.4
1590 31176.8
1620 31544.4
1650 31906.5
1680 32263.1
1710 32614.4
1740 32960.6
1770 33301.8
1800 33638.2
1830 33969.7
1860 34296.6
1860 34296.6
