0 0
30 765.468
60 1530.94
90 2296.4
120 3061.87
150 3827.34
180 4592.68
210 5357.18
240 6119.09
270 6876.06
300 7625.99
330 8367.5
360 9099.84
390 9822.79
420 10536
450 11239.4
480 11932.7
510 12615.7
540 13288.7
570 13951.6
600 14604.7
630 15248
660 15881.8
690 16506.2
720 17121.1
750 17726.7
780 18323.1
810 18910.1
840 19488
870 20056.6
900 20615.9
930 21166
960 21706.9
990 22238.6
1020 22761.3
1050 23275.1
1080 23780.1
1110 24276.4
1140 24764.4
1170 25244.1
1200 25715.7
1230 26179.3
1260 26635.2
1290 27083.4
1320 27524.3
1350 27957.9
1380 28384.5
1410 28804.3
1440 29217.4
1470 29623.9
1500 30024.1
1530 30418.1
1560 30806
1590 31188.1
1620 31564.5
1650 31935.4
1680 32300.8
1710 32660.9
1740 33015.9
1770 33365.9
1800 33711
1830 34051.3
1860 34386.9
1860 34386.9
