0 0
30 765.468
60 1530.79
90 2291.93
120 3040.28
150 3770
180 4478.51
210 5165.82
240 5833.41
270 6482.49
300 7114.6
330 7730.51
360 8331.05
390 8916.92
420 9488.67
450 10046.7
480 10591.6
510 11123.8
540 11643.9
570 12152.5
600 12650.1
630 13137.2
660 13614.3
690 14081.8
720 14540.3
750 14990.2
780 15431.8
810 15865.4
840 16291.5
870 16710.3
900 17122
930 17526.9
960 17925
990 18316.7
1020 18702.1
1050 19081.3
1080 19454.6
1110 19821.9
1140 20183.5
1170 20539.4
1200 20889.9
1230 21235
1260 21574.8
1290 21909.5
1320 22239.2
1350 22564
1380 22884
1410 23199.4
1440 23510.3
1470 23816.7
1500 24118.8
1530 24416.8
1560 24710.6
1590 25000.4
1620 25286.3
1650 25568.4
1680 25846.8
1710 26121.5
1740 26392.6
1770 26660.2
1800 26924.5
1830 27185.4
1860 27443
1860 27443
