0 0
30 765.468
60 1530.94
90 2296.4
120 3061.87
150 3827.33
180 4592.55
210 5356.49
240 6117.27
270 6872.77
300 7621.24
330 8361.57
360 9093.17
390 9815.91
420 10529.7
450 11234.5
480 11930.4
510 12617.5
540 13295.8
570 13965.2
600 14626
630 15277.9
660 15920.9
690 16555
720 17179.9
750 17795.6
780 18401.9
810 18998.7
840 19585.8
870 20163.4
900 20731.3
930 21289.5
960 21838
990 22377
1020 22906.5
1050 23426.8
1080 23937.9
1110 24440
1140 24933.2
1170 25417.9
1200 25894.1
1230 26362.1
1260 26822
1290 27274.2
1320 27718.6
1350 28155.7
1380 28585.6
1410 29008.4
1440 29424.4
1470 29833.8
1500 30236.6
1530 30633.2
1560 31023.7
1590 31408.2
1620 31786.8
1650 32159.8
1680 32527.2
1710 32889.2
1740 33246
1770 33597.7
1800 33944.3
1830 34286
1860 34623
1860 34623
