0 0
30 1334.53
60 2669.06
90 4003.6
120 5338.13
150 6672.66
180 8007.21
210 9341.93
240 10677.4
270 12014.5
300 13354.7
330 14699.3
360 16049.9
390 17407.8
420 18774.2
450 20150.1
480 21536.2
510 22933
540 24340.9
570 25760.1
600 27190.8
630 28633
660 30087
690 31552.6
720 33029.9
750 34518.9
780 36019.6
810 37531.8
840 39055.3
870 40589.9
900 42135.4
930 43691.4
960 45257.8
990 46834.3
1020 48420.5
1050 50016.2
1080 51621.1
1110 53235.1
1140 54857.7
1170 56488.8
1200 58128.1
1230 59775.4
1260 61430.4
1290 63092.8
1320 64762.5
1350 66439.2
1380 68122.9
1410 69813.3
1440 71510.2
1470 73213.4
1500 74922.8
1530 76638
1560 78359.1
1590 80085.7
1620 81817.7
1650 83555
1680 85297.5
1710 87045
1740 88797.3
1770 90554.5
1800 92316.2
1830 94082.5
1860 95853.2
1860 95853.2
