0 0
30 1334.53
60 2669.06
90 4003.6
120 5338.13
150 6672.66
180 8007.19
210 9341.73
240 10676.3
270 12011.4
300 13347.7
330 14686.9
360 16030.8
390 17381.6
420 18741.2
450 20111.7
480 21494.6
510 22891.2
540 24302.5
570 25729.1
600 27171.2
630 28629.1
660 30102.7
690 31591.6
720 33095.6
750 34614.2
780 36147.1
810 37694
840 39254.1
870 40827.1
900 42412.7
930 44010.2
960 45619.3
990 47239.5
1020 48870.4
1050 50511.5
1080 52162.5
1110 53823
1140 55492.7
1170 57171.2
1200 58858.1
1230 60553.3
1260 62256.3
1290 63967.1
1320 65685.3
1350 67410.6
1380 69142.9
1410 70881.8
1440 72627.2
1470 74378.8
1500 76136.4
1530 77899.9
1560 79669.1
1590 81443.8
1620 83223.8
1650 85009
1680 86799.2
1710 88594.3
1740 90394.2
1770 92198.8
1800 94007.8
1830 95821.2
1860 97638.9
1860 97638.9
