0 0
30 1334.53
60 2669.06
90 4003.6
120 5338.13
150 6672.66
180 8007.25
210 9342.35
240 10679.2
270 12019.9
300 13366.5
330 14720.6
360 16083.3
390 17455.3
420 18836.7
450 20227.8
480 21628.7
510 23039.7
540 24460.9
570 25892.9
600 27335.9
630 28790.2
660 30256.2
690 31734.2
720 33224.3
750 34726.8
780 36241.6
810 37768.6
840 39307.8
870 40859
900 42422
930 43996.5
960 45582.2
990 47178.8
1020 48786
1050 50403.4
1080 52030.7
1110 53667.6
1140 55313.9
1170 56969.2
1200 58633.2
1230 60305.7
1260 61986.4
1290 63674.8
1320 65370.9
1350 67074.3
1380 68784.9
1410 70502.3
1440 72226.5
1470 73957.2
1500 75694.1
1530 77437.2
1560 79186.1
1590 80940.7
1620 82700.9
1650 84466.4
1680 86237.2
1710 88013.1
1740 89793.9
1770 91579.6
1800 93369.9
1830 95164.8
1860 96964
1860 96964
