0 0
30 1334.53
60 2669.06
90 4003.6
120 5338.13
150 6672.66
180 8007.19
210 9341.72
240 10676.3
270 12010.8
300 13345.3
330 14680
360 16014.9
390 17350.5
420 18687.7
450 20027.4
480 21370.8
510 22719.5
540 24074.6
570 25437.2
600 26808.2
630 28188.5
660 29578.6
690 30979
720 32389.8
750 33811.3
780 35243.7
810 36687.1
840 38141.6
870 39607.2
900 41084
930 42571.7
960 44070.4
990 45579.8
1020 47099.8
1050 48630.3
1080 50171.1
1110 51722.1
1140 53282.9
1170 54853.3
1200 56433.1
1230 58022
1260 59619.9
1290 61226.3
1320 62841.2
1350 64464.2
1380 66095.2
1410 67733.9
1440 69380
1470 71033.4
1500 72693.8
1530 74361.1
1560 76035.1
1590 77715.5
1620 79402.3
1650 81095.2
1680 82794.2
1710 84499
1740 86209.4
1770 87925.4
1800 89646.8
1830 91373.4
1860 93105.1
1860 93105.1
