0 0
30 765.468
60 1530.94
90 2296.4
120 3061.87
150 3827.34
180 4592.81
210 5358.28
240 6123.74
270 6889.21
300 7654.68
330 8420.12
360 9185.45
390 9950.35
420 10714.2
450 11475.8
480 12233.7
510 12986
540 13730.9
570 14466.6
600 15191.6
630 15904.6
660 16604.6
690 17291.1
720 17963.6
750 18622.2
780 19266.5
810 19896.9
840 20513.4
870 21116.5
900 21706.4
930 22283.4
960 22847.9
990 23400.2
1020 23940.8
1050 24470.1
1080 24988.5
1110 25496.5
1140 25994.2
1170 26482.1
1200 26960.4
1230 27429.5
1260 27889.7
1290 28341.3
1320 28784.6
1350 29219.9
1380 29647.4
1410 30067.4
1440 30480.2
1470 30885.8
1500 31284.6
1530 31676.6
1560 32062.2
1590 32441.6
1620 32814.7
1650 33181.9
1680 33543.3
1710 33899
1740 34249.2
1770 34594.1
1800 34933.8
1830 35268.4
1860 35598.1
1860 35598.1
