0 0
30 1334.53
60 2669.23
90 4008.39
120 5361.19
150 6733.74
180 8128
210 9544.09
240 10980.8
270 12436.4
300 13909.5
330 15398.5
360 16902.4
390 18420.4
420 19951.6
450 21495.3
480 23051.1
510 24618.5
540 26196.9
570 27786
600 29385.2
630 30994.2
660 32612.5
690 34239.7
720 35875.5
750 37519.6
780 39171.5
810 40831.2
840 42498.2
870 44172.4
900 45853.6
930 47541.5
960 49236
990 50937.1
1020 52644.6
1050 54358.2
1080 56078
1110 57803.7
1140 59535.3
1170 61272.5
1200 63015.3
1230 64763.6
1260 66517.1
1290 68275.9
1320 70039.7
1350 71808.5
1380 73582.1
1410 75360.5
1440 77143.4
1470 78930.9
1500 80722.7
1530 82518.8
1560 84319.1
1590 86123.5
1620 87931.8
1650 89744.1
1680 91560.1
1710 93379.8
1740 95203.2
1770 97030.1
1800 98860.4
1830 100694
1860 102531
1860 102531
