0 0
30 1334.53
60 2669.06
90 4003.6
120 5338.13
150 6672.66
180 8007.19
210 9341.72
240 10676.3
270 12010.8
300 13345.4
330 14680.3
360 16016.2
390 17354.3
420 18696
450 20043.3
480 21397.6
510 22760.6
540 24133.3
570 25516.7
600 26911.6
630 28318.5
660 29737.8
690 31169.8
720 32614.6
750 34072.2
780 35542.7
810 37025.9
840 38521.7
870 40029.8
900 41550.1
930 43082.2
960 44625.8
990 46180.6
1020 47746.4
1050 49322.6
1080 50909.2
1110 52505.7
1140 54111.8
1170 55727.3
1200 57351.8
1230 58985.2
1260 60627
1290 62277.1
1320 63935.1
1350 65600.9
1380 67274.2
1410 68954.8
1440 70642.4
1470 72337
1500 74038.2
1530 75745.9
1560 77459.9
1590 79180.1
1620 80906.2
1650 82638.1
1680 84375.6
1710 86118.7
1740 87867
1770 89620.6
1800 91379.1
1830 93142.7
1860 94911
1860 94911
