0 0
30 1334.53
60 2669.06
90 4003.6
120 5338.13
150 6672.66
180 8007.19
210 9341.74
240 10676.4
270 12011.3
300 13347
330 14684.2
360 16023.5
390 17366
420 18712.1
450 20062.5
480 21417.6
510 22777.8
540 24143.5
570 25514.8
600 26892.3
630 28276.2
660 29667
690 31065.2
720 32471.1
750 33885.3
780 35308
810 36739.4
840 38179.7
870 39629.2
900 41087.7
930 42555.4
960 44032.3
990 45518.2
1020 47013.2
1050 48517.1
1080 50029.8
1110 51551.1
1140 53080.9
1170 54619.2
1200 56165.6
1230 57720.1
1260 59282.4
1290 60852.4
1320 62429.9
1350 64014.8
1380 65606.9
1410 67206
1440 68812.1
1470 70424.8
1500 72044.1
1530 73669.8
1560 75301.7
1590 76939.7
1620 78583.6
1650 80233.2
1680 81888.5
1710 83549.4
1740 85215.6
1770 86887.1
1800 88563.8
1830 90245.6
1860 91932.3
1860 91932.3
