0 0
30 1334.53
60 2669.06
90 4003.6
120 5338.13
150 6672.66
180 8007.19
210 9341.72
240 10676.3
270 12010.8
300 13345.6
330 14681.2
360 16019.1
390 17361.3
420 18710.4
450 20069
480 21439.4
510 22823.4
540 24222.1
570 25636.2
600 27065.9
630 28511.4
660 29972.5
690 31449
720 32940.6
750 34446.9
780 35967.4
810 37501.8
840 39049.4
870 40609.9
900 42182.7
930 43767.4
960 45363.7
990 46971.1
1020 48589.1
1050 50217.4
1080 51855.7
1110 53503.5
1140 55160.6
1170 56826.6
1200 58501.1
1230 60184
1260 61874.8
1290 63573.3
1320 65279.4
1350 66992.6
1380 68712.8
1410 70439.7
1440 72173.2
1470 73912.9
1500 75658.7
1530 77410.4
1560 79167.8
1590 80930.7
1620 82699
1650 84472.5
1680 86251.2
1710 88034.7
1740 89823.1
1770 91616.1
1800 93413.7
1830 95215.6
1860 97021.9
1860 97021.9
