0 0
30 765.468
60 1530.94
90 2296.4
120 3061.87
150 3827.34
180 4592.81
210 5358.28
240 6123.74
270 6889.17
300 7654.38
330 8418.86
360 9181.49
390 9940.46
420 10693.5
450 11438.1
480 12172
510 12893.2
540 13600.3
570 14292.3
600 14968.5
630 15628.7
660 16272.8
690 16901.1
720 17513.9
750 18111.6
780 18694.8
810 19263.7
840 19818.9
870 20360.9
900 20890.2
930 21407.3
960 21912.6
990 22406.8
1020 22890.2
1050 23363.2
1080 23826.2
1110 24279.6
1140 24723.7
1170 25158.8
1200 25585.2
1230 26003.3
1260 26413.5
1290 26815.9
1320 27210.8
1350 27598.4
1380 27979.1
1410 28353
1440 28720.3
1470 29081.3
1500 29436.2
1530 29785.1
1560 30128.3
1590 30465.9
1620 30798.1
1650 31125
1680 31446.9
1710 31763.8
1740 32075.9
1770 32383.2
1800 32686
1830 32984.3
1860 33278.2
1860 33278.2
