0 0
30 765.468
60 1530.94
90 2296.4
120 3061.87
150 3827.34
180 4592.81
210 5358.28
240 6123.71
270 6888.98
300 7653.68
330 8417.15
360 9178.48
390 9936.61
420 10690.5
450 11439.3
480 12182.3
510 12918.6
540 13648
570 14370
600 15084.3
630 15790.8
660 16489.4
690 17179.9
720 17862.3
750 18536.4
780 19202.2
810 19859.5
840 20508.4
870 21148.9
900 21780.8
930 22404.2
960 23019
990 23625.3
1020 24223.1
1050 24812.6
1080 25393.7
1110 25966.5
1140 26531.2
1170 27087.8
1200 27636.4
1230 28177.3
1260 28710.5
1290 29236.3
1320 29754.7
1350 30265.9
1380 30770.1
1410 31267.4
1440 31758
1470 32242
1500 32719.5
1530 33190.8
1560 33655.9
1590 34115.1
1620 34568.4
1650 35015.9
1680 35457.8
1710 35894.3
1740 36325.4
1770 36751.3
1800 37172.2
1830 37588
1860 37999
1860 37999
