0 0
30 1334.53
60 2669.06
90 4003.6
120 5338.13
150 6672.66
180 8007.19
210 9341.72
240 10676.3
270 12010.8
300 13345.4
330 14680.1
360 16015.4
390 17351.6
420 18689.8
450 20031.2
480 21377.3
510 22729.7
540 24090.2
570 25460.3
600 26841.5
630 28234.8
660 29641.1
690 31060.9
720 32494.5
750 33942.2
780 35403.8
810 36879.4
840 38368.5
870 39871
900 41386.5
930 42914.7
960 44455.3
990 46007.9
1020 47572.1
1050 49147.5
1080 50733.6
1110 52330.2
1140 53936.8
1170 55553.2
1200 57178.9
1230 58813.6
1260 60457.2
1290 62109.2
1320 63769.4
1350 65437.4
1380 67113.1
1410 68796.2
1440 70486.5
1470 72183.7
1500 73887.6
1530 75598.1
1560 77314.8
1590 79037.7
1620 80766.5
1650 82501.2
1680 84241.4
1710 85987
1740 87738
1770 89494.1
1800 91255.3
1830 93021.3
1860 94792
1860 94792
