0 0
30 1334.53
60 2669.06
90 4003.6
120 5338.13
150 6672.66
180 8007.19
210 9341.75
240 10676.6
270 12012.4
300 13350.8
330 14693.5
360 16042.2
390 17398.3
420 18762.7
450 20136.3
480 21519.6
510 22913.5
540 24318.7
570 25736
600 27166.1
630 28609.4
660 30066.6
690 31537.9
720 33023.4
750 34523
780 36036.4
810 37563.5
840 39104
870 40657.6
900 42223.7
930 43802.1
960 45392.4
990 46994.2
1020 48607
1050 50230.5
1080 51864.1
1110 53507.5
1140 55160.4
1170 56822.5
1200 58493.4
1230 60172.9
1260 61860.6
1290 63556.3
1320 65259.6
1350 66970.4
1380 68688.3
1410 70413.2
1440 72144.8
1470 73882.9
1500 75627.3
1530 77377.7
1560 79134
1590 80896
1620 82663.6
1650 84436.5
1680 86214.7
1710 87997.9
1740 89786.1
1770 91579
1800 93376.7
1830 95178.8
1860 96985.3
1860 96985.3
