0 0
30 1334.53
60 2669.06
90 4003.83
120 5340.88
150 6684.01
180 8036.71
210 9401.49
240 10780.3
270 12174.6
300 13586
330 15015
360 16461.9
390 17926.6
420 19408.7
450 20907.1
480 22421.3
510 23950.3
540 25493.3
570 27049.8
600 28619
630 30200.4
660 31793.6
690 33398.2
720 35013.7
750 36639.8
780 38276.3
810 39922.7
840 41578.8
870 43244.2
900 44918.6
930 46601.7
960 48293.4
990 49993.2
1020 51701.1
1050 53416.7
1080 55139.8
1110 56870
1140 58607.2
1170 60351.1
1200 62101.6
1230 63858.4
1260 65621.4
1290 67390.3
1320 69165
1350 70945.2
1380 72730.8
1410 74521.6
1440 76317.5
1470 78118.3
1500 79923.9
1530 81734.1
1560 83548.7
1590 85367.7
1620 87191
1650 89018.4
1680 90849.7
1710 92685
1740 94524
1770 96366.6
1800 98212.9
1830 100063
1860 101916
1860 101916
