0 0
30 765.468
60 1530.94
90 2296.4
120 3061.87
150 3827.34
180 4592.81
210 5358.21
240 6123.27
270 6887.27
300 7649.1
330 8407.57
360 9161.64
390 9910.51
420 10653.7
450 11390.7
480 12121.2
510 12844.8
540 13560.9
570 14268.9
600 14968.3
630 15658.4
660 16338.8
690 17008.9
720 17668.4
750 18316.9
780 18954.4
810 19580.8
840 20196
870 20800.1
900 21393.2
930 21975.4
960 22546.9
990 23107.9
1020 23658.6
1050 24199.2
1080 24729.9
1110 25251
1140 25762.7
1170 26265.4
1200 26759.2
1230 27244.4
1260 27721.2
1290 28189.9
1320 28650.6
1350 29103.5
1380 29548.8
1410 29986.8
1440 30417.6
1470 30841.5
1500 31258.6
1530 31669.2
1560 32073.4
1590 32471.3
1620 32863.2
1650 33249.1
1680 33629.3
1710 34003.9
1740 34373
1770 34736.8
1800 35095.5
1830 35449.2
1860 35797.9
1860 35797.9
