0 0
30 1334.53
60 2669.06
90 4003.6
120 5338.13
150 6672.66
180 8007.19
210 9341.73
240 10676.3
270 12011.2
300 13347
330 14684.6
360 16025.2
390 17370
420 18720.3
450 20077.3
480 21442.1
510 22816.2
540 24201
570 25597.6
600 27006.8
630 28429.5
660 29866.1
690 31316.7
720 32781.5
750 34260.4
780 35753.3
810 37259.8
840 38779.7
870 40312.8
900 41858.7
930 43416.9
960 44987.2
990 46569
1020 48162
1050 49765.8
1080 51379.9
1110 53004.1
1140 54638
1170 56281.2
1200 57933.4
1230 59594.2
1260 61263.5
1290 62941
1320 64626.2
1350 66319.1
1380 68019.2
1410 69726.5
1440 71440.8
1470 73161.7
1500 74889.1
1530 76622.8
1560 78362.6
1590 80108.3
1620 81859.7
1650 83616.6
1680 85378.9
1710 87146.5
1740 88919.3
1770 90697
1800 92479.5
1830 94266.8
1860 96058.7
1860 96058.7
