0 0
30 765.468
60 1530.94
90 2296.4
120 3061.87
150 3827.34
180 4592.81
210 5358.27
240 6123.63
270 6888.5
300 7651.88
330 8412.05
360 9166.7
390 9913.25
420 10649.2
450 11372.4
480 12081.1
510 12773.8
540 13449.8
570 14108.6
600 14750.1
630 15374.2
660 15981.2
690 16571.8
720 17146.3
750 17705.1
780 18249
810 18778.4
840 19294.1
870 19796.7
900 20286.7
930 20764.5
960 21230.8
990 21686
1020 22130.5
1050 22564.8
1080 22989.3
1110 23404.5
1140 23810.6
1170 24208
1200 24597.2
1230 24978.3
1260 25351.9
1290 25718
1320 26077.1
1350 26429.2
1380 26774.7
1410 27113.8
1440 27446.7
1470 27773.7
1500 28094.9
1530 28410.6
1560 28720.8
1590 29025.9
1620 29325.9
1650 29621
1680 29911.3
1710 30197
1740 30478.3
1770 30755.3
1800 31028
1830 31296.5
1860 31561.1
1860 31561.1
