0 0
30 765.468
60 1530.94
90 2296.4
120 3061.87
150 3827.34
180 4592.81
210 5358.28
240 6123.74
270 6889.13
300 7654.13
330 8417.87
360 9178.66
390 9934.13
420 10681.6
450 11418.5
480 12142.6
510 12852.2
540 13546.5
570 14224.8
600 14886.8
630 15532.4
660 16161.9
690 16775.7
720 17374.2
750 17957.8
780 18526.8
810 19082
840 19623.9
870 20153.1
900 20669.9
930 21174.8
960 21668.4
990 22151.1
1020 22623.2
1050 23085.4
1080 23537.8
1110 23980.9
1140 24414.9
1170 24840.3
1200 25257.2
1230 25666.1
1260 26067.1
1290 26460.7
1320 26847
1350 27226.2
1380 27598.7
1410 27964.5
1440 28324
1470 28677.3
1500 29024.5
1530 29366
1560 29701.9
1590 30032.3
1620 30357.4
1650 30677.4
1680 30992.5
1710 31302.7
1740 31608.1
1770 31909.1
1800 32205.5
1830 32497.7
1860 32785.6
1860 32785.6
