0 0
30 765.468
60 1530.94
90 2296.4
120 3061.87
150 3827.34
180 4592.81
210 5358.28
240 6123.74
270 6889.21
300 7654.67
330 8420.05
360 9185.12
390 9949.27
420 10711.3
450 11469.6
480 12221.9
510 12966.2
540 13700.2
570 14422.5
600 15131.4
630 15826.1
660 16505.9
690 17170.6
720 17820.1
750 18454.7
780 19074.4
810 19679.6
840 20270.5
870 20847.7
900 21411.6
930 21962.6
960 22501.1
990 23027.6
1020 23542.4
1050 24046.1
1080 24539
1110 25021.5
1140 25494
1170 25956.9
1200 26410.6
1230 26855.4
1260 27291.6
1290 27719.4
1320 28139.2
1350 28551.1
1380 28955.6
1410 29352.7
1440 29742.8
1470 30126
1500 30502.7
1530 30872.9
1560 31237
1590 31594.9
1620 31947.1
1650 32293.5
1680 32634.4
1710 32970
1740 33300.3
1770 33625.6
1800 33945.9
1830 34261.4
1860 34572.2
1860 34572.2
