0 0
30 765.468
60 1530.94
90 2296.4
120 3061.87
150 3827.1
180 4591.09
210 5351.88
240 6106.95
270 6853.7
300 7589.64
330 8312.87
360 9021.84
390 9715.61
420 10393.8
450 11056.3
480 11703.5
510 12335.5
540 12952.9
570 13556.1
600 14145.3
630 14721.3
660 15284.4
690 15835.4
720 16374.6
750 16902.5
780 17419.6
810 17926.4
840 18423.5
870 18911.1
900 19389.5
930 19859.2
960 20320.3
990 20773.3
1020 21218.4
1050 21655.7
1080 22085.5
1110 22508
1140 22923.4
1170 23332
1200 23733.8
1230 24129.1
1260 24518
1290 24900.7
1320 25277.3
1350 25648.2
1380 26013.3
1410 26372.9
1440 26727.1
1470 27076
1500 27419.8
1530 27758.6
1560 28092.5
1590 28421.7
1620 28746.2
1650 29066.2
1680 29381.9
1710 29693.3
1740 30000.5
1770 30303.6
1800 30602.7
1830 30898
1860 31189.4
1860 31189.4
