0 0
30 765.468
60 1530.94
90 2296.4
120 3061.87
150 3827.34
180 4592.81
210 5358.28
240 6123.74
270 6889.2
300 7654.56
330 8419.53
360 9183.4
390 9944.95
420 10702.7
450 11455
480 12200.4
510 12937.9
540 13666.6
570 14386
600 15095.7
630 15795.4
660 16484.9
690 17163.7
720 17831.8
750 18489
780 19135.1
810 19770.1
840 20393.8
870 21006.1
900 21607.2
930 22197.2
960 22776.1
990 23344.1
1020 23901.5
1050 24448.4
1080 24985.2
1110 25512.1
1140 26029.2
1170 26536.8
1200 27035.3
1230 27524.9
1260 28005.7
1290 28478.2
1320 28942.4
1350 29398.7
1380 29847.3
1410 30288.4
1440 30722.2
1470 31148.9
1500 31568.7
1530 31981.8
1560 32388.4
1590 32788.7
1620 33182.7
1650 33570.8
1680 33952.9
1710 34329.4
1740 34700.3
1770 35065.8
1800 35426.1
1830 35781.2
1860 36131.4
1860 36131.4
