0 0
30 765.468
60 1530.94
90 2296.4
120 3061.87
150 3827.34
180 4592.81
210 5358.28
240 6123.74
270 6889.13
300 7654.21
330 8418.32
360 9180.21
390 9937.93
420 10689
450 11430.9
480 12161.1
510 12877.6
540 13578.7
570 14263.3
600 14931
630 15581.4
660 16214.5
690 16830.9
720 17430.7
750 18014.5
780 18583
810 19136.5
840 19675.7
870 20201.2
900 20713.4
930 21213.1
960 21700.8
990 22176.8
1020 22641.9
1050 23096.2
1080 23540.4
1110 23974.8
1140 24399.8
1170 24815.8
1200 25223
1230 25621.9
1260 26012.8
1290 26396
1320 26771.9
1350 27140.5
1380 27502.2
1410 27857.3
1440 28205.9
1470 28548.4
1500 28884.8
1530 29215.5
1560 29540.6
1590 29860.1
1620 30174.4
1650 30483.5
1680 30787.7
1710 31087
1740 31381.6
1770 31671.7
1800 31957.3
1830 32238.7
1860 32515.8
1860 32515.8
