0 0
30 765.468
60 1530.94
90 2296.4
120 3061.87
150 3827.34
180 4592.81
210 5358.28
240 6123.74
270 6889.17
300 7654.36
330 8418.75
360 9181.16
390 9939.86
420 10692.8
450 11437.6
480 12172.3
510 12895.1
540 13604.4
570 14299
600 14978.5
630 15642.4
660 16290.7
690 16923.3
720 17540.7
750 18143.2
780 18731
810 19304.9
840 19865.2
870 20412.4
900 20947.1
930 21469.5
960 21980.2
990 22479.6
1020 22968
1050 23445.9
1080 23913.7
1110 24371.7
1140 24820.4
1170 25260
1200 25690.9
1230 26113.4
1260 26527.8
1290 26934.4
1320 27333.5
1350 27725.2
1380 28109.9
1410 28487.8
1440 28858.9
1470 29223.7
1500 29582.2
1530 29934.8
1560 30281.4
1590 30622.4
1620 30957.8
1650 31287.9
1680 31612.8
1710 31932.7
1740 32247.7
1770 32557.9
1800 32863.5
1830 33164.7
1860 33461.5
1860 33461.5
