0 0
30 1334.53
60 2669.06
90 4004.21
120 5344.45
150 6696.5
180 8065.02
210 9452.04
240 10858.4
270 12283.8
300 13727
330 15187.2
360 16663.4
390 18154.6
420 19660.3
450 21179.7
480 22712.4
510 24257.7
540 25815.2
570 27384.3
600 28964.6
630 30555.5
660 32156.5
690 33767.2
720 35387.1
750 37015.9
780 38653.4
810 40299
840 41952.7
870 43614.1
900 45283
930 46959.1
960 48642.4
990 50332.7
1020 52029.8
1050 53733.5
1080 55443.8
1110 57160.5
1140 58883.3
1170 60612.1
1200 62346.8
1230 64087.2
1260 65833.2
1290 67584.7
1320 69341.5
1350 71103.4
1380 72870.5
1410 74642.4
1440 76419.1
1470 78200.5
1500 79986.5
1530 81776.9
1560 83571.7
1590 85370.7
1620 87173.7
1650 88980.8
1680 90791.8
1710 92606.6
1740 94425.1
1770 96247.2
1800 98073
1830 99902.2
1860 101735
1860 101735
