0 0
30 765.468
60 1530.77
90 2291.61
120 3038.81
150 3766.26
180 4472
210 5155.91
240 5819.16
270 6463.56
300 7090.49
330 7701.51
360 8297.55
390 8879.55
420 9448.38
450 10004.7
480 10548.9
510 11081.5
540 11603.1
570 12114
600 12614.8
630 13105.8
660 13587.5
690 14060.3
720 14524.5
750 14980.4
780 15428.5
810 15868.8
840 16301.8
870 16727.6
900 17146.4
930 17558.5
960 17964
990 18362.9
1020 18755.4
1050 19141.8
1080 19522
1110 19896.3
1140 20264.7
1170 20627.5
1200 20984.7
1230 21336.4
1260 21682.9
1290 22024.1
1320 22360.3
1350 22691.5
1380 23017.9
1410 23339.5
1440 23656.6
1470 23969.1
1500 24277.3
1530 24581.2
1560 24880.9
1590 25176.5
1620 25468.2
1650 25755.9
1680 26039.9
1710 26320.2
1740 26596.8
1770 26869.9
1800 27139.6
1830 27405.8
1860 27668.8
1860 27668.8
