0 0
30 765.468
60 1530.94
90 2296.4
120 3061.87
150 3827.34
180 4592.81
210 5358.28
240 6123.74
270 6889.21
300 7654.68
330 8420.13
360 9185.51
390 9950.69
420 10715.4
450 11479.1
480 12241.1
510 13000.3
540 13755.8
570 14506.1
600 15250.2
630 15986.9
660 16715.2
690 17434.3
720 18143.3
750 18841.8
780 19529.3
810 20205.3
840 20869.8
870 21522.5
900 22163.5
930 22792.8
960 23410.6
990 24016.8
1020 24611.8
1050 25195.7
1080 25768.8
1110 26331.5
1140 26883.8
1170 27426.2
1200 27958.8
1230 28481.9
1260 28995.9
1290 29500.9
1320 29997.2
1350 30485
1380 30964.7
1410 31436.4
1440 31900.4
1470 32356.9
1500 32806.2
1530 33248.3
1560 33683.5
1590 34112
1620 34533.8
1650 34949.3
1680 35358.6
1710 35761.9
1740 36159.3
1770 36551
1800 36937.1
1830 37317.8
1860 37693.3
1860 37693.3
