0 0
30 765.468
60 1530.94
90 2296.4
120 3061.87
150 3827.33
180 4592.65
210 5356.96
240 6118.38
270 6874.5
300 7623.25
330 8362.92
360 9092.33
390 9810.64
420 10517.1
450 11211.5
480 11893.8
510 12563.9
540 13222.1
570 13868.3
600 14502.9
630 15125.9
660 15737.6
690 16338.3
720 16928.2
750 17507.4
780 18076.2
810 18634.8
840 19183.4
870 19722.3
900 20251.5
930 20771.3
960 21282
990 21783.6
1020 22276.5
1050 22760.8
1080 23236.7
1110 23704.5
1140 24164.2
1170 24616.2
1200 25060.6
1230 25497.7
1260 25927.5
1290 26350.5
1320 26766.7
1350 27176.4
1380 27579.7
1410 27976.8
1440 28367.9
1470 28753.1
1500 29132.5
1530 29506.4
1560 29875
1590 30238.2
1620 30596.3
1650 30949.4
1680 31297.7
1710 31641.3
1740 31980.3
1770 32314.8
1800 32645
1830 32970.8
1860 33292.5
1860 33292.5
