0 0
30 1334.53
60 2669.06
90 4003.6
120 5338.13
150 6672.68
180 8007.41
210 9342.94
240 10680.5
270 12022
300 13369.3
330 14724.5
360 16089.4
390 17465.7
420 18854.4
450 20256.5
480 21672.5
510 23102.8
540 24547.8
570 26007.6
600 27482.1
630 28971.3
660 30475
690 31992.8
720 33524.2
750 35069.1
780 36626.8
810 38197.1
840 39779.5
870 41373.6
900 42978.8
930 44594.8
960 46221.3
990 47857.8
1020 49504
1050 51159.6
1080 52824.2
1110 54497.5
1140 56179.1
1170 57868.9
1200 59566.5
1230 61271.7
1260 62984.1
1290 64703.6
1320 66429.9
1350 68162.7
1380 69902
1410 71647.3
1440 73398.6
1470 75155.6
1500 76918.3
1530 78686.4
1560 80459.7
1590 82238.2
1620 84021.6
1650 85809.8
1680 87602.7
1710 89400.1
1740 91202
1770 93008.1
1800 94818.4
1830 96632.7
1860 98451
1860 98451
