0 0
30 765.468
60 1530.94
90 2296.4
120 3061.87
150 3827.34
180 4592.81
210 5358.28
240 6123.74
270 6889.19
300 7654.53
330 8419.52
360 9183.69
390 9946.26
420 10706.2
450 11462.1
480 12212.5
510 12955.8
540 13690.4
570 14415
600 15128.7
630 15830.6
660 16520.1
690 17196.9
720 17860.7
750 18511.8
780 19150.1
810 19775.8
840 20389
870 20990
900 21579.2
930 22156.8
960 22723.1
990 23278.7
1020 23823.6
1050 24358.4
1080 24883.3
1110 25398.7
1140 25904.7
1170 26401.8
1200 26890.1
1230 27370.1
1260 27841.9
1290 28305.8
1320 28762
1350 29210.8
1380 29652.5
1410 30087.1
1440 30515
1470 30936.3
1500 31351.1
1530 31759.7
1560 32162.3
1590 32558.9
1620 32949.8
1650 33335.2
1680 33715.1
1710 34089.7
1740 34459.2
1770 34823.7
1800 35183.3
1830 35538.2
1860 35888.5
1860 35888.5
