0 0
30 1334.53
60 2669.06
90 4003.6
120 5338.13
150 6672.66
180 8007.19
210 9341.77
240 10676.7
270 12013
300 13352.5
330 14697.5
360 16050.3
390 17412.7
420 18786.1
450 20171.4
480 21569.1
510 22979.4
540 24402.2
570 25837.5
600 27285.1
630 28744.7
660 30216.2
690 31699.4
720 33194
750 34699.9
780 36217.1
810 37745.3
840 39284.5
870 40834.3
900 42394.7
930 43965.5
960 45546.5
990 47137.5
1020 48738.1
1050 50348.2
1080 51967.5
1110 53595.7
1140 55232.6
1170 56877.9
1200 58531.3
1230 60192.6
1260 61861.5
1290 63537.9
1320 65221.5
1350 66912.1
1380 68609.6
1410 70313.6
1440 72024.1
1470 73740.9
1500 75463.8
1530 77192.6
1560 78927.1
1590 80667.2
1620 82412.7
1650 84163.6
1680 85919.5
1710 87680.4
1740 89446.2
1770 91216.7
1800 92991.8
1830 94771.3
1860 96555.3
1860 96555.3
