0 0
30 1334.53
60 2669.06
90 4003.6
120 5338.13
150 6672.66
180 8007.19
210 9341.72
240 10676.3
270 12010.9
300 13346
330 14682.1
360 16020.5
390 17362.3
420 18708.9
450 20061.2
480 21420.1
510 22786.3
540 24160.2
570 25542.4
600 26933.1
630 28332.6
660 29741.7
690 31160.6
720 32590.1
750 34030.5
780 35482.2
810 36945.3
840 38420
870 39906.3
900 41404.2
930 42913.6
960 44434.4
990 45966.4
1020 47509.3
1050 49062.9
1080 50626.8
1110 52201
1140 53784.9
1170 55378.4
1200 56981.2
1230 58593.2
1260 60214.1
1290 61843.4
1320 63481
1350 65126.7
1380 66780.2
1410 68441.3
1440 70109.6
1470 71785.2
1500 73467.5
1530 75156.6
1560 76852.1
1590 78553.9
1620 80261.9
1650 81975.9
1680 83695.7
1710 85421.1
1740 87152.1
1770 88888.4
1800 90629.9
1830 92376.5
1860 94128
1860 94128
