0 0
30 1334.53
60 2669.06
90 4003.6
120 5338.13
150 6672.66
180 8007.23
210 9342.14
240 10678.3
270 12017.4
300 13361.8
330 14714
360 16076
390 17449.8
420 18836.6
450 20237.2
480 21652.5
510 23082.6
540 24527.8
570 25988.1
600 27463.2
630 28952.7
660 30456.4
690 31973.7
720 33504.3
750 35047.8
780 36603.7
810 38171.8
840 39751.4
870 41342.2
900 42943.8
930 44555.8
960 46177.8
990 47809.5
1020 49450.4
1050 51100.3
1080 52758.8
1110 54425.6
1140 56100.4
1170 57783
1200 59472.9
1230 61170.1
1260 62874.1
1290 64584.8
1320 66302.1
1350 68025.7
1380 69755.4
1410 71491
1440 73232.3
1470 74979.2
1500 76731.5
1530 78488.9
1560 80251.4
1590 82018.8
1620 83791
1650 85567.7
1680 87349
1710 89134.6
1740 90924.4
1770 92718.5
1800 94516.5
1830 96318.4
1860 98124.2
1860 98124.2
