0 0
30 765.468
60 1530.94
90 2296.4
120 3061.87
150 3827.34
180 4592.81
210 5358.28
240 6123.74
270 6889.17
300 7654.38
330 8418.82
360 9181.47
390 9940.88
420 10695.4
450 11443.5
480 12183.9
510 12915.6
540 13637.9
570 14350.3
600 15052.6
630 15744.8
660 16426.4
690 17097.7
720 17758.7
750 18409.5
780 19050.2
810 19680.7
840 20301.2
870 20911.5
900 21511.7
930 22101.9
960 22682
990 23252.4
1020 23813
1050 24364
1080 24905.6
1110 25437.9
1140 25961
1170 26475.1
1200 26980.5
1230 27477.4
1260 27965.9
1290 28446.3
1320 28918.7
1350 29383.3
1380 29840.4
1410 30290
1440 30732.4
1470 31167.9
1500 31596.6
1530 32018.7
1560 32434.3
1590 32843.6
1620 33246.7
1650 33643.9
1680 34035.3
1710 34421
1740 34801.2
1770 35176
1800 35545.6
1830 35910.1
1860 36269.6
1860 36269.6
