0 0
30 1334.53
60 2669.06
90 4003.6
120 5338.13
150 6672.66
180 8007.19
210 9341.78
240 10676.8
270 12013
300 13351.9
330 14695.2
360 16044.3
390 17400.1
420 18763.6
450 20135.3
480 21515.7
510 22905.6
540 24305.4
570 25715.8
600 27137.5
630 28571.1
660 30017
690 31475.4
720 32946.6
750 34430.7
780 35927.5
810 37437.1
840 38959.3
870 40493.9
900 42040.4
930 43598.7
960 45168.4
990 46749.2
1020 48340.8
1050 49942.8
1080 51554.8
1110 53176.6
1140 54807.7
1170 56447.9
1200 58096.8
1230 59754.2
1260 61419.9
1290 63093.4
1320 64774.6
1350 66463.3
1380 68159.2
1410 69862.1
1440 71571.8
1470 73288.1
1500 75010.8
1530 76739.7
1560 78474.6
1590 80215.4
1620 81961.9
1650 83713.9
1680 85471.2
1710 87233.8
1740 89001.5
1770 90774.1
1800 92551.4
1830 94333.4
1860 96120
1860 96120
