0 0
30 1334.53
60 2669.06
90 4003.6
120 5338.13
150 6672.67
180 8007.45
210 9343.51
240 10682.7
270 12027.2
300 13378.8
330 14738.4
360 16106.8
390 17484.1
420 18870.3
450 20265.5
480 21669.6
510 23082.5
540 24504.2
570 25934.8
600 27374
630 28822.1
660 30279.1
690 31745
720 33220.1
750 34704.4
780 36198.1
810 37701.3
840 39214.2
870 40736.6
900 42268.7
930 43810.5
960 45362
990 46923
1020 48493.5
1050 50073.2
1080 51662.1
1110 53260
1140 54866.8
1170 56482.1
1200 58105.9
1230 59737.9
1260 61378
1290 63025.8
1320 64681.4
1350 66344.3
1380 68014.4
1410 69691.6
1440 71375.6
1470 73066.2
1500 74763.4
1530 76466.8
1560 78176.3
1590 79891.8
1620 81613.2
1650 83340.2
1680 85072.8
1710 86810.8
1740 88554
1770 90302.3
1800 92055.7
1830 93814
1860 95577
1860 95577
