0 0
30 765.468
60 1530.94
90 2296.4
120 3061.87
150 3827.34
180 4592.81
210 5358.27
240 6123.64
270 6888.47
300 7651.66
330 8411.37
360 9165.44
390 9911.85
420 10649
450 11375.9
480 12091.6
510 12795.8
540 13488.3
570 14169
600 14838.2
630 15495.8
660 16141.8
690 16776.5
720 17400.1
750 18012.6
780 18614.3
810 19205.2
840 19785.6
870 20355.8
900 20916
930 21466.2
960 22006.9
990 22538.1
1020 23060
1050 23572.9
1080 24076.9
1110 24572.2
1140 25058.9
1170 25537.4
1200 26007.7
1230 26470.1
1260 26924.9
1290 27372.1
1320 27812
1350 28244.8
1380 28670.6
1410 29089.7
1440 29502.2
1470 29908.3
1500 30308.2
1530 30702.1
1560 31090.1
1590 31472.3
1620 31848.9
1650 32220
1680 32585.9
1710 32946.5
1740 33302.1
1770 33652.8
1800 33998.7
1830 34339.9
1860 34676.6
1860 34676.6
