0 0
30 1334.53
60 2669.06
90 4003.6
120 5338.13
150 6672.81
180 8008.36
210 9346.34
240 10688.8
270 12038.4
300 13397.8
330 14769.8
360 16156.6
390 17559.9
420 18980.6
450 20419.4
480 21876.2
510 23351.1
540 24843.5
570 26352.8
600 27878.7
630 29420.5
660 30977.6
690 32549.6
720 34135.6
750 35735.1
780 37347.5
810 38972
840 40608.1
870 42255.4
900 43913.5
930 45581.8
960 47260
990 48947.7
1020 50644.4
1050 52349.9
1080 54063.7
1110 55785.4
1140 57514.9
1170 59251.8
1200 60995.8
1230 62746.6
1260 64504
1290 66267.8
1320 68037.7
1350 69813.5
1380 71595.1
1410 73382.1
1440 75174.6
1470 76972.1
1500 78774.7
1530 80582.2
1560 82394.3
1590 84210.9
1620 86032
1650 87857.4
1680 89687
1710 91520.6
1740 93358.1
1770 95199.5
1800 97044.6
1830 98893.2
1860 100745
1860 100745
