0 0
30 765.468
60 1530.94
90 2296.4
120 3061.87
150 3827.34
180 4592.81
210 5358.28
240 6123.74
270 6889.21
300 7654.67
330 8420.09
360 9185.35
390 9950.19
420 10714.1
450 11476.3
480 12235.7
510 12991
540 13740.9
570 14484
600 15219.1
630 15945
660 16660.7
690 17365.7
720 18059.2
750 18741.1
780 19411.1
810 20069
840 20714.9
870 21348.8
900 21970.7
930 22581
960 23180
990 23767.7
1020 24344.6
1050 24911
1080 25467
1110 26013.1
1140 26549.4
1170 27076.3
1200 27593.9
1230 28102.6
1260 28602.7
1290 29094.4
1320 29578.1
1350 30053.8
1380 30521.9
1410 30982.5
1440 31436
1470 31882.4
1500 32322
1530 32755
1560 33181.5
1590 33601.8
1620 34016
1650 34424.3
1680 34826.9
1710 35223.9
1740 35615.4
1770 36001.5
1800 36382.6
1830 36758.5
1860 37129.6
1860 37129.6
