0 0
30 1334.53
60 2669.06
90 4003.6
120 5338.13
150 6672.66
180 8007.19
210 9341.72
240 10676.3
270 12010.8
300 13345.5
330 14680.5
360 16016.3
390 17353.7
420 18693.8
450 20037.9
480 21387.5
510 22744.2
540 24109.6
570 25485
600 26871.3
630 28269.4
660 29679.9
690 31103.1
720 32539.3
750 33988.2
780 35449.9
810 36924.2
840 38411
870 39910
900 41420.8
930 42943.2
960 44476.9
990 46021.4
1020 47576.4
1050 49141.6
1080 50716.7
1110 52301.3
1140 53895.3
1170 55498.2
1200 57109.9
1230 58729.9
1260 60358.1
1290 61994.2
1320 63638
1350 65289.2
1380 66947.5
1410 68612.9
1440 70285
1470 71963.7
1500 73648.9
1530 75340.3
1560 77037.7
1590 78741.1
1620 80450.2
1650 82164.8
1680 83884.9
1710 85610.3
1740 87340.8
1770 89076.3
1800 90816.7
1830 92561.8
1860 94311.5
1860 94311.5
