0 0
30 765.468
60 1530.94
90 2296.4
120 3061.87
150 3827.34
180 4592.81
210 5358.28
240 6123.74
270 6889.21
300 7654.64
330 8419.86
360 9184.44
390 9947.53
420 10707.9
450 11464.2
480 12214.9
510 12958.5
540 13693.5
570 14418.7
600 15133.1
630 15835.8
660 16526.1
690 17203.5
720 17867.6
750 18518.3
780 19155.5
810 19779.2
840 20389.9
870 20987.6
900 21572.5
930 22145
960 22705.4
990 23254.1
1020 23791.4
1050 24317.7
1080 24833.5
1110 25339
1140 25834.7
1170 26320.8
1200 26797.7
1230 27265.6
1260 27724.7
1290 28175.5
1320 28618.1
1350 29052.8
1380 29479.9
1410 29899.5
1440 30311.9
1470 30717.3
1500 31115.9
1530 31507.9
1560 31893.5
1590 32272.9
1620 32646.2
1650 33013.6
1680 33375.3
1710 33731.5
1740 34082.3
1770 34427.9
1800 34768.3
1830 35103.8
1860 35434.4
1860 35434.4
