0 0
30 765.468
60 1530.94
90 2296.4
120 3061.87
150 3827.34
180 4592.81
210 5358.24
240 6123.4
270 6887.52
300 7649.19
330 8406.59
360 9157.78
390 9900.99
420 10634.8
450 11358.3
480 12070.8
510 12771.7
540 13461.1
570 14138.6
600 14804.2
630 15458
660 16099.8
690 16729.6
720 17347.7
750 17953.9
780 18548.4
810 19131.3
840 19702.8
870 20262.9
900 20811.8
930 21349.8
960 21877.1
990 22394
1020 22900.8
1050 23397.6
1080 23884.7
1110 24362.4
1140 24830.9
1170 25290.6
1200 25741.8
1230 26184.7
1260 26619.5
1290 27046.6
1320 27466.1
1350 27878.2
1380 28283.2
1410 28681.3
1440 29072.7
1470 29457.5
1500 29836.1
1530 30208.5
1560 30574.9
1590 30935.6
1620 31290.8
1650 31640.4
1680 31984.8
1710 32324
1740 32658.2
1770 32987.6
1800 33312.2
1830 33632.1
1860 33947.6
1860 33947.6
