0 0
30 1334.53
60 2669.06
90 4003.6
120 5338.13
150 6672.66
180 8007.32
210 9342.82
240 10680.9
270 12023.9
300 13374
330 14732.5
360 16100.2
390 17477.2
420 18864
450 20260.6
480 21667.3
510 23084.3
540 24511.3
570 25948.4
600 27395.3
630 28852
660 30318.2
690 31793.8
720 33278.9
750 34773.3
780 36276.9
810 37789.9
840 39312
870 40843.4
900 42384.1
930 43934
960 45493.1
990 47061.4
1020 48638.7
1050 50224.9
1080 51819.9
1110 53423.6
1140 55035.6
1170 56655.9
1200 58284.3
1230 59920.7
1260 61564.8
1290 63216.6
1320 64875.7
1350 66542.1
1380 68215.5
1410 69895.7
1440 71582.6
1470 73276.1
1500 74975.9
1530 76681.9
1560 78394
1590 80111.9
1620 81835.5
1650 83564.6
1680 85299.2
1710 87039.1
1740 88784.1
1770 90534.1
1800 92289
1830 94048.7
1860 95813.1
1860 95813.1
