0 0
30 1334.53
60 2669.06
90 4003.6
120 5338.13
150 6672.66
180 8007.19
210 9341.72
240 10676.3
270 12010.8
300 13345.3
330 14679.9
360 16014.5
390 17349.4
420 18684.8
450 20021.4
480 21360
510 22701.7
540 24047.8
570 25399.5
600 26758.2
630 28125.3
660 29501.9
690 30889
720 32287.3
750 33697.2
780 35119.2
810 36553.3
840 37999.8
870 39458.6
900 40929.6
930 42412.6
960 43907.5
990 45413.8
1020 46931.4
1050 48459.8
1080 49999
1110 51548.4
1140 53107.9
1170 54677.1
1200 56255.7
1230 57843.5
1260 59440.2
1290 61045.5
1320 62659.2
1350 64280.9
1380 65910.5
1410 67547.7
1440 69192.2
1470 70843.8
1500 72502.5
1530 74167.8
1560 75839.8
1590 77518.1
1620 79202.6
1650 80893
1680 82589.4
1710 84291.4
1740 85999
1770 87712
1800 89430.3
1830 91153.7
1860 92882.1
1860 92882.1
