0 0
30 765.468
60 1530.94
90 2296.4
120 3061.87
150 3827.34
180 4592.81
210 5358.28
240 6123.74
270 6889.18
300 7654.51
330 8419.46
360 9183.51
390 9945.77
420 10705
450 11459.6
480 12207.8
510 12947.9
540 13678.3
570 14397.5
600 15104.4
630 15798.3
660 16478.6
690 17145
720 17797.3
750 18435.4
780 19059.5
810 19669.7
840 20266.6
870 20850.3
900 21421.2
930 21979.6
960 22525.9
990 23060.5
1020 23583.7
1050 24096.1
1080 24597.9
1110 25089.6
1140 25571.4
1170 26043.7
1200 26506.7
1230 26960.8
1260 27406.3
1290 27843.5
1320 28272.5
1350 28693.8
1380 29107.6
1410 29514.1
1440 29913.4
1470 30305.9
1500 30691.6
1530 31070.9
1560 31444
1590 31810.9
1620 32172
1650 32527.3
1680 32877.1
1710 33221.5
1740 33560.7
1770 33894.8
1800 34223.9
1830 34548.2
1860 34867.7
1860 34867.7
