0 0
30 1334.53
60 2669.06
90 4003.6
120 5338.13
150 6672.66
180 8007.19
210 9341.73
240 10676.3
270 12011.3
300 13347.5
330 14686.2
360 16029.6
390 17380.4
420 18741.2
450 20114.2
480 21501.3
510 22903.7
540 24322.2
570 25757.2
600 27208.9
630 28677.3
660 30162.3
690 31663.4
720 33180.2
750 34712.2
780 36258.8
810 37819.6
840 39394.1
870 40981.6
900 42581.6
930 44193.7
960 45817.2
990 47451.8
1020 49097.1
1050 50752.5
1080 52417.7
1110 54092.3
1140 55776
1170 57468.5
1200 59169.2
1230 60878
1260 62594.5
1290 64318.5
1320 66049.7
1350 67787.8
1380 69532.6
1410 71283.9
1440 73041.4
1470 74804.9
1500 76574.3
1530 78349.3
1560 80129.8
1590 81915.5
1620 83706.5
1650 85502.4
1680 87303.2
1710 89108.7
1740 90918.8
1770 92733.3
1800 94552.2
1830 96375.2
1860 98202.3
1860 98202.3
