0 0
30 765.468
60 1530.94
90 2296.4
120 3061.87
150 3827.34
180 4592.81
210 5358.28
240 6123.74
270 6889.21
300 7654.67
330 8420.09
360 9185.33
390 9950.12
420 10714
450 11476.1
480 12235.4
510 12990.7
540 13740.7
570 14483.8
600 15218.8
630 15944.3
660 16659.3
690 17362.8
720 18054.2
750 18733.1
780 19399.3
810 20052.6
840 20693
870 21320.7
900 21935.9
930 22538.7
960 23129.7
990 23708.8
1020 24276.5
1050 24833.1
1080 25379
1110 25914.5
1140 26439.9
1170 26955.6
1200 27461.8
1230 27958.9
1260 28447.1
1290 28926.8
1320 29398.2
1350 29861.5
1380 30317.1
1410 30765.2
1440 31205.9
1470 31639.6
1500 32066.5
1530 32486.8
1560 32900.6
1590 33308.2
1620 33709.7
1650 34105.4
1680 34495.3
1710 34879.7
1740 35258.6
1770 35632.3
1800 36000.8
1830 36364.4
1860 36723.1
1860 36723.1
