0 0
30 1334.53
60 2669.06
90 4003.6
120 5338.13
150 6672.66
180 8007.19
210 9341.72
240 10676.3
270 12011
300 13346.3
330 14682.9
360 16021.5
390 17363.4
420 18709.5
450 20060.7
480 21417.7
510 22781.4
540 24152
570 25530
600 26915.7
630 28309.2
660 29710.6
690 31120.1
720 32537.7
750 33963.6
780 35397.8
810 36840.5
840 38291.6
870 39751.1
900 41219.2
930 42695.8
960 44181
990 45674.7
1020 47176.9
1050 48687.4
1080 50206.3
1110 51733.5
1140 53268.8
1170 54812.2
1200 56363.6
1230 57922.7
1260 59489.5
1290 61063.7
1320 62645.3
1350 64234.1
1380 65829.9
1410 67432.6
1440 69042
1470 70658
1500 72280.5
1530 73909.2
1560 75544.1
1590 77184.9
1620 78831.6
1650 80484.1
1680 82142.2
1710 83805.7
1740 85474.6
1770 87148.7
1800 88827.8
1830 90512
1860 92201
1860 92201
