0 0
30 765.468
60 1530.94
90 2296.4
120 3061.87
150 3827.34
180 4592.81
210 5358.28
240 6123.74
270 6889.21
300 7654.68
330 8420.12
360 9185.5
390 9950.63
420 10715.2
450 11478.6
480 12240
510 12998.3
540 13752.2
570 14500.5
600 15241.8
630 15974.7
660 16698.1
690 17411
720 18112.7
750 18802.8
780 19480.8
810 20146.7
840 20800.2
870 21441.4
900 22070.4
930 22687.3
960 23292.5
990 23886.2
1020 24468.6
1050 25040.2
1080 25601
1110 26151.6
1140 26692.1
1170 27222.9
1200 27744.3
1230 28256.5
1260 28759.8
1290 29254.5
1320 29740.8
1350 30219.1
1380 30689.5
1410 31152.3
1440 31607.8
1470 32056.2
1500 32497.5
1530 32932.2
1560 33360.2
1590 33781.9
1620 34197.4
1650 34607
1680 35010.6
1710 35408.6
1740 35801
1770 36188
1800 36569.7
1830 36946.3
1860 37317.9
1860 37317.9
