0 0
30 1334.53
60 2669.06
90 4003.6
120 5338.13
150 6672.66
180 8007.2
210 9341.79
240 10676.7
270 12012.4
300 13349.9
330 14690.4
360 16035.1
390 17385.5
420 18743.2
450 20109.8
480 21486.8
510 22875.6
540 24277.3
570 25692.5
600 27121.7
630 28565.2
660 30023
690 31495.1
720 32981.2
750 34481
780 35994.1
810 37520
840 39058.4
870 40608.8
900 42171
930 43744.4
960 45328.5
990 46923.2
1020 48527.9
1050 50142.4
1080 51766.2
1110 53399.1
1140 55040.6
1170 56690.5
1200 58348.6
1230 60014.6
1260 61688.2
1290 63369.2
1320 65057.2
1350 66752.2
1380 68453.8
1410 70161.9
1440 71876.2
1470 73596.5
1500 75322.7
1530 77054.6
1560 78792
1590 80534.8
1620 82282.8
1650 84035.9
1680 85794
1710 87556.8
1740 89324.3
1770 91096.4
1800 92872.9
1830 94653.6
1860 96438.6
1860 96438.6
