0 0
30 765.468
60 1530.94
90 2296.4
120 3061.87
150 3827.34
180 4592.8
210 5358.19
240 6123.23
270 6887.26
300 7649.16
330 8407.47
360 9160.6
390 9906.92
420 10645.1
450 11373.7
480 12091.8
510 12798.9
540 13494.3
570 14177.8
600 14849.1
630 15508.1
660 16154.8
690 16789.1
720 17411
750 18020.7
780 18618.2
810 19203.7
840 19777.5
870 20339.8
900 20891
930 21431.2
960 21960.9
990 22480.3
1020 22989.8
1050 23489.6
1080 23980.1
1110 24461.5
1140 24934.2
1170 25398.3
1200 25854.2
1230 26302.1
1260 26742.2
1290 27174.8
1320 27600.1
1350 28018.3
1380 28429.8
1410 28834.6
1440 29233
1470 29625.2
1500 30011.4
1530 30391.7
1560 30766.2
1590 31135.3
1620 31498.9
1650 31857.4
1680 32210.7
1710 32559.1
1740 32902.7
1770 33241.6
1800 33576
1830 33905.9
1860 34231.5
1860 34231.5
