0 0
30 1334.53
60 2669.06
90 4003.6
120 5338.13
150 6672.67
180 8007.46
210 9343.73
240 10684.2
270 12032.3
300 13391.4
330 14764
360 16151.8
390 17555.5
420 18975.6
450 20411.7
480 21863.4
510 23330.2
540 24811.7
570 26307.1
600 27815.6
630 29336.7
660 30869.9
690 32414.8
720 33970.9
750 35538
780 37115.7
810 38703.6
840 40301.5
870 41908.9
900 43525.7
930 45151.6
960 46786.2
990 48429.3
1020 50080.8
1050 51740.4
1080 53407.9
1110 55083
1140 56765.7
1170 58455.6
1200 60152.5
1230 61856.3
1260 63566.7
1290 65283.7
1320 67007
1350 68736.4
1380 70471.7
1410 72212.8
1440 73959.5
1470 75711.7
1500 77469.2
1530 79231.8
1560 80999.6
1590 82772.2
1620 84549.6
1650 86331.6
1680 88118.2
1710 89909.1
1740 91704.3
1770 93503.7
1800 95307.2
1830 97114.6
1860 98926
1860 98926
