0 0
30 765.468
60 1530.94
90 2296.4
120 3061.7
150 3825.17
180 4582.69
210 5329.94
240 6064.15
270 6784.03
300 7489.21
330 8179.72
360 8855.56
390 9516.6
420 10162.4
450 10792.8
480 11407.7
510 12007.2
540 12591.5
570 13161
600 13715.9
630 14256.7
660 14783.8
690 15297.5
720 15798.3
750 16286.9
780 16763.6
810 17229
840 17683.4
870 18127.4
900 18561.3
930 18985.6
960 19400.5
990 19806.5
1020 20203.9
1050 20593
1080 20974.2
1110 21347.8
1140 21714
1170 22073.2
1200 22425.5
1230 22771.3
1260 23110.7
1290 23444.1
1320 23771.5
1350 24093.1
1380 24409.3
1410 24720.1
1440 25025.8
1470 25326.5
1500 25622.3
1530 25913.4
1560 26200
1590 26482.1
1620 26760
1650 27033.7
1680 27303.4
1710 27569.1
1740 27831.1
1770 28089.3
1800 28343.9
1830 28595
1860 28842.7
1860 28842.7
