0 0
30 1334.53
60 2669.06
90 4003.6
120 5338.13
150 6672.66
180 8007.19
210 9341.72
240 10676.3
270 12010.9
300 13345.9
330 14681.8
360 16019.9
390 17361.1
420 18706.9
450 20058.1
480 21415.6
510 22779.9
540 24151.6
570 25531.1
600 26919.1
630 28316.3
660 29723.4
690 31141.3
720 32570.6
750 34011.8
780 35465.2
810 36931
840 38409.4
870 39900.2
900 41403.5
930 42918.9
960 44446.3
990 45985.4
1020 47535.9
1050 49097.8
1080 50670.5
1110 52253.8
1140 53847.2
1170 55450.6
1200 57063.5
1230 58685.6
1260 60316.7
1290 61956.5
1320 63604.7
1350 65261
1380 66925.1
1410 68596.9
1440 70276.1
1470 71962.4
1500 73655.6
1530 75355.5
1560 77062
1590 78774.7
1620 80493.6
1650 82218.5
1680 83949.2
1710 85685.5
1740 87427.3
1770 89174.4
1800 90926.7
1830 92684
1860 94446.2
1860 94446.2
