0 0
30 765.468
60 1530.94
90 2296.4
120 3061.87
150 3827.34
180 4592.81
210 5358.27
240 6123.7
270 6888.9
300 7653.43
330 8416.43
360 9176.64
390 9932.51
420 10682.3
450 11424.4
480 12157.1
510 12879.2
540 13589.9
570 14288.1
600 14973.5
630 15645.7
660 16304.6
690 16950.2
720 17582.5
750 18201.7
780 18808.2
810 19402.1
840 19983.9
870 20553.9
900 21112.5
930 21659.8
960 22196.4
990 22722.6
1020 23238.8
1050 23745.2
1080 24242.2
1110 24730
1140 25209
1170 25679.5
1200 26141.8
1230 26596
1260 27042.6
1290 27481.7
1320 27913.7
1350 28338.6
1380 28756.8
1410 29168.3
1440 29573.5
1470 29972.4
1500 30365.4
1530 30752.5
1560 31133.9
1590 31509.9
1620 31880.5
1650 32246
1680 32606.4
1710 32961.9
1740 33312.7
1770 33658.8
1800 34000.4
1830 34337.5
1860 34670.4
1860 34670.4
