0 0
30 765.468
60 1530.94
90 2296.4
120 3061.87
150 3827.34
180 4592.81
210 5358.27
240 6123.69
270 6888.84
300 7653.09
330 8415.38
360 9174.38
390 9928.66
420 10676.9
450 11417.8
480 12150.4
510 12874.1
540 13588.3
570 14292.6
600 14986.9
630 15671.1
660 16345.3
690 17009.3
720 17663.2
750 18307
780 18940.6
810 19564.2
840 20177.6
870 20781.1
900 21374.6
930 21958.3
960 22532
990 23096
1020 23650.3
1050 24195.2
1080 24730.7
1110 25257
1140 25774.4
1170 26283
1200 26782.9
1230 27274.4
1260 27757.6
1290 28232.7
1320 28700
1350 29159.6
1380 29611.6
1410 30056.4
1440 30494.1
1470 30925
1500 31349.1
1530 31766.8
1560 32178.1
1590 32583.1
1620 32982.1
1650 33375.2
1680 33762.5
1710 34144.2
1740 34520.5
1770 34891.5
1800 35257.4
1830 35618.2
1860 35974.1
1860 35974.1
