0 0
30 765.468
60 1530.94
90 2296.4
120 3061.87
150 3827.34
180 4592.81
210 5358.24
240 6123.5
270 6888.18
300 7651.57
330 8412.72
360 9170.52
390 9923.78
420 10671.3
450 11411.9
480 12144.4
510 12868
540 13582
570 14285.6
600 14978.4
630 15660
660 16330.3
690 16989.2
720 17636.7
750 18272.7
780 18897.4
810 19510.8
840 20113.1
870 20704.4
900 21284.9
930 21854.8
960 22414.4
990 22963.9
1020 23503.5
1050 24033.6
1080 24554.2
1110 25065.6
1140 25568
1170 26061.8
1200 26547
1230 27024.2
1260 27493.4
1290 27954.9
1320 28408.9
1350 28855.6
1380 29295.4
1410 29728.3
1440 30154.5
1470 30574.3
1500 30987.7
1530 31395.2
1560 31796.6
1590 32192.4
1620 32582.4
1650 32967
1680 33346.3
1710 33720.4
1740 34089.4
1770 34453.5
1800 34812.8
1830 35167.5
1860 35517.6
1860 35517.6
