0 0
30 1334.53
60 2669.06
90 4003.6
120 5338.13
150 6672.66
180 8007.19
210 9341.72
240 10676.3
270 12010.9
300 13345.8
330 14681.6
360 16019.5
390 17360.8
420 18707
450 20059.3
480 21418.9
510 22786.5
540 24162.8
570 25548.3
600 26943.2
630 28348
660 29763
690 31188.3
720 32624.2
750 34070.8
780 35528.3
810 36996.8
840 38476.4
870 39967
900 41468.6
930 42981
960 44504
990 46037.6
1020 47581.3
1050 49135.2
1080 50698.9
1110 52272.1
1140 53854.6
1170 55446.2
1200 57046.7
1230 58655.8
1260 60273.3
1290 61898.8
1320 63532.3
1350 65173.4
1380 66821.9
1410 68477.7
1440 70140.5
1470 71810.1
1500 73486.5
1530 75169.3
1560 76858.6
1590 78554
1620 80255.5
1650 81962.8
1680 83675.9
1710 85394.5
1740 87118.5
1770 88847.8
1800 90582.3
1830 92321.8
1860 94066.2
1860 94066.2
