0 0
30 765.468
60 1530.94
90 2296.4
120 3061.87
150 3827.34
180 4592.81
210 5358.27
240 6123.61
270 6888.41
300 7651.72
330 8412.12
360 9168.06
390 9918.05
420 10660.8
450 11395.1
480 12119.8
510 12833.9
540 13536.3
570 14226.2
600 14903
630 15566.3
660 16215.9
690 16851.7
720 17473.7
750 18081.9
780 18676.5
810 19258.1
840 19826.7
870 20382.8
900 20926.7
930 21458.9
960 21979.7
990 22489.5
1020 22988.8
1050 23477.9
1080 23957.1
1110 24426.7
1140 24887.1
1170 25338.6
1200 25781.5
1230 26216.2
1260 26642.8
1290 27061.7
1320 27473
1350 27877
1380 28273.9
1410 28664
1440 29047.5
1470 29424.7
1500 29795.6
1530 30160.5
1560 30519.5
1590 30872.9
1620 31220.8
1650 31563.3
1680 31900.6
1710 32232.8
1740 32560.2
1770 32882.7
1800 33200.6
1830 33514
1860 33822.9
1860 33822.9
