0 0
30 765.468
60 1530.94
90 2296.4
120 3061.87
150 3827.34
180 4592.81
210 5358.27
240 6123.6
270 6888.24
300 7650.93
330 8409.75
360 9162.58
390 9907.55
420 10643.3
450 11368.8
480 12083.4
510 12786.7
540 13478.9
570 14160
600 14830.2
630 15489.7
660 16138.5
690 16776.8
720 17404.7
750 18022.2
780 18629.4
810 19226.3
840 19812.9
870 20389.2
900 20955.3
930 21511.2
960 22056.9
990 22592.8
1020 23118.9
1050 23635.4
1080 24142.6
1110 24640.6
1140 25129.7
1170 25610.1
1200 26082.1
1230 26545.9
1260 27001.6
1290 27449.6
1320 27890.1
1350 28323.3
1380 28749.3
1410 29168.4
1440 29580.7
1470 29986.6
1500 30386
1530 30779.3
1560 31166.6
1590 31548
1620 31923.7
1650 32293.9
1680 32658.7
1710 33018.3
1740 33372.8
1770 33722.4
1800 34067.1
1830 34407
1860 34742.5
1860 34742.5
