0 0
30 765.468
60 1530.94
90 2296.4
120 3061.87
150 3827.34
180 4592.81
210 5358.28
240 6123.74
270 6889.21
300 7654.66
330 8420.02
360 9185.1
390 9949.45
420 10712.3
450 11472.2
480 12227.5
510 12976.2
540 13716.1
570 14445.5
600 15162.9
630 15867.2
660 16557.6
690 17233.4
720 17894.5
750 18541
780 19172.9
810 19790.5
840 20394.3
870 20984.4
900 21561.1
930 22125
960 22676.4
990 23215.7
1020 23743.4
1050 24259.9
1080 24765.5
1110 25260.7
1140 25745.8
1170 26221.2
1200 26687.1
1230 27144.1
1260 27592.3
1290 28032
1320 28463.5
1350 28887.1
1380 29303
1410 29711.4
1440 30112.6
1470 30506.8
1500 30894.3
1530 31275.2
1560 31649.8
1590 32018.2
1620 32380.6
1650 32737.2
1680 33088.2
1710 33433.8
1740 33773.9
1770 34108.9
1800 34438.9
1830 34763.9
1860 35084.1
1860 35084.1
