0 0
30 765.468
60 1530.94
90 2296.4
120 3061.87
150 3827.34
180 4592.81
210 5358.28
240 6123.74
270 6889.21
300 7654.64
330 8419.95
360 9184.92
390 9949.16
420 10712.2
450 11473.3
480 12231.7
510 12986.6
540 13737.3
570 14483
600 15223.1
630 15957.1
660 16684.3
690 17404.4
720 18116.9
750 18821.5
780 19517.8
810 20205.6
840 20884.5
870 21554.4
900 22215.2
930 22866.7
960 23509
990 24142
1020 24765.8
1050 25380.4
1080 25985.9
1110 26582.4
1140 27169.9
1170 27748.8
1200 28319
1230 28880.9
1260 29434.5
1290 29980
1320 30517.6
1350 31047.4
1380 31569.6
1410 32084.5
1440 32592.1
1470 33092.7
1500 33586.3
1530 34073.2
1560 34553.5
1590 35027.5
1620 35495.2
1650 35956.9
1680 36412.6
1710 36862.5
1740 37306.7
1770 37745.5
1800 38178.8
1830 38606.9
1860 39029.8
1860 39029.8
