0 0
30 1334.53
60 2669.06
90 4003.6
120 5338.14
150 6672.92
180 8008.87
210 9347.76
240 10691.9
270 12043.9
300 13406.4
330 14781.9
360 16171.9
390 17577.8
420 19000.5
450 20440.3
480 21897.3
510 23371.4
540 24862.3
570 26369.6
600 27893
630 29431.8
660 30985.6
690 32553.9
720 34136.3
750 35732.2
780 37341
810 38962.2
840 40595.4
870 42240
900 43895.5
930 45561.4
960 47237.3
990 48922.8
1020 50617.5
1050 52321.1
1080 54033.2
1110 55753.4
1140 57481.5
1170 59217.1
1200 60960
1230 62709.9
1260 64466.5
1290 66229.6
1320 67999
1350 69774.4
1380 71555.7
1410 73342.6
1440 75134.9
1470 76932.6
1500 78735.4
1530 80543.2
1560 82355.7
1590 84172.9
1620 85994.6
1650 87820.7
1680 89651
1710 91485.5
1740 93324
1770 95166.4
1800 97012.6
1830 98862.5
1860 100716
1860 100716
