0 0
30 765.468
60 1530.94
90 2296.4
120 3061.87
150 3827.34
180 4592.81
210 5358.27
240 6123.67
270 6888.68
300 7652.35
330 8413.03
360 9168.6
390 9916.95
420 10656.4
450 11385.7
480 12104.1
510 12811.4
540 13507
570 14191.1
600 14864
630 15525.6
660 16176.2
690 16816
720 17444.9
750 18063.2
780 18671
810 19268.4
840 19855.5
870 20432.3
900 20999.1
930 21555.8
960 22102.6
990 22639.6
1020 23167.1
1050 23685.3
1080 24194.2
1110 24694.2
1140 25185.3
1170 25667.9
1200 26142.1
1230 26608.2
1260 27066.3
1290 27516.8
1320 27959.8
1350 28395.5
1380 28824.1
1410 29245.9
1440 29660.9
1470 30069.3
1500 30471.3
1530 30867.2
1560 31257
1590 31640.9
1620 32019
1650 32391.7
1680 32758.9
1710 33120.9
1740 33477.7
1770 33829.6
1800 34176.5
1830 34518.7
1860 34856.3
1860 34856.3
