0 0
30 765.468
60 1530.94
90 2296.4
120 3061.87
150 3827.34
180 4592.81
210 5358.27
240 6123.68
270 6888.79
300 7653.03
330 8415.41
360 9174.78
390 9929.95
420 10679.7
450 11422.7
480 12157.9
510 12883.8
540 13599
570 14302.4
600 14993.2
630 15670.5
660 16333.9
690 16983.3
720 17618.5
750 18239.6
780 18846.7
810 19440.2
840 20020.3
870 20587.2
900 21141.3
930 21683.1
960 22212.8
990 22731
1020 23238
1050 23734.2
1080 24220.1
1110 24695.9
1140 25162
1170 25618.8
1200 26066.6
1230 26505.8
1260 26936.5
1290 27359
1320 27773.8
1350 28180.9
1380 28580.8
1410 28973.5
1440 29359.2
1470 29738.3
1500 30110.9
1530 30477.2
1560 30837.4
1590 31191.7
1620 31540.3
1650 31883.4
1680 32221.1
1710 32553.5
1740 32880.7
1770 33203
1800 33520.5
1830 33833.2
1860 34141.3
1860 34141.3
