0 0
30 1334.53
60 2669.06
90 4003.6
120 5338.13
150 6672.67
180 8007.36
210 9343.05
240 10681.7
270 12025.7
300 13377.2
330 14737.7
360 16107.8
390 17487.9
420 18877.8
450 20278
480 21688.3
510 23108.7
540 24539.2
570 25979.8
600 27430.7
630 28892.1
660 30364.3
690 31847.7
720 33342.5
750 34848.8
780 36366.7
810 37896
840 39436.9
870 40989
900 42552.2
930 44126.3
960 45711.1
990 47306.3
1020 48911.6
1050 50526.8
1080 52151.4
1110 53785.3
1140 55428.2
1170 57079.8
1200 58739.8
1230 60408.1
1260 62084.3
1290 63768.3
1320 65459.7
1350 67158.3
1380 68863.9
1410 70576.2
1440 72295.1
1470 74020.3
1500 75751.7
1530 77489.1
1560 79232.3
1590 80981.1
1620 82735.4
1650 84495
1680 86259.8
1710 88029.7
1740 89804.4
1770 91583.9
1800 93368.1
1830 95156.7
1860 96949.7
1860 96949.7
