0 0
30 1334.53
60 2669.06
90 4003.6
120 5338.13
150 6672.66
180 8007.21
210 9341.88
240 10677
270 12013.4
300 13351.8
330 14693.6
360 16039.7
390 17391.3
420 18749.3
450 20114.6
480 21488.1
510 22870.4
540 24262.1
570 25663.9
600 27076.2
630 28499.4
660 29934
690 31380.3
720 32838.4
750 34308.4
780 35790.3
810 37284.2
840 38789.9
870 40307
900 41835.5
930 43375
960 44925.2
990 46486
1020 48057
1050 49637.9
1080 51228.5
1110 52828.4
1140 54437.3
1170 56055
1200 57681.2
1230 59315.6
1260 60958
1290 62608
1320 64265.7
1350 65930.6
1380 67602.5
1410 69281.4
1440 70966.9
1470 72658.9
1500 74357.1
1530 76061.5
1560 77771.8
1590 79487.8
1620 81209.5
1650 82936.5
1680 84668.9
1710 86406.4
1740 88148.8
1770 89896.2
1800 91648.2
1830 93404.9
1860 95166.1
1860 95166.1
