0 0
30 1334.53
60 2669.06
90 4003.6
120 5338.13
150 6672.66
180 8007.19
210 9341.72
240 10676.3
270 12010.8
300 13345.5
330 14681
360 16018.2
390 17359
420 18705.5
450 20059.8
480 21424
510 22799.9
540 24188.7
570 25591.5
600 27008.8
630 28441.1
660 29888.4
690 31350.5
720 32827.3
750 34318.5
780 35823.8
810 37342.7
840 38874.8
870 40419.6
900 41976.7
930 43545.7
960 45126
990 46717.3
1020 48319.3
1050 49931.7
1080 51553.9
1110 53185.6
1140 54826.6
1170 56476.5
1200 58135
1230 59801.8
1260 61476.5
1290 63158.9
1320 64848.7
1350 66545.7
1380 68249.7
1410 69960.4
1440 71677.7
1470 73401.3
1500 75131.1
1530 76866.7
1560 78608.1
1590 80355.1
1620 82107.5
1650 83865.2
1680 85628
1710 87395.8
1740 89168.4
1770 90945.8
1800 92727.7
1830 94514.1
1860 96304.9
1860 96304.9
