0 0
30 765.468
60 1530.94
90 2296.4
120 3061.87
150 3827.34
180 4592.81
210 5358.28
240 6123.73
270 6889.11
300 7654.18
330 8418.36
360 9180.54
390 9939.08
420 10691.9
450 11436.7
480 12171.4
510 12894
540 13603.2
570 14297.8
600 14977.4
630 15641.4
660 16289.7
690 16922.3
720 17539.3
750 18141.2
780 18728.4
810 19301.4
840 19860.6
870 20406.6
900 20939.8
930 21460.7
960 21969.8
990 22467.6
1020 22954.3
1050 23430.6
1080 23896.7
1110 24353
1140 24799.9
1170 25237.9
1200 25667.1
1230 26087.9
1260 26500.6
1290 26905.5
1320 27302.9
1350 27693
1380 28076
1410 28452.2
1440 28821.9
1470 29185.1
1500 29542.2
1530 29893.4
1560 30238.7
1590 30578.6
1620 30913
1650 31242.1
1680 31566.2
1710 31885.3
1740 32199.6
1770 32509.2
1800 32814.2
1830 33114.8
1860 33411
1860 33411
