0 0
30 765.468
60 1530.94
90 2296.4
120 3061.87
150 3827.34
180 4592.81
210 5358.26
240 6123.61
270 6888.51
300 7652.22
330 8413.48
360 9170.68
390 9922.1
420 10666
450 11401
480 12125.6
510 12838.9
540 13540.2
570 14228.9
600 14904.7
630 15567.5
660 16217.1
690 16853.8
720 17477.6
750 18088.8
780 18687.6
810 19274.4
840 19849.5
870 20412.9
900 20965.1
930 21506.4
960 22037.1
990 22557.5
1020 23068
1050 23568.8
1080 24060.3
1110 24542.7
1140 25016.4
1170 25481.7
1200 25938.8
1230 26388.1
1260 26829.7
1290 27264
1320 27691.2
1350 28111.4
1380 28524.9
1410 28931.8
1440 29332.5
1470 29727
1500 30115.5
1530 30498.2
1560 30875.2
1590 31246.6
1620 31612.7
1650 31973.6
1680 32329.4
1710 32680.3
1740 33026.4
1770 33367.8
1800 33704.6
1830 34037.1
1860 34365.2
1860 34365.2
