0 0
30 765.468
60 1530.94
90 2296.4
120 3061.87
150 3827.34
180 4592.79
210 5358.04
240 6122.32
270 6883.95
300 7640.56
330 8389.58
360 9128.9
390 9856.78
420 10572.2
450 11274.6
480 11963.7
510 12639.5
540 13301.9
570 13951.2
600 14587.3
630 15210.6
660 15821.2
690 16419.3
720 17005
750 17578.8
780 18140.7
810 18691.2
840 19230.5
870 19758.9
900 20276.7
930 20784.1
960 21281.4
990 21768.9
1020 22246.8
1050 22715.5
1080 23175.2
1110 23626.2
1140 24068.7
1170 24502.8
1200 24928.9
1230 25347.3
1260 25758.1
1290 26161.6
1320 26558
1350 26947.6
1380 27330.5
1410 27706.9
1440 28077
1470 28440.9
1500 28799
1530 29151.2
1560 29497.9
1590 29839.2
1620 30175.2
1650 30506.1
1680 30832.1
1710 31153.1
1740 31469.5
1770 31781.3
1800 32088.6
1830 32391.5
1860 32690.3
1860 32690.3
