0 0
30 765.468
60 1530.94
90 2296.4
120 3061.87
150 3827.34
180 4592.81
210 5358.28
240 6123.74
270 6889.12
300 7654.14
330 8418.15
360 9180.15
390 9938.88
420 10693.1
450 11441.9
480 12184.4
510 12920.1
540 13648.4
570 14368.9
600 15080.9
630 15783.7
660 16476.6
690 17158.7
720 17829.4
750 18488.2
780 19134.8
810 19769
840 20390.6
870 20999.8
900 21596.5
930 22181.1
960 22753.7
990 23314.6
1020 23864.1
1050 24402.2
1080 24929.5
1110 25446.2
1140 25952.8
1170 26449.4
1200 26936.5
1230 27414.4
1260 27883.3
1290 28343.5
1320 28795.3
1350 29239
1380 29674.9
1410 30103.1
1440 30523.9
1470 30937.6
1500 31344.4
1530 31744.5
1560 32138
1590 32525.3
1620 32906.4
1650 33281.5
1680 33650.8
1710 34014.5
1740 34372.7
1770 34725.6
1800 35073.3
1830 35416
1860 35753.8
1860 35753.8
