0 0
30 1334.53
60 2669.06
90 4003.6
120 5338.13
150 6672.66
180 8007.19
210 9341.72
240 10676.3
270 12010.9
300 13345.8
330 14681.7
360 16019.8
390 17362.1
420 18711
450 20069.1
480 21438.9
510 22822.4
540 24221.3
570 25636.7
600 27069
630 28518.6
660 29985.5
690 31469.1
720 32969.3
750 34485.5
780 36017
810 37563.5
840 39124.3
870 40698.8
900 42286.6
930 43886.9
960 45499.2
990 47123.2
1020 48758.1
1050 50403.7
1080 52059.6
1110 53725.2
1140 55400.2
1170 57084.2
1200 58777
1230 60478.1
1260 62187.2
1290 63904
1320 65628.1
1350 67359.5
1380 69097.8
1410 70842.7
1440 72594.1
1470 74351.6
1500 76115.2
1530 77884.5
1560 79659.4
1590 81439.9
1620 83225.6
1650 85016.5
1680 86812.3
1710 88613
1740 90418.4
1770 92228.3
1800 94042.7
1830 95861.3
1860 97684.2
1860 97684.2
