0 0
30 1334.53
60 2669.06
90 4003.6
120 5338.13
150 6672.66
180 8007.19
210 9341.72
240 10676.3
270 12010.9
300 13346
330 14682.4
360 16021.6
390 17365.3
420 18715.4
450 20073.3
480 21440.3
510 22817.3
540 24204.7
570 25602.9
600 27011.9
630 28432.2
660 29863.6
690 31306.5
720 32760.8
750 34226.5
780 35703.5
810 37191.9
840 38691.3
870 40201.7
900 41723
930 43254.8
960 44796.8
990 46348.9
1020 47911
1050 49482.6
1080 51063.7
1110 52654
1140 54253.3
1170 55861.4
1200 57478
1230 59102.9
1260 60735.8
1290 62376.7
1320 64025.2
1350 65681.2
1380 67344.4
1410 69014.7
1440 70691.9
1470 72375.7
1500 74066.1
1530 75762.8
1560 77465.7
1590 79174.6
1620 80889.3
1650 82609.7
1680 84335.6
1710 86067
1740 87803.6
1770 89545.3
1800 91292.1
1830 93043.8
1860 94800.2
1860 94800.2
