0 0
30 1334.53
60 2669.06
90 4003.6
120 5338.13
150 6672.66
180 8007.19
210 9341.72
240 10676.3
270 12010.8
300 13345.4
330 14680.1
360 16015.1
390 17350.9
420 18688
450 20027
480 21368.8
510 22714
540 24063.6
570 25418.3
600 26778.7
630 28145.3
660 29518.7
690 30899.4
720 32287.7
750 33684.1
780 35088.9
810 36502.3
840 37924.7
870 39356.1
900 40796.7
930 42246.6
960 43705.8
990 45174.4
1020 46652.2
1050 48139.3
1080 49635.5
1110 51140.8
1140 52654.9
1170 54177.8
1200 55709.2
1230 57249.1
1260 58797.3
1290 60353.4
1320 61917.4
1350 63489.1
1380 65068.4
1410 66655.1
1440 68248.9
1470 69849.8
1500 71457.6
1530 73072.2
1560 74693.2
1590 76320.7
1620 77954.5
1650 79594.3
1680 81240
1710 82891.5
1740 84548.7
1770 86211.4
1800 87879.5
1830 89552.8
1860 91231.2
1860 91231.2
