0 0
30 765.468
60 1530.94
90 2296.4
120 3061.87
150 3827.34
180 4592.81
210 5358.24
240 6123.39
270 6887.49
300 7649.1
330 8406.34
360 9157.22
390 9900.08
420 10633.4
450 11356.1
480 12067.6
510 12767.5
540 13456
570 14132.8
600 14798.1
630 15452.1
660 16094.8
690 16726.6
720 17347.5
750 17957.6
780 18557.1
810 19146.3
840 19725.2
870 20294.1
900 20853.1
930 21402.5
960 21942.3
990 22472.7
1020 22994
1050 23506.1
1080 24009.4
1110 24504.1
1140 24990.3
1170 25468.2
1200 25938.1
1230 26400.1
1260 26854.4
1290 27301.3
1320 27740.9
1350 28173.4
1380 28598.9
1410 29017.7
1440 29429.9
1470 29835.7
1500 30235.4
1530 30629
1560 31016.6
1590 31398.5
1620 31774.9
1650 32145.7
1680 32511.3
1710 32871.7
1740 33227.1
1770 33577.6
1800 33923.3
1830 34264.4
1860 34601
1860 34601
