0 0
30 1334.53
60 2669.06
90 4003.6
120 5338.13
150 6672.66
180 8007.19
210 9341.72
240 10676.3
270 12010.8
300 13345.5
330 14680.7
360 16017.1
390 17355.6
420 18697.7
450 20045
480 21399.1
510 22761.7
540 24134.3
570 25518.2
600 26914.4
630 28323.5
660 29746.1
690 31182.2
720 32632.4
750 34096.3
780 35574
810 37065.2
840 38569.6
870 40086.9
900 41616.9
930 43159.2
960 44713.3
990 46278.9
1020 47855.6
1050 49443.1
1080 51041
1110 52649
1140 54266.7
1170 55893.9
1200 57530.2
1230 59175.3
1260 60829
1290 62490.8
1320 64160.6
1350 65838.2
1380 67523.2
1410 69215.4
1440 70914.6
1470 72620.6
1500 74333.1
1530 76052.1
1560 77777.2
1590 79508.2
1620 81245.1
1650 82987.5
1680 84735.4
1710 86488.7
1740 88247.1
1770 90010.5
1800 91778.9
1830 93551.9
1860 95329.6
1860 95329.6
