0 0
30 1334.53
60 2669.06
90 4003.6
120 5338.13
150 6672.7
180 8007.68
210 9344.16
240 10683.8
270 12028.2
300 13378.9
330 14737.1
360 16103.3
390 17478.3
420 18862.3
450 20255.9
480 21659.7
510 23074.5
540 24500.8
570 25939.4
600 27390.7
630 28854.7
660 30331.7
690 31821.9
720 33325.1
750 34841.2
780 36369.8
810 37910.7
840 39463.5
870 41028
900 42603.8
930 44190.5
960 45787.8
990 47395.4
1020 49012.9
1050 50640
1080 52276.2
1110 53921.3
1140 55575
1170 57236.9
1200 58906.8
1230 60584.5
1260 62269.7
1290 63962.2
1320 65661.7
1350 67368.1
1380 69081.1
1410 70800.4
1440 72526
1470 74257.6
1500 75995
1530 77738.1
1560 79486.7
1590 81240.7
1620 82999.8
1650 84764
1680 86533
1710 88306.8
1740 90085.3
1770 91868.2
1800 93655.5
1830 95447.1
1860 97242.9
1860 97242.9
