0 0
30 765.468
60 1530.94
90 2296.4
120 3061.87
150 3827.34
180 4592.79
210 5358.08
240 6122.68
270 6885.36
300 7644.11
330 8396.38
360 9139.63
390 9871.49
420 10589.9
450 11293.6
480 11981.7
510 12653.8
540 13309.7
570 13949.3
600 14573.1
630 15181.3
660 15774.4
690 16352.8
720 16917.1
750 17467.7
780 18005.3
810 18530.2
840 19043
870 19544.1
900 20034.1
930 20513.2
960 20982.1
990 21441
1020 21890.4
1050 22330.7
1080 22762.1
1110 23185.1
1140 23600
1170 24007
1200 24406.5
1230 24798.8
1260 25184
1290 25562.4
1320 25934.4
1350 26300
1380 26659.5
1410 27013.1
1440 27361
1470 27703.4
1500 28040.4
1530 28372.2
1560 28699
1590 29020.8
1620 29338
1650 29650.5
1680 29958.6
1710 30262.3
1740 30561.9
1770 30857.4
1800 31148.9
1830 31436.5
1860 31720.4
1860 31720.4
