0 0
30 765.468
60 1530.94
90 2296.4
120 3061.87
150 3827.32
180 4592.48
210 5356.25
240 6116.57
270 6870.97
300 7617.01
330 8352.26
360 9074.56
390 9782.1
420 10473.5
450 11148.1
480 11805.2
510 12444.9
540 13067.3
570 13672.5
600 14261
630 14833.5
660 15390.5
690 15932.5
720 16460.5
750 16974.8
780 17476.1
810 17965.1
840 18442.1
870 18907.8
900 19362.6
930 19807.1
960 20241.6
990 20666.6
1020 21082.5
1050 21489.5
1080 21888.2
1110 22278.7
1140 22661.5
1170 23036.8
1200 23404.9
1230 23766
1260 24120.5
1290 24468.5
1320 24810.3
1350 25146.1
1380 25476.1
1410 25800.5
1440 26119.4
1470 26433.1
1500 26741.7
1530 27045.4
1560 27344.3
1590 27638.5
1620 27928.3
1650 28213.8
1680 28494.9
1710 28772
1740 29045
1770 29314.2
1800 29579.6
1830 29841.2
1860 30099.3
1860 30099.3
