0 0
30 1334.53
60 2669.06
90 4003.6
120 5338.13
150 6672.66
180 8007.2
210 9341.83
240 10676.9
270 12013.4
300 13352.7
330 14696.4
360 16046
390 17402.9
420 18768.2
450 20142.8
480 21527.3
510 22922.4
540 24328.2
570 25744.8
600 27172.2
630 28610.7
660 30060
690 31520.1
720 32991
750 34472.4
780 35964.2
810 37466.4
840 38978.7
870 40501.1
900 42033.3
930 43575.3
960 45126.9
990 46687.8
1020 48257.9
1050 49837
1080 51424.8
1110 53021.3
1140 54626.1
1170 56239.1
1200 57860.2
1230 59488.9
1260 61125.3
1290 62769.1
1320 64420
1350 66077.8
1380 67742.4
1410 69413.6
1440 71091.2
1470 72775
1500 74464.9
1530 76160.7
1560 77862.2
1590 79569.4
1620 81282
1650 83000
1680 84723.1
1710 86451.3
1740 88184.4
1770 89922.3
1800 91664.8
1830 93411.9
1860 95163.4
1860 95163.4
