0 0
30 1334.53
60 2669.06
90 4003.6
120 5338.13
150 6672.66
180 8007.19
210 9341.72
240 10676.3
270 12010.8
300 13345.3
330 14679.9
360 16014.6
390 17349.7
420 18685.7
450 20023.2
480 21363
510 22706.1
540 24053.4
570 25405.7
600 26764
630 28128.7
660 29500.6
690 30880
720 32267.3
750 33662.9
780 35067.1
810 36480.1
840 37902.3
870 39333.6
900 40774.3
930 42224.2
960 43683.7
990 45152.6
1020 46630.9
1050 48118.6
1080 49615.5
1110 51121.5
1140 52636.5
1170 54160.3
1200 55692.9
1230 57234
1260 58783.6
1290 60341.3
1320 61907.1
1350 63480.7
1380 65062
1410 66650.7
1440 68246.6
1470 69849.7
1500 71459.7
1530 73076.5
1560 74699.9
1590 76329.7
1620 77965.9
1650 79608.2
1680 81256.4
1710 82910.5
1740 84570.3
1770 86235.7
1800 87906.5
1830 89582.6
1860 91263.9
1860 91263.9
