0 0
30 1334.53
60 2669.06
90 4003.6
120 5338.13
150 6672.68
180 8007.52
210 9343.75
240 10683.4
270 12029
300 13383
330 14747.7
360 16125.4
390 17517.9
420 18926.5
450 20351.9
480 21794.8
510 23255.1
540 24732.8
570 26227.5
600 27739
630 29266.5
660 30809.5
690 32367.5
720 33939.5
750 35525.2
780 37123.9
810 38734.9
840 40357.9
870 41992.2
900 43637.4
930 45292.9
960 46958.4
990 48633.4
1020 50317.5
1050 52010.5
1080 53711.8
1110 55421.3
1140 57138.5
1170 58863.2
1200 60595.1
1230 62334
1260 64079.5
1290 65831.5
1320 67589.7
1350 69353.9
1380 71123.9
1410 72899.5
1440 74680.6
1470 76466.9
1500 78258.3
1530 80054.6
1560 81855.7
1590 83661.5
1620 85471.7
1650 87286.2
1680 89105.1
1710 90928
1740 92755
1770 94585.8
1800 96420.4
1830 98258.8
1860 100101
1860 100101
