0 0
30 765.468
60 1530.94
90 2296.4
120 3061.87
150 3827.34
180 4592.81
210 5358.27
240 6123.65
270 6888.56
300 7651.78
330 8411.01
360 9163.08
390 9904.61
420 10632.6
450 11344.6
480 12039.1
510 12715.3
540 13373
570 14012.1
600 14633
630 15236.3
660 15822.5
690 16392.5
720 16946.9
750 17486.6
780 18012.1
810 18524.1
840 19023.1
870 19509.8
900 19984.7
930 20448.4
960 20901.4
990 21344.1
1020 21777.1
1050 22200.7
1080 22615.4
1110 23021.6
1140 23419.5
1170 23809.5
1200 24191.8
1230 24566.8
1260 24934.8
1290 25296
1320 25650.7
1350 25999
1380 26341.2
1410 26677.5
1440 27008.1
1470 27333.3
1500 27653.1
1530 27967.7
1560 28277.4
1590 28582.2
1620 28882.4
1650 29178
1680 29469.3
1710 29756.3
1740 30039.1
1770 30317.8
1800 30592.7
1830 30863.7
1860 31131.1
1860 31131.1
