0 0
30 1334.53
60 2669.06
90 4003.6
120 5338.13
150 6672.66
180 8007.26
210 9342.26
240 10678.6
270 12017.7
300 13361.4
330 14711.2
360 16068.4
390 17434
420 18808.8
450 20193.6
480 21589.1
510 22996
540 24415
570 25846.7
600 27291.3
630 28749.2
660 30220.4
690 31704.8
720 33202.4
750 34712.9
780 36236
810 37771.5
840 39318.9
870 40877.9
900 42448.1
930 44029.3
960 45620.9
990 47222.6
1020 48834.1
1050 50455.1
1080 52085
1110 53723.8
1140 55371.1
1170 57026.5
1200 58689.9
1230 60360.9
1260 62039.5
1290 63725.2
1320 65418
1350 67117.4
1380 68823.4
1410 70535.8
1440 72254.2
1470 73978.6
1500 75708.8
1530 77444.6
1560 79185.9
1590 80932.4
1620 82684.1
1650 84440.9
1680 86202.5
1710 87968.9
1740 89739.8
1770 91515.3
1800 93295.1
1830 95079.3
1860 96867.6
1860 96867.6
