0 0
30 1334.53
60 2669.06
90 4003.6
120 5338.13
150 6672.66
180 8007.19
210 9341.72
240 10676.3
270 12010.8
300 13345.3
330 14679.9
360 16014.4
390 17349.1
420 18684
450 20019.4
480 21355.6
510 22693.3
540 24033
570 25375.6
600 26721.8
630 28072.5
660 29428.7
690 30791.3
720 32161.2
750 33539.2
780 34926
810 36322.3
840 37728.6
870 39145.3
900 40572.8
930 42011.3
960 43460.8
990 44921.2
1020 46392.7
1050 47875.1
1080 49368.3
1110 50872.2
1140 52386.6
1170 53911.2
1200 55446
1230 56990.5
1260 58544.5
1290 60107.7
1320 61680.1
1350 63261.4
1380 64851.2
1410 66449.4
1440 68055.8
1470 69669.9
1500 71291.8
1530 72921
1560 74557.6
1590 76201.4
1620 77852
1650 79509.4
1680 81173.3
1710 82843.6
1740 84520.1
1770 86202.7
1800 87891.2
1830 89585.4
1860 91285.2
1860 91285.2
