0 0
30 1334.53
60 2669.06
90 4003.6
120 5338.13
150 6672.66
180 8007.2
210 9341.83
240 10676.9
270 12013.4
300 13352.8
330 14697.1
360 16048.3
390 17408.7
420 18779.7
450 20163
480 21559.5
510 22970.1
540 24395.2
570 25835
600 27289.4
630 28758.4
660 30241.7
690 31739
720 33249.8
750 34773.8
780 36310.6
810 37859.7
840 39420.9
870 40993.5
900 42577.1
930 44171.6
960 45776.3
990 47391
1020 49015.2
1050 50648.7
1080 52291.1
1110 53942.1
1140 55601.3
1170 57268.5
1200 58943.5
1230 60625.8
1260 62315.3
1290 64011.6
1320 65714.7
1350 67424.3
1380 69140.1
1410 70862.1
1440 72589.9
1470 74323.3
1500 76062.3
1530 77806.6
1560 79556.1
1590 81310.6
1620 83070
1650 84834.2
1680 86603
1710 88376.3
1740 90153.9
1770 91935.9
1800 93722
1830 95512.1
1860 97306.1
1860 97306.1
