0 0
30 1334.53
60 2669.06
90 4003.6
120 5338.13
150 6672.66
180 8007.19
210 9341.73
240 10676.3
270 12011.1
300 13346.8
330 14684.2
360 16024.7
390 17369.5
420 18719.8
450 20076.5
480 21440.5
510 22812.6
540 24193.3
570 25583.1
600 26982.1
630 28390.8
660 29809.4
690 31237.9
720 32676.6
750 34125.3
780 35584.4
810 37053.8
840 38533.6
870 40023.8
900 41524.5
930 43035.6
960 44556.8
990 46088.3
1020 47629.8
1050 49181.3
1080 50742.5
1110 52313.2
1140 53893.2
1170 55482.4
1200 57080.5
1230 58687.4
1260 60302.8
1290 61926.5
1320 63558.3
1350 65198
1380 66845.3
1410 68500
1440 70162
1470 71831.1
1500 73507
1530 75189.5
1560 76878.7
1590 78574.1
1620 80275.6
1650 81983.2
1680 83696.6
1710 85415.8
1740 87140.4
1770 88870.4
1800 90605.8
1830 92346.2
1860 94091.6
1860 94091.6
