0 0
30 468.081
60 807.66
90 1090.93
120 1342.49
150 1571.79
180 1784.04
210 1982.5
240 2169.13
270 2346.13
300 2517.5
330 2687.69
360 2856.44
390 3023.57
420 3189.44
450 3355.57
480 3524.29
510 3693.41
540 3862.8
570 4033.1
600 4205.09
630 4379.62
660 4557.83
690 4739.01
720 4920.96
750 5102.84
780 5284.27
810 5464.91
840 5644.67
870 5824.19
900 6003.87
930 6183.79
960 6364.04
990 6545.19
1020 6727.06
1050 6910.5
1080 7092.98
1110 7276.88
1140 7461.1
1170 7643.36
1200 7823.58
1230 8000.58
1260 8174.76
1290 8346.83
1320 8516.94
1350 8684.71
1380 8850.37
1410 9014.23
1440 9176.68
1470 9335.66
1500 9490.39
1530 9640.98
1560 9786.46
1590 9926.42
1620 10059.2
1650 10183.2
1680 10297.9
1710 10404.6
1740 10505.7
1770 10601
1800 10690.4
1830 10775
1860 10854.7
1860 10854.7
