0 0
30 542.796
60 1039.54
90 1473.15
120 1855.93
150 2198.83
180 2509.94
210 2797.01
240 3070.85
270 3338.06
300 3598.14
330 3852.58
360 4102.74
390 4348.82
420 4591.4
450 4831.42
480 5069.6
510 5307.44
540 5545.58
570 5786.03
600 6030.5
630 6280.77
660 6538.88
690 6803.62
720 7074.19
750 7348.49
780 7627.26
810 7907.35
840 8190.34
870 8472.1
900 8752.64
930 9027.9
960 9295.99
990 9553.04
1020 9796.71
1050 10023.1
1080 10231.9
1110 10423.2
1140 10597.6
1170 10756.9
1200 10903.7
1230 11038
1260 11161.7
1290 11276.4
1320 11382.9
1350 11482.2
1380 11574.8
1410 11661.5
1440 11742.4
1470 11817.7
1500 11888.1
1530 11954.2
1560 12016.6
1590 12075.7
1620 12131.5
1650 12184.2
1680 12234
1710 12281.1
1740 12326.1
1770 12368.9
1800 12409.5
1830 12447.9
1860 12484.4
1860 12484.4
