0 0
30 539.952
60 1022.7
90 1438.88
120 1802.94
150 2126.73
180 2418.45
210 2684.43
240 2930.96
270 3167.84
300 3401.58
330 3631.33
360 3861.66
390 4091.47
420 4318.15
450 4541.44
480 4761.75
510 4979.83
540 5197.14
570 5415.05
600 5636.75
630 5865.65
660 6100.35
690 6339.92
720 6581.36
750 6825.88
780 7071.74
810 7320.72
840 7571.09
870 7823.04
900 8074.44
930 8324.34
960 8571.07
990 8814.48
1020 9052.67
1050 9284.02
1080 9508.26
1110 9724.8
1140 9933.59
1170 10134.5
1200 10327.1
1230 10511.3
1260 10688.1
1290 10858.3
1320 11021.6
1350 11177.6
1380 11326.1
1410 11467.8
1440 11603
1470 11729.9
1500 11847.9
1530 11956.8
1560 12058.3
1590 12152.4
1620 12239.4
1650 12320.1
1680 12394.9
1710 12464.3
1740 12529.2
1770 12589.3
1800 12645.2
1830 12696.9
1860 12743.9
1860 12743.9
