0 0
30 962.835
60 1997.45
90 3103.03
120 4257.41
150 5447.9
180 6666.52
210 7907.75
240 9163.92
270 10425.8
300 11688.1
330 12952.8
360 14223.4
390 15500.1
420 16781.9
450 18066.5
480 19351.4
510 20636.3
540 21921.5
570 23207.9
600 24494.8
630 25781.2
660 27066.1
690 28348.3
720 29626.4
750 30901.5
780 32173.1
810 33442.2
840 34707.6
870 35973.1
900 37233.4
930 38493.5
960 39753.2
990 41014.8
1020 42276.2
1050 43539.9
1080 44807.3
1110 46077
1140 47351.2
1170 48631.4
1200 49919.3
1230 51215.9
1260 52520.9
1290 53837.8
1320 55166.8
1350 56506.1
1380 57856.4
1410 59217.2
1440 60587.2
1470 61966.6
1500 63354.5
1530 64750.6
1560 66153.5
1590 67563.7
1620 68980.2
1650 70403.1
1680 71831.5
1710 73263.8
1740 74700.6
1770 76141
1800 77585.3
1830 79033.8
1860 80486.1
1860 80486.1
