0 0
30 957.204
60 1960.46
90 3026.85
120 4144.07
150 5301.17
180 6490.06
210 7702.99
240 8929.15
270 10161.9
300 11401.9
330 12647.4
360 13897.3
390 15151.2
420 16408.6
450 17668.6
480 18930.4
510 20192.6
540 21454.4
570 22714
600 23969.5
630 25219.2
660 26461.1
690 27696.4
720 28925.8
750 30151.5
780 31372.7
810 32592.6
840 33809.7
870 35027.9
900 36247.4
930 37472.1
960 38704
990 39947
1020 41203.3
1050 42476.9
1080 43768
1110 45076.8
1140 46402.4
1170 47743
1200 49096.3
1230 50462
1260 51838.3
1290 53223.6
1320 54617.1
1350 56017.8
1380 57425.2
1410 58838.5
1440 60257.6
1470 61682.3
1500 63111.9
1530 64545.8
1560 65983.4
1590 67424.3
1620 68868.5
1650 70315.8
1680 71766
1710 73218.8
1740 74673.9
1770 76131.1
1800 77590.5
1830 79052.1
1860 80515.6
1860 80515.6
