0 0
30 1031.92
60 2192.34
90 3409.07
120 4657.51
150 5928.21
180 7215.96
210 8517.49
240 9830.87
270 11153.9
300 12482.5
330 13812.3
360 15143.6
390 16476.4
420 17810.6
450 19144.4
480 20475.7
510 21806.6
540 23137.2
570 24466.9
600 25794.9
630 27120.4
660 28442.2
690 29761
720 31079
750 32397.2
780 33715.7
810 35035.1
840 36355.3
870 37675.8
900 38996.1
930 40316.2
960 41636
990 42954.8
1020 44272.9
1050 45589.5
1080 46907
1110 48223.1
1140 49538.9
1170 50856.6
1200 52176.4
1230 53499.4
1260 54825.2
1290 56153.2
1320 57483.1
1350 58815.3
1380 60149.6
1410 61485.8
1440 62823.3
1470 64164.3
1500 65509.6
1530 66859
1560 68213.5
1590 69573.6
1620 70940.8
1650 72316.8
1680 73702.1
1710 75095.4
1740 76494.3
1770 77899
1800 79309.6
1830 80725
1860 82145.3
1860 82145.3
