0 0
30 1032.29
60 2195.39
90 3416.52
120 4668.75
150 5942.32
180 7232.53
210 8536.32
240 9851.69
270 11177.1
300 12511.6
330 13854
360 15203.5
390 16558.6
420 17915.6
450 19272.8
480 20630.8
510 21989.9
540 23350.1
570 24710.9
600 26070.9
630 27427.8
660 28784
690 30139.4
720 31493.5
750 32845.6
780 34194.5
810 35539
840 36879.2
870 38216.4
900 39551.5
930 40884.8
960 42216.8
990 43547
1020 44874.6
1050 46198.7
1080 47518.2
1110 48831.2
1140 50136.5
1170 51433.3
1200 52720.1
1230 53997.7
1260 55265.6
1290 56526
1320 57781.9
1350 59038.7
1380 60301.3
1410 61572.7
1440 62859.6
1470 64166.6
1500 65495.7
1530 66845.3
1560 68213.2
1590 69595.8
1620 70990.2
1650 72395.7
1680 73811
1710 75234
1740 76664.3
1770 78101.3
1800 79544.4
1830 80992.7
1860 82445.4
1860 82445.4
