0 0
30 179.024
60 323.732
90 458.749
120 590.305
150 719.491
180 845.775
210 968.416
240 1086.99
270 1201.33
300 1311.42
330 1417.36
360 1519.33
390 1617.55
420 1712.23
450 1803.42
480 1891.2
510 1976.15
540 2058.6
570 2138.62
600 2216.31
630 2291.73
660 2364.98
690 2436.22
720 2505.72
750 2574.08
780 2642.39
810 2711.91
840 2783.23
870 2856.44
900 2931.59
930 3008.93
960 3088.87
990 3171.96
1020 3258.88
1050 3350.43
1080 3447.41
1110 3551
1140 3662.43
1170 3783.42
1200 3916.33
1230 4063.63
1260 4227.35
1290 4407.08
1320 4600.87
1350 4803.55
1380 5010.82
1410 5218.08
1440 5421.88
1470 5620.02
1500 5811.76
1530 5995.91
1560 6170.67
1590 6333.76
1620 6484
1650 6620.83
1680 6743.58
1710 6853.99
1740 6953.96
1770 7044.44
1800 7126.96
1830 7202.37
1860 7271.92
1860 7271.92
