0 0
30 765.468
60 1530.94
90 2296.4
120 3061.34
150 3819.23
180 4553.06
210 5247.05
240 5894.48
270 6495.92
300 7054.11
330 7573.06
360 8057.24
390 8510.6
420 8936.63
450 9338.09
480 9717.65
510 10077.7
540 10419.9
570 10745.9
600 11057
630 11354.5
660 11639.6
690 11913.2
720 12176.1
750 12429.2
780 12673
810 12908.2
840 13135.4
870 13355.1
900 13567.7
930 13773.7
960 13973.2
990 14166.8
1020 14354.7
1050 14537.2
1080 14714.6
1110 14887.2
1140 15055.2
1170 15218.8
1200 15378.2
1230 15533.6
1260 15685.2
1290 15833.1
1320 15977.5
1350 16118.6
1380 16256.5
1410 16391.2
1440 16523
1470 16651.9
1500 16778.1
1530 16901.6
1560 17022.5
1590 17141
1620 17257.1
1650 17370.8
1680 17482.4
1710 17591.8
1740 17699.2
1770 17804.5
1800 17907.9
1830 18009.4
1860 18109.1
1860 18109.1
