0 0
30 765.468
60 1530.94
90 2296.4
120 3061.81
150 3825.52
180 4578.6
210 5305.91
240 5996.37
270 6646.4
300 7256.37
330 7829.11
360 8367.81
390 8875.47
420 9355.08
450 9809.53
480 10241.1
510 10651.9
540 11043.6
570 11417.9
600 11776.1
630 12119.8
660 12449.6
690 12766.7
720 13072
750 13366.3
780 13650.4
810 13924.8
840 14190.2
870 14447.2
900 14696
930 14937.2
960 15171.3
990 15398.6
1020 15619.4
1050 15834.2
1080 16043.1
1110 16246.5
1140 16444.6
1170 16637.7
1200 16825.9
1230 17009.5
1260 17188.7
1290 17363.8
1320 17534.7
1350 17701.8
1380 17865.1
1410 18024.8
1440 18181
1470 18334
1500 18483.7
1530 18630.2
1560 18773.9
1590 18914.6
1620 19052.5
1650 19187.7
1680 19320.4
1710 19450.5
1740 19578.2
1770 19703.5
1800 19826.5
1830 19947.4
1860 20066.1
1860 20066.1
