0 0
30 765.468
60 1530.94
90 2296.4
120 3061.87
150 3827.34
180 4592.8
210 5358.04
240 6121.91
270 6880.84
300 7628.23
330 8356.39
360 9059.41
390 9734.16
420 10380
450 10997.3
480 11587.6
510 12152.3
540 12693.3
570 13212.2
600 13710.6
630 14189.8
660 14651.3
690 15096.1
720 15525.4
750 15940.2
780 16341.4
810 16729.9
840 17106.3
870 17471.4
900 17825.8
930 18170
960 18504.7
990 18830.3
1020 19147.3
1050 19456
1080 19756.8
1110 20050.2
1140 20336.4
1170 20615.8
1200 20888.6
1230 21155.2
1260 21415.8
1290 21670.6
1320 21919.9
1350 22163.8
1380 22402.7
1410 22636.6
1440 22865.7
1470 23090.3
1500 23310.5
1530 23526.4
1560 23738.1
1590 23945.9
1620 24149.8
1650 24350
1680 24546.6
1710 24739.6
1740 24929.3
1770 25115.7
1800 25298.9
1830 25479.1
1860 25656.2
1860 25656.2
