0 0
30 765.468
60 1530.94
90 2296.4
120 3061.87
150 3827.34
180 4592.81
210 5358.25
240 6123.25
270 6885.76
300 7640.7
330 8380.88
360 9099.56
390 9792.09
420 10456.6
450 11092.9
480 11702
510 12285.2
540 12844
570 13380.2
600 13895.2
630 14390.6
660 14867.6
690 15327.6
720 15771.6
750 16200.6
780 16615.7
810 17017.5
840 17407.1
870 17784.9
900 18151.8
930 18508.2
960 18854.7
990 19191.9
1020 19520.2
1050 19840.1
1080 20151.8
1110 20455.9
1140 20752.6
1170 21042.3
1200 21325.3
1230 21601.9
1260 21872.3
1290 22136.8
1320 22395.6
1350 22648.9
1380 22896.9
1410 23139.9
1440 23378
1470 23611.5
1500 23840.4
1530 24064.9
1560 24285.1
1590 24501.3
1620 24713.6
1650 24921.9
1680 25126.6
1710 25327.7
1740 25525.4
1770 25719.6
1800 25910.6
1830 26098.4
1860 26283.1
1860 26283.1
