0 0
30 765.468
60 1530.94
90 2296.4
120 3061.87
150 3827.34
180 4592.81
210 5358.28
240 6123.74
270 6889.21
300 7654.61
330 8419.71
360 9183.67
390 9944.87
420 10700.9
450 11449
480 12186.6
510 12912
540 13623.7
570 14321.1
600 15003.9
630 15672
660 16325.9
690 16965.2
720 17590.4
750 18201.7
780 18799.3
810 19383.4
840 19954.3
870 20512.2
900 21057.5
930 21590.6
960 22111.8
990 22621.4
1020 23119.9
1050 23607.7
1080 24085.1
1110 24552.3
1140 25009.9
1170 25458.1
1200 25897.2
1230 26327.5
1260 26749.3
1290 27162.9
1320 27568.7
1350 27966.9
1380 28357.7
1410 28741.5
1440 29118.4
1470 29488.6
1500 29852.5
1530 30210.1
1560 30561.7
1590 30907.5
1620 31247.6
1650 31582.2
1680 31911.5
1710 32235.6
1740 32554.8
1770 32869
1800 33178.6
1830 33483.5
1860 33784
1860 33784
