0 0
30 765.468
60 1530.94
90 2296.4
120 3061.87
150 3827.34
180 4592.81
210 5358.28
240 6123.74
270 6889.19
300 7654.51
330 8419.38
360 9183.01
390 9944.03
420 10700.3
450 11449.1
480 12187.4
510 12912.8
540 13623.1
570 14317.2
600 14994.2
630 15653.8
660 16295.8
690 16920.7
720 17528.7
750 18120.3
780 18696.2
810 19256.8
840 19803
870 20335.1
900 20853.7
930 21359.5
960 21853
990 22334.9
1020 22805.5
1050 23265.4
1080 23715
1110 24154.8
1140 24585
1170 25006.2
1200 25418.7
1230 25822.7
1260 26218.7
1290 26606.8
1320 26987.4
1350 27360.7
1380 27727
1410 28086.5
1440 28439.5
1470 28786.2
1500 29126.8
1530 29461.4
1560 29790.4
1590 30113.8
1620 30431.8
1650 30744.7
1680 31052.6
1710 31355.5
1740 31653.7
1770 31947.2
1800 32236.3
1830 32521
1860 32801.4
1860 32801.4
