0 0
30 765.468
60 1530.94
90 2296.4
120 3061.87
150 3827.34
180 4592.81
210 5358.2
240 6122.75
270 6883.22
300 7633.02
330 8364.3
360 9071.06
390 9750.3
420 10401.2
450 11024.2
480 11620.6
510 12191.7
540 12739.4
570 13265
600 13770.3
630 14256.6
660 14725.2
690 15177.3
720 15614
750 16036.2
780 16444.9
810 16840.7
840 17224.6
870 17597.2
900 17959
930 18310.7
960 18652.9
990 18985.9
1020 19310.2
1050 19626.3
1080 19934.5
1110 20235.2
1140 20528.8
1170 20815.5
1200 21095.6
1230 21369.4
1260 21637.2
1290 21899.1
1320 22155.5
1350 22406.5
1380 22652.4
1410 22893.3
1440 23129.3
1470 23360.8
1500 23587.8
1530 23810.4
1560 24028.9
1590 24243.4
1620 24454
1650 24660.8
1680 24863.9
1710 25063.6
1740 25259.7
1770 25452.6
1800 25642.2
1830 25828.6
1860 26012
1860 26012
