0 0
30 765.468
60 1530.94
90 2296.4
120 3061.87
150 3827.34
180 4592.81
210 5358.28
240 6123.74
270 6889.19
300 7654.46
330 8418.94
360 9181.06
390 9938.09
420 10686.5
450 11422.6
480 12143.5
510 12847.2
540 13532.5
570 14198.7
600 14845.7
630 15474
660 16084
690 16676.3
720 17251.8
750 17811
780 18354.8
810 18883.7
840 19398.5
870 19900
900 20388.8
930 20865.3
960 21330.1
990 21783.8
1020 22226.7
1050 22659.4
1080 23082.3
1110 23495.8
1140 23900.4
1170 24296.3
1200 24683.9
1230 25063.6
1260 25435.6
1290 25800.2
1320 26157.6
1350 26508.2
1380 26852.2
1410 27189.7
1440 27521.1
1470 27846.5
1500 28166.2
1530 28480.2
1560 28788.8
1590 29092.2
1620 29390.5
1650 29683.8
1680 29972.4
1710 30256.3
1740 30535.7
1770 30810.8
1800 31081.6
1830 31348.2
1860 31610.8
1860 31610.8
