0 0
30 765.468
60 1529.57
90 2266.88
120 2940.38
150 3542.73
180 4080.77
210 4563.62
240 5000.6
270 5399.18
300 5765.52
330 6104.46
360 6419.58
390 6713.97
420 6989.78
450 7249.12
480 7493.87
510 7725.43
540 7945.07
570 8153.87
600 8352.79
630 8542.66
660 8724.16
690 8898.04
720 9064.75
750 9224.79
780 9378.65
810 9526.77
840 9669.52
870 9807.25
900 9940.29
930 10068.9
960 10193.4
990 10313.9
1020 10430.8
1050 10544.1
1080 10654.1
1110 10760.9
1140 10864.8
1170 10965.7
1200 11064
1230 11159.7
1260 11252.9
1290 11343.7
1320 11432.2
1350 11518.5
1380 11602.8
1410 11685.1
1440 11765.5
1470 11844
1500 11920.8
1530 11995.8
1560 12069.3
1590 12141.1
1620 12211.4
1650 12280.3
1680 12347.7
1710 12413.8
1740 12478.6
1770 12542.1
1800 12604.3
1830 12665.4
1860 12725.3
1860 12725.3
