0 0
30 1334.53
60 2669.06
90 4003.6
120 5338.13
150 6672.66
180 8007.19
210 9341.72
240 10676.3
270 12010.8
300 13345.6
330 14681.2
360 16019.1
390 17361.6
420 18711.5
450 20072.1
480 21446.1
510 22835.7
540 24242.5
570 25667.8
600 27111.9
630 28574.8
660 30056.6
690 31556.6
720 33074.3
750 34608.9
780 36159.7
810 37725.9
840 39307
870 40902
900 42510.4
930 44131.5
960 45764.8
990 47409.6
1020 49065.5
1050 50732
1080 52408.5
1110 54094.6
1140 55790
1170 57494.2
1200 59207.1
1230 60928.1
1260 62657
1290 64393.3
1320 66136.9
1350 67887.5
1380 69644.9
1410 71408.6
1440 73178.6
1470 74954.6
1500 76736.5
1530 78523.9
1560 80316.8
1590 82114.9
1620 83918.1
1650 85726.2
1680 87539.1
1710 89356.6
1740 91178.6
1770 93004.9
1800 94835.4
1830 96670.1
1860 98508.8
1860 98508.8
