0 0
30 765.468
60 1530.94
90 2296.4
120 3061.87
150 3827.34
180 4592.81
210 5358.21
240 6122.6
270 6881.65
300 7626.61
330 8348.23
360 9040.61
390 9701.64
420 10331.3
450 10931.1
480 11503
510 12048.9
540 12570.7
570 13070.3
600 13549.3
630 14009.4
660 14451.8
690 14877.8
720 15288.6
750 15685
780 16068.2
810 16438.9
840 16797.7
870 17145.5
900 17482.9
930 17810.4
960 18128.5
990 18437.9
1020 18738.8
1050 19031.7
1080 19317.1
1110 19595.2
1140 19866.4
1170 20131.1
1200 20389.4
1230 20641.7
1260 20888.2
1290 21129.2
1320 21364.9
1350 21595.5
1380 21821.1
1410 22042.1
1440 22258.5
1470 22470.5
1500 22678.3
1530 22882
1560 23081.8
1590 23277.9
1620 23470.2
1650 23659
1680 23844.3
1710 24026.4
1740 24205.2
1770 24381
1800 24553.7
1830 24723.5
1860 24890.4
1860 24890.4
