0 0
30 1334.53
60 2669.06
90 4003.6
120 5338.13
150 6672.66
180 8007.19
210 9341.73
240 10676.3
270 12011
300 13346.3
330 14682.9
360 16022.2
390 17365.7
420 18715.5
450 20073.5
480 21441.6
510 22821.2
540 24213.9
570 25620.2
600 27040.8
630 28476.4
660 29927
690 31392.5
720 32872.8
750 34367.6
780 35876.7
810 37399.5
840 38935.8
870 40484.9
900 42046.5
930 43620.3
960 45205.9
990 46802.9
1020 48410.7
1050 50029.1
1080 51657.5
1110 53295.7
1140 54943.3
1170 56599.9
1200 58265.3
1230 59939.2
1260 61621.1
1290 63310.8
1320 65008.2
1350 66712.9
1380 68424.8
1410 70143.5
1440 71868.9
1470 73600.7
1500 75338.8
1530 77082.9
1560 78832.9
1590 80588.6
1620 82349.7
1650 84116.2
1680 85887.9
1710 87664.6
1740 89446.2
1770 91232.5
1800 93023.5
1830 94818.9
1860 96618.7
1860 96618.7
