0 0
30 765.468
60 1530.94
90 2296.4
120 3061.87
150 3827.34
180 4592.8
210 5358.13
240 6122.52
270 6883.46
300 7636.36
330 8375.74
360 9096.77
390 9795.88
420 10471
450 11121.5
480 11747.6
510 12350.1
540 12929.6
570 13487.5
600 14025
630 14543.2
660 15043.3
690 15526.3
720 15993.3
750 16445.1
780 16882.8
810 17307
840 17718.6
870 18118.3
900 18506.6
930 18884.1
960 19251.4
990 19608.9
1020 19957.3
1050 20296.9
1080 20628.2
1110 20951.4
1140 21267
1170 21575.2
1200 21876.5
1230 22171
1260 22459.1
1290 22741
1320 23017.1
1350 23287.4
1380 23552.1
1410 23811.6
1440 24066
1470 24315.4
1500 24560.1
1530 24800.1
1560 25035.7
1590 25267
1620 25494.1
1650 25717.2
1680 25936.4
1710 26151.9
1740 26363.7
1770 26571.9
1800 26776.6
1830 26978.1
1860 27176.3
1860 27176.3
