0 0
30 765.468
60 1530.94
90 2296.4
120 3061.87
150 3827.24
180 4590.89
210 5345.39
240 6078.54
270 6780.79
300 7447.63
330 8078.06
360 8673.51
390 9236.33
420 9769.14
450 10274.5
480 10754.9
510 11212.5
540 11649.5
570 12067.4
600 12467.7
630 12851.7
660 13220.6
690 13575.5
720 13917.4
750 14247.2
780 14565.6
810 14873.2
840 15170.8
870 15458.9
900 15738.2
930 16009
960 16271.9
990 16527.4
1020 16775.7
1050 17017.3
1080 17252.4
1110 17481.3
1140 17704.4
1170 17922
1200 18134.2
1230 18341.2
1260 18543.4
1290 18740.7
1320 18933.6
1350 19122.1
1380 19306.4
1410 19486.7
1440 19663.2
1470 19835.9
1500 20005
1530 20170.7
1560 20333.1
1590 20492.3
1620 20648.3
1650 20801.4
1680 20951.5
1710 21098.8
1740 21243.4
1770 21385.4
1800 21524.9
1830 21661.9
1860 21796.5
1860 21796.5
