0 0
30 1334.61
60 2685.94
90 4104.09
120 5609.13
150 7192.78
180 8840.81
210 10540.8
240 12282.3
270 14056.6
300 15855.8
330 17677.3
360 19517.8
390 21375.3
420 23247.6
450 25133.2
480 27030.7
510 28939.1
540 30857.3
570 32784.3
600 34719.4
630 36662
660 38611.5
690 40567.4
720 42529.1
750 44496.2
780 46468.4
810 48445.3
840 50426.6
870 52412.1
900 54401.5
930 56394.6
960 58391.1
990 60390.9
1020 62393.8
1050 64399.5
1080 66408
1110 68419.1
1140 70432.7
1170 72448.7
1200 74466.9
1230 76487.3
1260 78509.7
1290 80534.1
1320 82560.4
1350 84588.5
1380 86618.4
1410 88649.9
1440 90682.9
1470 92717.5
1500 94753.5
1530 96791
1560 98829.8
1590 100870
1620 102911
1650 104954
1680 106997
1710 109042
1740 111088
1770 113135
1800 115183
1830 117232
1860 119282
1860 119282
