0 0
30 765.468
60 1530.94
90 2296.4
120 3061.87
150 3827.34
180 4592.74
210 5356.92
240 6114.46
270 6854.92
300 7568.1
330 8248.23
360 8893.53
390 9505.01
420 10084.7
450 10634.8
480 11157.9
510 11656.2
540 12131.9
570 12586.8
600 13022.5
630 13440.4
660 13842
690 14228.6
720 14600.9
750 14960.1
780 15307
810 15642.3
840 15966.9
870 16281.3
900 16586
930 16881.6
960 17168.7
990 17447.7
1020 17718.9
1050 17982.9
1080 18239.9
1110 18490.4
1140 18734.5
1170 18972.5
1200 19204.8
1230 19431.5
1260 19653
1290 19869.4
1320 20080.9
1350 20287.8
1380 20490.1
1410 20688.2
1440 20882.1
1470 21072
1500 21258.1
1530 21440.5
1560 21619.3
1590 21794.6
1620 21966.6
1650 22135.4
1680 22301
1710 22463.6
1740 22623.4
1770 22780.2
1800 22934.4
1830 23085.8
1860 23234.7
1860 23234.7
