0 0
30 1334.53
60 2669.06
90 4003.6
120 5338.13
150 6672.66
180 8007.19
210 9341.72
240 10676.3
270 12010.8
300 13345.3
330 14679.9
360 16014.4
390 17348.9
420 18683.4
450 20018
480 21352.5
510 22687
540 24021.6
570 25356.1
600 26690.7
630 28025.3
660 29360.1
690 30694.9
720 32030.1
750 33365.6
780 34701.7
810 36038.6
840 37376.4
870 38715.4
900 40056.1
930 41398.6
960 42743.4
990 44091
1020 45441.7
1050 46796
1080 48154.2
1110 49517
1140 50884.5
1170 52257.3
1200 53635.5
1230 55019.6
1260 56409.7
1290 57806.2
1320 59209.1
1350 60618.7
1380 62035.1
1410 63458.4
1440 64888.6
1470 66325.9
1500 67770.3
1530 69221.8
1560 70680.3
1590 72146
1620 73618.6
1650 75098.3
1680 76584.9
1710 78078.4
1740 79578.7
1770 81085.8
1800 82599.5
1830 84119.9
1860 85646.7
1860 85646.7
