0 0
30 765.201
60 1497.66
90 2136
120 2681.91
150 3152.38
180 3564.67
210 3932.04
240 4262.72
270 4563.14
300 4838.35
330 5092.17
360 5327.74
390 5547.31
420 5752.89
450 5946.01
480 6127.98
510 6299.99
540 6462.93
570 6617.69
600 6764.99
630 6905.47
660 7039.69
690 7168.13
720 7291.24
750 7409.4
780 7522.96
810 7632.22
840 7737.47
870 7838.96
900 7936.93
930 8031.59
960 8123.14
990 8211.75
1020 8297.58
1050 8380.83
1080 8461.6
1110 8540
1140 8616.16
1170 8690.18
1200 8762.16
1230 8832.21
1260 8900.42
1290 8966.86
1320 9031.62
1350 9094.78
1380 9156.41
1410 9216.56
1440 9275.28
1470 9332.65
1500 9388.71
1530 9443.52
1560 9497.13
1590 9549.56
1620 9600.88
1650 9651.12
1680 9700.31
1710 9748.49
1740 9795.7
1770 9841.98
1800 9887.34
1830 9931.83
1860 9975.46
1860 9975.46
