0 0
30 1334.53
60 2669.06
90 4003.6
120 5338.13
150 6672.66
180 8007.19
210 9341.74
240 10676.5
270 12012.6
300 13353.7
330 14705.8
360 16075.9
390 17469.3
420 18888.9
450 20335.5
480 21808.9
510 23308.1
540 24831.4
570 26377.5
600 27945
630 29532.3
660 31138.3
690 32761.6
720 34401.2
750 36056
780 37725.1
810 39407.7
840 41102.9
870 42810
900 44528.5
930 46257.6
960 47996.9
990 49745.8
1020 51503.9
1050 53270.7
1080 55045.7
1110 56828.7
1140 58619.2
1170 60416.9
1200 62221.6
1230 64033
1260 65850.7
1290 67674.5
1320 69504.1
1350 71339.4
1380 73180.2
1410 75026.1
1440 76877.2
1470 78733.1
1500 80593.7
1530 82458.8
1560 84328.3
1590 86202
1620 88079.9
1650 89961.7
1680 91847.4
1710 93736.8
1740 95629.8
1770 97526.2
1800 99426.1
1830 101329
1860 103236
1860 103236
