0 0
30 765.468
60 1530.94
90 2296.4
120 3061.87
150 3827.34
180 4592.81
210 5358.26
240 6123.51
270 6887.38
300 7646.34
330 8394.23
360 9124.13
390 9830.71
420 10511.1
450 11164.5
480 11791.1
510 12391.9
540 12968.6
570 13522.5
600 14055
630 14567.7
660 15061.7
690 15538.4
720 15998.8
750 16444
780 16874.9
810 17292.3
840 17697.1
870 18090
900 18471.5
930 18842.4
960 19203.1
990 19554.2
1020 19896.1
1050 20229.3
1080 20554.3
1110 20871.3
1140 21180.8
1170 21483.1
1200 21778.4
1230 22067
1260 22349.3
1290 22625.5
1320 22895.9
1350 23160.6
1380 23419.8
1410 23673.9
1440 23922.8
1470 24166.9
1500 24406.3
1530 24641.2
1560 24871.7
1590 25098
1620 25320.1
1650 25538.3
1680 25752.6
1710 25963.2
1740 26170.2
1770 26373.7
1800 26573.9
1830 26770.7
1860 26964.3
1860 26964.3
