0 0
30 765.468
60 1530.94
90 2296.4
120 3061.87
150 3827.34
180 4592.81
210 5358.27
240 6123.65
270 6888.19
300 7648.93
330 8399.73
360 9133.19
390 9843.39
420 10527
450 11182.9
480 11811.7
510 12414.3
540 12992.1
570 13546.7
600 14079.7
630 14592.4
660 15086.2
690 15562.3
720 16021.9
750 16466
780 16895.6
810 17311.6
840 17714.7
870 18105.8
900 18485.5
930 18854.4
960 19213
990 19562
1020 19901.7
1050 20232.8
1080 20555.5
1110 20870.3
1140 21177.4
1170 21477.3
1200 21770.2
1230 22056.5
1260 22336.4
1290 22610.2
1320 22878.1
1350 23140.4
1380 23397.3
1410 23648.9
1440 23895.5
1470 24137.3
1500 24374.4
1530 24607
1560 24835.2
1590 25059.2
1620 25279.1
1650 25495.1
1680 25707.2
1710 25915.7
1740 26120.6
1770 26322
1800 26520
1830 26714.7
1860 26906.3
1860 26906.3
