0 0
30 765.468
60 1530.94
90 2296.4
120 3061.87
150 3827.34
180 4592.81
210 5358.24
240 6123.07
270 6884.55
300 7636.12
330 8369.46
360 9077.91
390 9757.92
420 10408.5
450 11030.2
480 11624.3
510 12192.4
540 12736.3
570 13257.8
600 13758.5
630 14239.7
660 14702.9
690 15149.4
720 15580.2
750 15996.3
780 16398.8
810 16788.4
840 17165.9
870 17532.1
900 17887.4
930 18232.6
960 18568.3
990 18894.8
1020 19212.6
1050 19522.2
1080 19824
1110 20118.4
1140 20405.6
1170 20685.9
1200 20959.8
1230 21227.4
1260 21489.1
1290 21745
1320 21995.3
1350 22240.4
1380 22480.4
1410 22715.5
1440 22945.9
1470 23171.7
1500 23393.1
1530 23610.3
1560 23823.3
1590 24032.4
1620 24237.7
1650 24439.3
1680 24637.3
1710 24831.8
1740 25022.9
1770 25210.8
1800 25395.5
1830 25577.2
1860 25755.8
1860 25755.8
