0 0
30 765.468
60 1530.94
90 2296.4
120 3061.87
150 3827.34
180 4592.81
210 5358.28
240 6123.7
270 6888.54
300 7650.16
330 8402.56
360 9137.95
390 9849.99
420 10534.9
450 11191.6
480 11820.4
510 12422.5
540 12999.3
570 13552.7
600 14084
630 14594.8
660 15086.6
690 15560.5
720 16017.9
750 16459.8
780 16887.2
810 17300.9
840 17701.9
870 18090.8
900 18468.4
930 18835.2
960 19191.9
990 19539
1020 19876.9
1050 20206.1
1080 20527.1
1110 20840.2
1140 21145.8
1170 21444.2
1200 21735.8
1230 22020.8
1260 22299.5
1290 22572.3
1320 22839.3
1350 23100.7
1380 23356.7
1410 23607.6
1440 23853.5
1470 24094.6
1500 24331.1
1530 24563.2
1560 24790.9
1590 25014.4
1620 25234
1650 25449.6
1680 25661.5
1710 25869.7
1740 26074.4
1770 26275.6
1800 26473.6
1830 26668.3
1860 26859.8
1860 26859.8
