0 0
30 765.468
60 1530.94
90 2296.4
120 3061.87
150 3827.34
180 4592.79
210 5357.99
240 6121.73
270 6880.6
300 7628.23
330 8357.13
360 9061.41
390 9738.07
420 10386.2
450 11006.3
480 11599.5
510 12167.5
540 12711.9
570 13234.3
600 13736.1
630 14218.9
660 14683.9
690 15132.3
720 15565.3
750 15983.7
780 16388.6
810 16780.7
840 17160.7
870 17529.4
900 17887.3
930 18235
960 18573.1
990 18902.1
1020 19222.3
1050 19534.3
1080 19838.4
1110 20134.9
1140 20424.3
1170 20706.8
1200 20982.7
1230 21252.3
1260 21515.8
1290 21773.6
1320 22025.8
1350 22272.5
1380 22514.1
1410 22750.7
1440 22982.5
1470 23209.7
1500 23432.5
1530 23650.9
1560 23865.2
1590 24075.4
1620 24281.8
1650 24484.4
1680 24683.3
1710 24878.7
1740 25070.7
1770 25259.3
1800 25444.7
1830 25627
1860 25806.3
1860 25806.3
