0 0
30 765.468
60 1530.94
90 2296.39
120 3060.51
150 3812.87
180 4534.59
210 5212.17
240 5841.07
270 6423.31
300 6962.78
330 7463.54
360 7930.13
390 8366.45
420 8776.07
450 9161.94
480 9526.5
510 9871.92
540 10199.9
570 10512
600 10809.8
630 11094.5
660 11367.1
690 11628.6
720 11879.8
750 12121.4
780 12354
810 12578.4
840 12795.1
870 13004.4
900 13206.9
930 13402.8
960 13592.6
990 13776.7
1020 13955.3
1050 14128.8
1080 14297.3
1110 14461.2
1140 14620.7
1170 14775.9
1200 14927.1
1230 15074.5
1260 15218.3
1290 15358.6
1320 15495.5
1350 15629.2
1380 15759.8
1410 15887.5
1440 16012.3
1470 16134.3
1500 16253.8
1530 16370.7
1560 16485.2
1590 16597.3
1620 16707.2
1650 16814.8
1680 16920.4
1710 17024
1740 17125.6
1770 17225.3
1800 17323.1
1830 17419.2
1860 17513.6
1860 17513.6
