0 0
30 1334.53
60 2669.06
90 4003.6
120 5338.13
150 6672.66
180 8007.19
210 9341.72
240 10676.3
270 12010.9
300 13345.7
330 14681.2
360 16018.3
390 17358.5
420 18703.3
450 20054.6
480 21414.5
510 22784.6
540 24166.6
570 25561.5
600 26970.2
630 28393.3
660 29831.1
690 31283.9
720 32751.7
750 34234.3
780 35731.4
810 37242.9
840 38768.3
870 40307.2
900 41859.1
930 43423.6
960 45000.4
990 46588.8
1020 48188.6
1050 49799.3
1080 51420.4
1110 53051.6
1140 54692.5
1170 56342.7
1200 58001.9
1230 59669.9
1260 61346.2
1290 63030.7
1320 64722.9
1350 66422.7
1380 68129.8
1410 69843.9
1440 71564.7
1470 73292.1
1500 75026
1530 76766
1560 78511.9
1590 80263.6
1620 82021
1650 83783.7
1680 85551.8
1710 87325
1740 89103.2
1770 90886.3
1800 92674.1
1830 94466.5
1860 96263.4
1860 96263.4
