0 0
30 765.468
60 1530.94
90 2296.4
120 3061.87
150 3827.34
180 4592.81
210 5358.27
240 6123.7
270 6888.96
300 7653.69
330 8417.08
360 9177.83
390 9934.27
420 10684.5
450 11426.5
480 12158.4
510 12878.8
540 13586.1
570 14279.8
600 14959.2
630 15623.6
660 16273
690 16907.5
720 17527.2
750 18132.4
780 18723.3
810 19300.5
840 19864.2
870 20415.1
900 20953.5
930 21479.7
960 21994.1
990 22497.1
1020 22989.3
1050 23470.9
1080 23942.5
1110 24404.3
1140 24856.7
1170 25300.1
1200 25734.7
1230 26160.8
1260 26578.9
1290 26989.2
1320 27391.8
1350 27787.1
1380 28175.2
1410 28556.5
1440 28931.1
1470 29299.3
1500 29661.2
1530 30017.1
1560 30367.1
1590 30711.5
1620 31050.3
1650 31383.8
1680 31712.1
1710 32035.4
1740 32353.8
1770 32667.5
1800 32976.5
1830 33281.1
1860 33581.3
1860 33581.3
