0 0
30 765.468
60 1530.94
90 2296.4
120 3061.87
150 3827.34
180 4592.77
210 5357.76
240 6120.39
270 6875.8
300 7616.47
330 8335.26
360 9027.22
390 9690.32
420 10324.5
450 10930.5
480 11510.1
510 12064.9
540 12596.5
570 13106.6
600 13596.8
630 14068.4
660 14522.7
690 14960.9
720 15384.1
750 15793
780 16188.7
810 16572
840 16943.4
870 17303.9
900 17653.8
930 17993.9
960 18324.5
990 18646.1
1020 18959.3
1050 19264.4
1080 19561.8
1110 19851.8
1140 20134.8
1170 20411
1200 20680.8
1230 20944.4
1260 21202.2
1290 21454.2
1320 21700.7
1350 21942
1380 22178.2
1410 22409.5
1440 22636.1
1470 22858.1
1500 23075.8
1530 23289.3
1560 23498.7
1590 23704.2
1620 23905.8
1650 24103.8
1680 24298.2
1710 24489.1
1740 24676.7
1770 24861
1800 25042.2
1830 25220.3
1860 25395.5
1860 25395.5
