0 0
30 1334.53
60 2669.06
90 4003.6
120 5338.13
150 6672.66
180 8007.19
210 9341.72
240 10676.3
270 12011.7
300 13351.2
330 14701.9
360 16072.3
390 17468.6
420 18894.1
450 20349.5
480 21833.9
510 23345.8
540 24883.5
570 26445.2
600 28029.1
630 29633.6
660 31257
690 32898.2
720 34555.9
750 36228.8
780 37916.1
810 39616.8
840 41329.9
870 43054.9
900 44791
930 46537.6
960 48294.1
990 50060
1020 51834.8
1050 53618.1
1080 55409.6
1110 57208.7
1140 59015.1
1170 60828.5
1200 62648.5
1230 64474.9
1260 66307.4
1290 68145.7
1320 69989.6
1350 71838.8
1380 73693.3
1410 75552.6
1440 77416.7
1470 79285.5
1500 81158.6
1530 83036
1560 84917.6
1590 86803.1
1620 88692.5
1650 90585.7
1680 92482.4
1710 94382.6
1740 96286.2
1770 98193.1
1800 100103
1830 102016
1860 103932
1860 103932
