0 0
30 1334.53
60 2669.06
90 4003.6
120 5338.13
150 6672.66
180 8007.19
210 9341.85
240 10677.6
270 12017.9
300 13368.6
330 14736.4
360 16126.5
390 17542.3
420 18985
450 20454.5
480 21949.9
510 23470
540 25013.4
570 26578.5
600 28164
630 29768.5
660 31390.7
690 33029.5
720 34683.8
750 36352.8
780 38035.3
810 39730.8
840 41438.4
870 43157.4
900 44887.2
930 46627.3
960 48377
990 50136
1020 51903.7
1050 53679.8
1080 55463.8
1110 57255.4
1140 59054.2
1170 60860.1
1200 62672.6
1230 64491.4
1260 66316.4
1290 68147.3
1320 69983.8
1350 71825.8
1380 73672.9
1410 75525.1
1440 77382.2
1470 79243.9
1500 81110.2
1530 82980.8
1560 84855.7
1590 86734.7
1620 88617.6
1650 90504.3
1680 92394.8
1710 94288.8
1740 96186.3
1770 98087.3
1800 99991.5
1830 101899
1860 103809
1860 103809
