0 0
30 1334.53
60 2669.06
90 4003.6
120 5338.13
150 6672.66
180 8007.19
210 9341.84
240 10677.8
270 12019.3
300 13374.5
330 14751.5
360 16155.8
390 17589.7
420 19053.2
450 20545.5
480 22064.8
510 23609.4
540 25177.5
570 26767.6
600 28377.9
630 30007.1
660 31653.7
690 33316.7
720 34994.8
750 36687.1
780 38392.6
810 40110.7
840 41840.5
870 43581.5
900 45332.8
930 47094.1
960 48864.7
990 50644.2
1020 52432.1
1050 54228.1
1080 56031.7
1110 57842.6
1140 59660.5
1170 61485
1200 63315.9
1230 65153
1260 66995.8
1290 68844.4
1320 70698.3
1350 72557.4
1380 74421.5
1410 76290.4
1440 78164
1470 80042
1500 81924.4
1530 83810.9
1560 85701.4
1590 87595.9
1620 89494.1
1650 91395.9
1680 93301.3
1710 95210.1
1740 97122.2
1770 99037.5
1800 100956
1830 102877
1860 104802
1860 104802
