0 0
30 765.468
60 1530.94
90 2296.4
120 3061.87
150 3827.34
180 4592.81
210 5358.28
240 6123.72
270 6888.74
300 7651.19
330 8405.62
360 9144.59
390 9861.61
420 10552.8
450 11216.6
480 11853
510 12462.8
540 13047.6
570 13608.7
600 14147.8
630 14666.3
660 15165.6
690 15647
720 16111.6
750 16560.6
780 16995
810 17415.6
840 17823.1
870 18218.4
900 18602.2
930 18975.1
960 19337.6
990 19690.4
1020 20033.9
1050 20368.6
1080 20694.9
1110 21013.1
1140 21323.8
1170 21627
1200 21923.3
1230 22212.9
1260 22496.1
1290 22773.1
1320 23044.2
1350 23309.6
1380 23569.6
1410 23824.3
1440 24073.9
1470 24318.7
1500 24558.7
1530 24794.3
1560 25025.4
1590 25252.3
1620 25475
1650 25693.8
1680 25908.7
1710 26119.8
1740 26327.4
1770 26531.5
1800 26732.2
1830 26929.6
1860 27123.9
1860 27123.9
