0 0
30 1334.53
60 2669.06
90 4003.6
120 5338.13
150 6672.66
180 8007.19
210 9341.72
240 10676.3
270 12011
300 13347.5
330 14690
360 16045.9
390 17422.2
420 18823.8
450 20252.4
480 21708.2
510 23190.5
540 24697.9
570 26229.1
600 27782.4
630 29356.4
660 30949.8
690 32561.2
720 34189.5
750 35833.6
780 37492.7
810 39165.6
840 40851.7
870 42550.1
900 44260.2
930 45981.3
960 47712.8
990 49454.3
1020 51205.3
1050 52965.3
1080 54733.8
1110 56510.4
1140 58294.9
1170 60086.7
1200 61885.7
1230 63691.5
1260 65503.8
1290 67322.4
1320 69147
1350 70977.4
1380 72813.4
1410 74654.7
1440 76501.2
1470 78352.7
1500 80209
1530 82069.9
1560 83935.3
1590 85805
1620 87678.9
1650 89556.8
1680 91438.6
1710 93324.3
1740 95213.6
1770 97106.4
1800 99002.8
1830 100902
1860 102805
1860 102805
