0 0
30 1334.53
60 2669.06
90 4003.6
120 5338.13
150 6672.72
180 8008.2
210 9348.45
240 10702.1
270 12079.5
300 13487.9
330 14930.3
360 16406.8
390 17915.7
420 19455
450 21022.3
480 22615.3
510 24231.8
540 25869.6
570 27527.3
600 29203.3
630 30896
660 32604.4
690 34327.3
720 36063.6
750 37812.6
780 39573.3
810 41345.1
840 43127.3
870 44919.4
900 46720.7
930 48530.7
960 50349.1
990 52175.3
1020 54009
1050 55849.8
1080 57697.3
1110 59551.4
1140 61411.6
1170 63277.7
1200 65149.4
1230 67026.5
1260 68908.8
1290 70796
1320 72687.9
1350 74584.4
1380 76485.4
1410 78390.6
1440 80299.9
1470 82213.1
1500 84130.1
1530 86050.8
1560 87974.9
1590 89902.5
1620 91833.4
1650 93767.5
1680 95704.7
1710 97644.8
1740 99587.8
1770 101534
1800 103482
1830 105433
1860 107387
1860 107387
