0 0
30 765.468
60 1530.94
90 2296.4
120 3061.87
150 3827.34
180 4592.81
210 5358.27
240 6123.65
270 6888.67
300 7652.47
330 8413.33
360 9168.64
390 9915.46
420 10650.9
450 11372.5
480 12078.4
510 12767.4
540 13438.8
570 14092.4
600 14728.3
630 15346.7
660 15948.1
690 16533
720 17101.9
750 17655.4
780 18194.1
810 18718.5
840 19229.3
870 19727
900 20212
930 20685.2
960 21146.9
990 21597.6
1020 22037.8
1050 22468
1080 22888.4
1110 23299.5
1140 23701.7
1170 24095.2
1200 24480.5
1230 24858
1260 25227.7
1290 25590.2
1320 25945.5
1350 26294
1380 26636
1410 26971.5
1440 27300.9
1470 27624.4
1500 27942.1
1530 28254.3
1560 28561
1590 28862.6
1620 29159.2
1650 29450.8
1680 29737.7
1710 30019.9
1740 30297.7
1770 30571.1
1800 30840.3
1830 31105.4
1860 31366.6
1860 31366.6
