0 0
30 765.468
60 1530.9
90 2292.83
120 3034.21
150 3734.64
180 4384.8
210 4983.9
240 5535.22
270 6044.34
300 6516.57
330 6956.12
360 7367.43
390 7753.96
420 8117.84
450 8461.58
480 8787.25
510 9096.48
540 9390.81
570 9671.51
600 9939.72
630 10196.4
660 10442.4
690 10678.5
720 10905.4
750 11123.8
780 11334.3
810 11537.3
840 11733.3
870 11922.6
900 12105.8
930 12283.2
960 12455
990 12621.7
1020 12783.4
1050 12940.4
1080 13092.9
1110 13241.3
1140 13385.6
1170 13526.1
1200 13663
1230 13796.4
1260 13926.5
1290 14053.5
1320 14177.4
1350 14298.3
1380 14416.5
1410 14532
1440 14644.9
1470 14755.3
1500 14863.3
1530 14969.1
1560 15072.6
1590 15174
1620 15273.3
1650 15370.6
1680 15466.1
1710 15559.6
1740 15651.4
1770 15741.5
1800 15829.8
1830 15916.6
1860 16001.8
1860 16001.8
