0 0
30 765.468
60 1530.62
90 2283.6
120 2988.48
150 3626.02
180 4197.8
210 4711.94
240 5177.88
270 5602.78
300 5993.34
330 6354.58
360 6690.66
390 7004.54
420 7298.8
450 7576.03
480 7837.64
510 8085.22
540 8320.18
570 8543.65
600 8756.64
630 8960.03
660 9154.58
690 9340.98
720 9519.83
750 9691.66
780 9856.9
810 10016
840 10169.4
870 10317.4
900 10460.4
930 10598.7
960 10732.5
990 10862.1
1020 10987.8
1050 11109.6
1080 11228
1110 11343
1140 11454.7
1170 11563.4
1200 11669.2
1230 11772.3
1260 11872.6
1290 11970.5
1320 12065.9
1350 12159
1380 12249.9
1410 12338.7
1440 12425.3
1470 12510
1500 12592.9
1530 12673.8
1560 12753.1
1590 12830.6
1620 12906.5
1650 12980.9
1680 13053.7
1710 13125.1
1740 13195.1
1770 13263.6
1800 13330.9
1830 13396.9
1860 13461.7
1860 13461.7
