0 0
30 1334.53
60 2669.06
90 4003.6
120 5338.13
150 6672.66
180 8007.19
210 9341.72
240 10676.3
270 12010.8
300 13345.3
330 14679.9
360 16014.4
390 17349
420 18683.8
450 20019
480 21355.2
510 22693.1
540 24033.5
570 25377.3
600 26725.3
630 28078.5
660 29437.5
690 30802.9
720 32175.3
750 33555.1
780 34942.6
810 36338.2
840 37742.1
870 39154.6
900 40575.8
930 42005.9
960 43444.8
990 44892.8
1020 46349.7
1050 47815.5
1080 49290.3
1110 50774
1140 52266.5
1170 53767.7
1200 55277.4
1230 56795.4
1260 58321.7
1290 59856.1
1320 61398.4
1350 62948.5
1380 64506.2
1410 66071.4
1440 67643.9
1470 69223.5
1500 70810.2
1530 72403.7
1560 74004.1
1590 75611
1620 77224.5
1650 78844.3
1680 80470.3
1710 82102.3
1740 83740.3
1770 85384.2
1800 87033.8
1830 88689
1860 90349.7
1860 90349.7
