0 0
30 1334.53
60 2669.06
90 4003.6
120 5338.13
150 6672.66
180 8007.19
210 9341.8
240 10677.1
270 12015.4
300 13361.4
330 14721.2
360 16100.7
390 17503.9
420 18933.1
450 20389
480 21870.9
510 23377.8
540 24908.6
570 26461.6
600 28035.5
630 29629
660 31240.7
690 32869.6
720 34514.4
750 36174.2
780 37848
810 39535
840 41234.5
870 42945.8
900 44668.2
930 46401.1
960 48143.9
990 49896.3
1020 51657.6
1050 53427.5
1080 55205.6
1110 56991.6
1140 58784.9
1170 60585.5
1200 62392.8
1230 64206.7
1260 66026.8
1290 67853
1320 69685.1
1350 71522.7
1380 73365.7
1410 75213.8
1440 77066.9
1470 78924.8
1500 80787.4
1530 82654.5
1560 84526
1590 86401.6
1620 88281.3
1650 90164.9
1680 92052.3
1710 93943.5
1740 95838.1
1770 97736.3
1800 99637.8
1830 101543
1860 103451
1860 103451
