0 0
30 1334.53
60 2669.06
90 4003.6
120 5338.13
150 6672.76
180 8009.11
210 9354.61
240 10721.5
270 12119.2
300 13552.4
330 15021.9
360 16526.5
390 18063.7
420 19630.9
450 21225.5
480 22845.1
510 24487.5
540 26150.5
570 27832.6
600 29532.3
630 31248.3
660 32979.4
690 34724.5
720 36482.6
750 38252.8
780 40034.4
810 41826.8
840 43629.2
870 45441.1
900 47261.8
930 49091
960 50928.1
990 52772.6
1020 54624.3
1050 56482.7
1080 58347.6
1110 60218.7
1140 62095.6
1170 63978
1200 65865.8
1230 67758.8
1260 69656.6
1290 71559.3
1320 73466.4
1350 75377.9
1380 77293.6
1410 79213.3
1440 81136.8
1470 83064.1
1500 84995
1530 86929.3
1560 88866.9
1590 90807.7
1620 92751.7
1650 94698.6
1680 96648.5
1710 98601.2
1740 100557
1770 102515
1800 104475
1830 106438
1860 108404
1860 108404
