0 0
30 1334.53
60 2669.06
90 4003.6
120 5338.13
150 6672.66
180 8007.32
210 9343.36
240 10685.5
270 12042.3
300 13422.4
330 14831.8
360 16272.8
390 17745.4
420 19248.2
450 20779.5
480 22337
510 23919.1
540 25523.7
570 27149.1
600 28793.7
630 30456.1
660 32134.8
690 33829
720 35537.4
750 37259.1
780 38993.2
810 40739.2
840 42496.1
870 44263.4
900 46040.5
930 47826.9
960 49622.1
990 51425.6
1020 53237
1050 55055.9
1080 56882
1110 58714.9
1140 60554.3
1170 62399.9
1200 64251.6
1230 66108.9
1260 67971.8
1290 69839.9
1320 71713.1
1350 73591.1
1380 75473.7
1410 77360.9
1440 79252.4
1470 81148.1
1500 83047.8
1530 84951.4
1560 86858.8
1590 88769.8
1620 90684.4
1650 92602.3
1680 94523.5
1710 96447.9
1740 98375.4
1770 100306
1800 102239
1830 104175
1860 106114
1860 106114
