0 0
30 1334.53
60 2669.06
90 4003.6
120 5338.13
150 6672.66
180 8007.19
210 9341.73
240 10676.4
270 12012.3
300 13353.7
330 14708
360 16083.2
390 17484.6
420 18915.1
450 20375.1
480 21863.7
510 23379.5
540 24920.7
570 26485.6
600 28072.3
630 29679.4
660 31305.2
690 32948.6
720 34608.3
750 36283.3
780 37972.4
810 39674.8
840 41389.7
870 43116.3
900 44854
930 46602
960 48359.8
990 50127
1020 51902.9
1050 53687.3
1080 55479.8
1110 57279.9
1140 59087.3
1170 60901.6
1200 62722.6
1230 64550
1260 66383.4
1290 68222.6
1320 70067.3
1350 71917.4
1380 73772.7
1410 75632.9
1440 77497.8
1470 79367.3
1500 81241.2
1530 83119.3
1560 85001.6
1590 86887.8
1620 88777.8
1650 90671.6
1680 92569
1710 94469.9
1740 96374.2
1770 98281.7
1800 100192
1830 102106
1860 104023
1860 104023
