0 0
30 765.468
60 1530.94
90 2296.4
120 3061.87
150 3827.34
180 4592.81
210 5358.19
240 6122.81
270 6884.24
300 7637.71
330 8377.27
360 9097.55
390 9794.55
420 10466.1
450 11111.6
480 11731.3
510 12326.3
540 12897.6
570 13446.7
600 13975
630 14483.7
660 14974.1
690 15447.4
720 15904.6
750 16346.7
780 16774.8
810 17189.5
840 17591.6
870 17981.9
900 18361
930 18729.5
960 19088
990 19436.9
1020 19776.8
1050 20107.9
1080 20430.8
1110 20745.9
1140 21053.6
1170 21354
1200 21647.6
1230 21934.6
1260 22215.4
1290 22490.2
1320 22759
1350 23022.3
1380 23280.2
1410 23533
1440 23780.7
1470 24023.5
1500 24261.7
1530 24495.4
1560 24724.7
1590 24949.9
1620 25171
1650 25388.1
1680 25601.4
1710 25811
1740 26017
1770 26219.6
1800 26418.8
1830 26614.7
1860 26807.4
1860 26807.4
