0 0
30 765.468
60 1530.94
90 2296.4
120 3061.87
150 3827.34
180 4592.81
210 5358.28
240 6123.72
270 6888.84
300 7651.92
330 8408.33
360 9150.76
390 9871.78
420 10566.3
450 11231.9
480 11868.4
510 12476.9
540 13058.8
570 13615.7
600 14149.7
630 14662.1
660 15154.5
690 15628.5
720 16085.3
750 16526.1
780 16952
810 17363.9
840 17762.7
870 18149.1
900 18524
930 18887.9
960 19241.5
990 19585.5
1020 19920.2
1050 20246.1
1080 20563.7
1110 20873.3
1140 21175.2
1170 21469.8
1200 21757.4
1230 22038.4
1260 22313.1
1290 22581.6
1320 22844.4
1350 23101.5
1380 23353.3
1410 23600
1440 23841.7
1470 24078.6
1500 24311
1530 24538.9
1560 24762.6
1590 24982.2
1620 25197.8
1650 25409.5
1680 25617.5
1710 25821.9
1740 26022.8
1770 26220.4
1800 26414.6
1830 26605.6
1860 26793.5
1860 26793.5
