0 0
30 765.468
60 1530.94
90 2296.4
120 3061.87
150 3827.34
180 4592.64
210 5356.17
240 6111.95
270 6850.27
300 7562.47
330 8243.61
360 8892.12
390 9508.75
420 10094.9
450 10652.6
480 11183.9
510 11690.9
540 12175.6
570 12639.9
600 13085.1
630 13512.7
660 13924.2
690 14320.6
720 14702.9
750 15072
780 15428.7
810 15773.9
840 16108.1
870 16432.2
900 16746.5
930 17051.7
960 17348.2
990 17636.4
1020 17916.8
1050 18189.8
1080 18455.7
1110 18714.9
1140 18967.7
1170 19214.3
1200 19455
1230 19690.2
1260 19919.9
1290 20144.4
1320 20364
1350 20578.8
1380 20789.1
1410 20994.9
1440 21196.5
1470 21393.9
1500 21587.4
1530 21777.1
1560 21963
1590 22145.4
1620 22324.4
1650 22500
1680 22672.5
1710 22841.7
1740 23008
1770 23171.4
1800 23331.9
1830 23489.6
1860 23644.7
1860 23644.7
