0 0
30 1334.53
60 2669.06
90 4003.6
120 5338.13
150 6672.66
180 8007.2
210 9341.85
240 10677.4
270 12016.4
300 13363.5
330 14724.7
360 16105.2
390 17509.1
420 18938.4
450 20394
480 21875.4
510 23381.7
540 24911.7
570 26464
600 28037.5
630 29630.8
660 31242.7
690 32871.9
720 34517.4
750 36178.2
780 37853.2
810 39541.5
840 41242.4
870 42955.1
900 44679.1
930 46413.6
960 48158
990 49911.9
1020 51675
1050 53446.7
1080 55226.5
1110 57014.2
1140 58809.4
1170 60611.8
1200 62421
1230 64236.7
1260 66058.7
1290 67886.7
1320 69720.5
1350 71559.8
1380 73404.5
1410 75254.4
1440 77109.2
1470 78968.7
1500 80832.9
1530 82701.6
1560 84574.5
1590 86451.7
1620 88332.8
1650 90217.9
1680 92106.7
1710 93999.2
1740 95895.3
1770 97794.7
1800 99697.5
1830 101604
1860 103513
1860 103513
