0 0
30 765.468
60 1530.94
90 2296.4
120 3061.87
150 3827.34
180 4592.8
210 5358.12
240 6122.39
270 6882.8
300 7633.88
330 8368.55
360 9080.69
390 9766.47
420 10424.5
450 11054.8
480 11658.4
510 12236.6
540 12790.9
570 13323
600 13834.4
630 14326.4
660 14800.4
690 15257.7
720 15699.2
750 16126
780 16538.9
810 16938.8
840 17326.5
870 17702.6
900 18067.8
930 18422.7
960 18767.8
990 19103.6
1020 19430.5
1050 19749.1
1080 20059.7
1110 20362.6
1140 20658.1
1170 20946.7
1200 21228.6
1230 21504.1
1260 21773.5
1290 22036.9
1320 22294.7
1350 22547
1380 22794.1
1410 23036.1
1440 23273.2
1470 23505.6
1500 23733.5
1530 23957.1
1560 24176.4
1590 24391.6
1620 24602.9
1650 24810.3
1680 25014
1710 25214.1
1740 25410.7
1770 25604
1800 25793.9
1830 25980.7
1860 26164.4
1860 26164.4
