0 0
30 1334.53
60 2669.06
90 4003.6
120 5338.13
150 6672.66
180 8007.19
210 9341.72
240 10676.3
270 12010.8
300 13345.6
330 14681.1
360 16018.2
390 17358.5
420 18703.9
450 20057.1
480 21420.3
510 22795.8
540 24185.4
570 25590.5
600 27011.9
630 28449.8
660 29904.5
690 31375.7
720 32863.2
750 34366.6
780 35885.3
810 37418.8
840 38966.7
870 40528.3
900 42103.2
930 43690.7
960 45290.4
990 46901.7
1020 48524.2
1050 50157.4
1080 51801
1110 53454.5
1140 55117.7
1170 56790.1
1200 58471.4
1230 60161.3
1260 61859.3
1290 63565.3
1320 65278.9
1350 66999.8
1380 68727.9
1410 70462.7
1440 72204.1
1470 73952
1500 75705.9
1530 77465.8
1560 79231.5
1590 81002.8
1620 82779.5
1650 84561.5
1680 86348.6
1710 88140.6
1740 89937.4
1770 91738.9
1800 93545
1830 95355.4
1860 97170.1
1860 97170.1
