0 0
30 765.468
60 1530.94
90 2296.4
120 3061.87
150 3827.34
180 4592.8
210 5358.11
240 6122.14
270 6881.2
300 7629.02
330 8358.94
360 9065.74
390 9746.36
420 10399.8
450 11026.2
480 11626.7
510 12202.4
540 12755
570 13285.8
600 13796.4
630 14288.1
660 14762
690 15219.6
720 15661.6
750 16089.1
780 16503
810 16904.1
840 17293.1
870 17670.8
900 18037.7
930 18394.4
960 18741.4
990 19079.3
1020 19408.5
1050 19729.3
1080 20042.3
1110 20347.7
1140 20645.9
1170 20937.2
1200 21221.9
1230 21500.2
1260 21772.5
1290 22038.9
1320 22299.8
1350 22555.2
1380 22805.4
1410 23050.6
1440 23291
1470 23526.7
1500 23758
1530 23984.9
1560 24207.6
1590 24426.2
1620 24640.9
1650 24851.8
1680 25059.1
1710 25262.7
1740 25462.9
1770 25659.8
1800 25853.4
1830 26043.8
1860 26231.2
1860 26231.2
