0 0
30 765.468
60 1530.94
90 2296.4
120 3061.87
150 3827.33
180 4592.57
210 5356.04
240 6112.54
270 6853.11
300 7569.03
330 8254.87
360 8908.62
390 9530.65
420 10122.3
450 10685.5
480 11222.2
510 11734.6
540 12224.5
570 12693.8
600 13144
630 13576.5
660 13992.6
690 14393.4
720 14779.8
750 15153
780 15513.7
810 15862.7
840 16200.6
870 16528.2
900 16845.9
930 17154.3
960 17453.9
990 17745.2
1020 18028.6
1050 18304.4
1080 18573.1
1110 18834.9
1140 19090.2
1170 19339.2
1200 19582.3
1230 19819.6
1260 20051.5
1290 20278
1320 20499.6
1350 20716.3
1380 20928.4
1410 21135.9
1440 21339.2
1470 21538.2
1500 21733.2
1530 21924.3
1560 22111.7
1590 22295.5
1620 22475.8
1650 22652.7
1680 22826.4
1710 22996.9
1740 23164.3
1770 23328.7
1800 23490.3
1830 23649.1
1860 23805.2
1860 23805.2
