0 0
30 765.468
60 1530.94
90 2296.4
120 3061.87
150 3827.34
180 4592.81
210 5358.28
240 6123.72
270 6888.75
300 7651.23
330 8405.59
360 9143.99
390 9859.54
420 10547.7
450 11206.7
480 11837
510 12439.5
540 13015.9
570 13567.8
600 14097
630 14605.1
660 15093.7
690 15564
720 16017.4
750 16455
780 16877.9
810 17286.9
840 17683
870 18066.9
900 18439.2
930 18800.8
960 19152.1
990 19493.8
1020 19826.3
1050 20150.2
1080 20465.8
1110 20773.5
1140 21073.7
1170 21366.7
1200 21652.8
1230 21932.4
1260 22205.8
1290 22473.1
1320 22734.6
1350 22990.6
1380 23241.2
1410 23486.8
1440 23727.4
1470 23963.2
1500 24194.5
1530 24421.4
1560 24644
1590 24862.6
1620 25077.1
1650 25287.9
1680 25494.9
1710 25698.3
1740 25898.2
1770 26094.8
1800 26288.1
1830 26478.2
1860 26665.3
1860 26665.3
