0 0
30 1334.53
60 2669.06
90 4003.6
120 5338.13
150 6672.66
180 8007.19
210 9341.77
240 10676.9
270 12014.6
300 13359.6
330 14718.5
360 16097.8
390 17501.8
420 18932.3
450 20389.6
480 21873.2
510 23381.6
540 24913.8
570 26468.2
600 28043.2
630 29637.7
660 31250.2
690 32879.6
720 34524.9
750 36185.1
780 37859.3
810 39546.6
840 41246.3
870 42957.7
900 44680.2
930 46413.2
960 48156.2
990 49908.6
1020 51670
1050 53439.9
1080 55217.9
1110 57003.8
1140 58797.2
1170 60597.6
1200 62404.8
1230 64218.6
1260 66038.6
1290 67864.7
1320 69696.6
1350 71534
1380 73376.8
1410 75224.7
1440 77077.7
1470 78935.4
1500 80797.8
1530 82664.7
1560 84535.9
1590 86411.3
1620 88290.7
1650 90174.1
1680 92061.2
1710 93952
1740 95846.4
1770 97744.2
1800 99645.4
1830 101550
1860 103458
1860 103458
