0 0
30 765.468
60 1530.94
90 2296.4
120 3061.87
150 3827.34
180 4592.81
210 5358.28
240 6123.74
270 6889.19
300 7654.51
330 8419.23
360 9182.22
390 9941.58
420 10694.8
450 11439.4
480 12172.7
510 12892.6
540 13597.5
570 14286.3
600 14958.5
630 15613.8
660 16252.2
690 16874.1
720 17479.7
750 18069.6
780 18644.2
810 19204.2
840 19750
870 20282.3
900 20801.5
930 21308
960 21802.5
990 22285.3
1020 22756.9
1050 23217.9
1080 23668.6
1110 24109.3
1140 24540.6
1170 24962.8
1200 25376.3
1230 25781.2
1260 26178.1
1290 26567.1
1320 26948.5
1350 27322.7
1380 27689.7
1410 28050
1440 28403.7
1470 28751.1
1500 29092.3
1530 29427.6
1560 29757.2
1590 30081.1
1620 30399.6
1650 30712.9
1680 31021.1
1710 31324.3
1740 31622.7
1770 31916.4
1800 32205.7
1830 32490.5
1860 32771
1860 32771
