0 0
30 765.468
60 1530.94
90 2296.4
120 3061.87
150 3827.34
180 4592.81
210 5358.28
240 6123.74
270 6889.21
300 7654.68
330 8420.15
360 9185.62
390 9951.08
420 10716.6
450 11482
480 12247.5
510 13013
540 13778.4
570 14543.9
600 15309.4
630 16074.8
660 16840.3
690 17605.8
720 18371.2
750 19136.6
780 19902
810 20667.2
840 21432.3
870 22197.2
900 22961.7
930 23725.7
960 24489
990 25251.5
1020 26012.8
1050 26772.7
1080 27530.9
1110 28287.1
1140 29041
1170 29792.1
1200 30540.1
1230 31284.8
1260 32025.7
1290 32762.5
1320 33495
1350 34222.8
1380 34945.7
1410 35663.3
1440 36375.6
1470 37082.3
1500 37783.2
1530 38478.2
1560 39167.1
1590 39849.8
1620 40526.2
1650 41196.3
1680 41860.1
1710 42517.6
1740 43168.6
1770 43813.2
1800 44451.4
1830 45083.2
1860 45708.8
1860 45708.8
