0 0
30 1334.53
60 2669.06
90 4003.6
120 5338.13
150 6672.66
180 8007.19
210 9341.73
240 10676.4
270 12011.8
300 13351.2
330 14700.6
360 16067.7
390 17458
420 18875
450 20319.4
480 21791
510 23288.7
540 24811.1
570 26356.7
600 27923.9
630 29511.3
660 31117.5
690 32741.3
720 34381.6
750 36037.4
780 37707.6
810 39391.4
840 41087.9
870 42796.4
900 44516.3
930 46246.9
960 47987.8
990 49738.4
1020 51498.1
1050 53266.5
1080 55043.2
1110 56827.9
1140 58620.1
1170 60419.5
1200 62225.8
1230 64038.8
1260 65858.1
1290 67683.5
1320 69514.9
1350 71351.8
1380 73194.2
1410 75041.8
1440 76894.5
1470 78752
1500 80614.1
1530 82480.8
1560 84351.9
1590 86227.1
1620 88106.4
1650 89989.7
1680 91876.8
1710 93767.6
1740 95661.9
1770 97559.8
1800 99461
1830 101365
1860 103273
1860 103273
