0 0
30 1334.53
60 2669.06
90 4003.6
120 5338.13
150 6672.66
180 8007.24
210 9342.77
240 10684.1
270 12041.6
300 13426
330 14843.6
360 16296.4
390 17783.6
420 19303.2
450 20852.6
480 22429.5
510 24031.5
540 25656.5
570 27302.6
600 28968.1
630 30651.5
660 32351.4
690 34066.7
720 35796.2
750 37539
780 39294.1
810 41060.8
840 42838.4
870 44626.2
900 46423.6
930 48230.2
960 50045.3
990 51868.5
1020 53699.4
1050 55537.6
1080 57382.7
1110 59234.5
1140 61092.6
1170 62956.8
1200 64826.7
1230 66702
1260 68582.7
1290 70468.3
1320 72358.8
1350 74254
1380 76153.6
1410 78057.5
1440 79965.5
1470 81877.6
1500 83793.4
1530 85712.9
1560 87636
1590 89562.6
1620 91492.4
1650 93425.5
1680 95361.6
1710 97300.8
1740 99242.9
1770 101188
1800 103135
1830 105086
1860 107038
1860 107038
