0 0
30 1334.53
60 2669.06
90 4003.6
120 5338.13
150 6672.66
180 8007.19
210 9341.72
240 10676.3
270 12010.9
300 13346
330 14683.2
360 16025.7
390 17378.3
420 18746.1
450 20132.9
480 21541.3
510 22972.4
540 24426.6
570 25903.4
600 27401.9
630 28921.2
660 30460.2
690 32018
720 33593.4
750 35185.5
780 36793.5
810 38416.4
840 40053.3
870 41703.6
900 43366.4
930 45041.2
960 46727.3
990 48424.2
1020 50131.4
1050 51848.2
1080 53574.3
1110 55309.2
1140 57052.5
1170 58803.9
1200 60563
1230 62329.4
1260 64102.9
1290 65883.3
1320 67670.2
1350 69463.4
1380 71262.6
1410 73067.7
1440 74878.4
1470 76694.5
1500 78515.8
1530 80342.1
1560 82173.4
1590 84009.4
1620 85849.9
1650 87694.8
1680 89544
1710 91397.3
1740 93254.7
1770 95115.9
1800 96981
1830 98849.8
1860 100722
1860 100722
