0 0
30 1334.53
60 2669.06
90 4003.6
120 5338.13
150 6672.66
180 8007.19
210 9341.75
240 10676.7
270 12014.2
300 13359.2
330 14719.3
360 16101.4
390 17510
420 18946.9
450 20412.1
480 21904.6
510 23422.9
540 24965.5
570 26530.7
600 28117
630 29723
660 31347.2
690 32988.4
720 34645.6
750 36317.7
780 38003.7
810 39702.8
840 41414.2
870 43137.3
900 44871.4
930 46615.9
960 48370.2
990 50133.8
1020 51906.4
1050 53687.4
1080 55476.4
1110 57273.1
1140 59077.1
1170 60888.1
1200 62705.9
1230 64530
1260 66360.3
1290 68196.6
1320 70038.5
1350 71885.8
1380 73738.4
1410 75596
1440 77458.5
1470 79325.8
1500 81197.5
1530 83073.6
1560 84954
1590 86838.4
1620 88726.8
1650 90619
1680 92514.8
1710 94414.3
1740 96317.2
1770 98223.6
1800 100133
1830 102046
1860 103962
1860 103962
