0 0
30 765.468
60 1530.94
90 2296.4
120 3061.87
150 3827.31
180 4591.85
210 5350.04
240 6090.26
270 6800.73
300 7474.73
330 8110.22
360 8708.4
390 9271.91
420 9803.71
450 10306.9
480 10784
510 11237.5
540 11669.7
570 12082.3
600 12477.1
630 12855.4
660 13218.6
690 13567.9
720 13904.3
750 14228.7
780 14541.9
810 14844.6
840 15137.6
870 15421.4
900 15696.5
930 15963.4
960 16222.6
990 16474.6
1020 16719.7
1050 16958.2
1080 17190.4
1110 17416.7
1140 17637.3
1170 17852.6
1200 18062.6
1230 18267.8
1260 18468.2
1290 18664.1
1320 18855.6
1350 19043
1380 19226.4
1410 19406
1440 19581.9
1470 19754.2
1500 19923
1530 20088.5
1560 20250.8
1590 20410
1620 20566.2
1650 20719.5
1680 20870
1710 21017.8
1740 21163
1770 21305.6
1800 21445.8
1830 21583.7
1860 21719.1
1860 21719.1
