0 0
30 1334.53
60 2670.43
90 4033.12
120 5459.62
150 6957.27
180 8519.23
210 10136.4
240 11799.4
270 13500.8
300 15234.5
330 16995.5
360 18780.4
390 20586
420 22410.2
450 24250.9
480 26106.1
510 27974.6
540 29854.9
570 31746.1
600 33647.2
630 35557.3
660 37475.8
690 39402
720 41335.3
750 43275.2
780 45221.3
810 47173.2
840 49130.5
870 51092.7
900 53059.7
930 55031.1
960 57006.6
990 58986.1
1020 60969.2
1050 62955.9
1080 64945.9
1110 66939.1
1140 68935.2
1170 70934.2
1200 72936
1230 74940.3
1260 76947.1
1290 78956.3
1320 80967.8
1350 82981.5
1380 84997.2
1410 87014.9
1440 89034.5
1470 91056
1500 93079.2
1530 95104.2
1560 97130.7
1590 99158.9
1620 101189
1650 103220
1680 105252
1710 107286
1740 109321
1770 111358
1800 113396
1830 115435
1860 117475
1860 117475
