0 0
30 1334.53
60 2669.06
90 4003.6
120 5338.13
150 6672.66
180 8007.19
210 9341.73
240 10676.3
270 12011.1
300 13346.6
330 14683.9
360 16024.7
390 17371.2
420 18725.3
450 20089.2
480 21464.5
510 22852.5
540 24254.4
570 25671
600 27102.8
630 28550.2
660 30013.2
690 31491.8
720 32985.9
750 34495.2
780 36019.3
810 37557.7
840 39110.3
870 40676.4
900 42255.7
930 43847.6
960 45451.6
990 47067.3
1020 48694.1
1050 50331.7
1080 51979.8
1110 53637.8
1140 55305.5
1170 56982.4
1200 58668.2
1230 60362.6
1260 62065.1
1290 63775.6
1320 65493.7
1350 67219.1
1380 68951.6
1410 70691
1440 72437
1470 74189.3
1500 75947.8
1530 77712.3
1560 79482.6
1590 81258.5
1620 83039.8
1650 84826.4
1680 86618.1
1710 88414.8
1740 90216.2
1770 92022.4
1800 93833
1830 95648
1860 97467.3
1860 97467.3
