0 0
30 765.468
60 1530.94
90 2296.4
120 3061.87
150 3827.34
180 4592.68
210 5356.64
240 6114.47
270 6857.69
300 7577.55
330 8268.2
360 8927.2
390 9554.62
420 10151.8
450 10720.5
480 11263
510 11780.9
540 12276.3
570 12750.9
600 13206.3
630 13643.9
660 14065.2
690 14471
720 14862.6
750 15240.9
780 15606.8
810 15960.8
840 16303.9
870 16636.6
900 16959.5
930 17273.1
960 17577.9
990 17874.4
1020 18163
1050 18444.1
1080 18718
1110 18985.1
1140 19245.7
1170 19500.1
1200 19748.4
1230 19991.1
1260 20228.2
1290 20460.1
1320 20686.9
1350 20909
1380 21126.3
1410 21339.1
1440 21547.6
1470 21751.9
1500 21952.2
1530 22148.6
1560 22341.2
1590 22530.2
1620 22715.6
1650 22897.7
1680 23076.5
1710 23252.1
1740 23424.6
1770 23594.1
1800 23760.8
1830 23924.6
1860 24085.6
1860 24085.6
