0 0
30 1334.53
60 2669.06
90 4003.6
120 5338.13
150 6672.66
180 8007.19
210 9341.72
240 10676.3
270 12010.8
300 13345.5
330 14680.8
360 16017.8
390 17358.4
420 18705.2
450 20060.6
480 21427.3
510 22807.4
540 24202.5
570 25613.7
600 27041.5
630 28486.2
660 29947.8
690 31425.9
720 32920.3
750 34430.4
780 35955.8
810 37495.8
840 39050
870 40617.7
900 42198.5
930 43792
960 45397.5
990 47014.7
1020 48643.1
1050 50282.1
1080 51931.4
1110 53590.7
1140 55259.4
1170 56937.2
1200 58623.7
1230 60318.8
1260 62021.9
1290 63732.9
1320 65451.5
1350 67177.3
1380 68910.3
1410 70650
1440 72396.3
1470 74148.9
1500 75907.7
1530 77672.4
1560 79442.8
1590 81218.9
1620 83000.4
1650 84787.1
1680 86578.9
1710 88375.7
1740 90177.3
1770 91983.6
1800 93794.3
1830 95609.5
1860 97429
1860 97429
