0 0
30 765.468
60 1530.94
90 2296.4
120 3061.87
150 3827.34
180 4592.81
210 5358.27
240 6123.61
270 6887.84
300 7647.6
330 8396.68
360 9128.08
390 9836.5
420 10519.2
450 11175
480 11804.5
510 12408.7
540 12988.7
570 13546.1
600 14082.2
630 14598.5
660 15096.3
690 15576.6
720 16040.7
750 16489.6
780 16924.1
810 17345.2
840 17753.6
870 18149.9
900 18535
930 18909.3
960 19273.5
990 19628
1020 19973.4
1050 20310
1080 20638.3
1110 20958.6
1140 21271.3
1170 21576.8
1200 21875.4
1230 22167.3
1260 22452.7
1290 22732.1
1320 23005.5
1350 23273.2
1380 23535.5
1410 23792.6
1440 24044.6
1470 24291.7
1500 24534.1
1530 24771.9
1560 25005.3
1590 25234.4
1620 25459.5
1650 25680.5
1680 25897.7
1710 26111.1
1740 26321
1770 26527.2
1800 26730.1
1830 26929.7
1860 27126.1
1860 27126.1
