0 0
30 765.468
60 1530.94
90 2296.4
120 3061.87
150 3827.34
180 4592.78
210 5357.89
240 6121.07
270 6877.72
300 7620.03
330 8340.19
360 9033.13
390 9696.82
420 10331.1
450 10936.9
480 11515.6
510 12069.2
540 12599.3
570 13107.7
600 13595.9
630 14065.4
660 14517.5
690 14953.3
720 15374.1
750 15780.5
780 16173.7
810 16554.3
840 16923.2
870 17280.9
900 17628.2
930 17965.5
960 18293.4
990 18612.3
1020 18922.8
1050 19225.1
1080 19519.8
1110 19807.1
1140 20087.4
1170 20361
1200 20628.2
1230 20889.2
1260 21144.3
1290 21393.7
1320 21637.6
1350 21876.3
1380 22110
1410 22338.8
1440 22562.9
1470 22782.5
1500 22997.8
1530 23208.9
1560 23415.9
1590 23619.1
1620 23818.4
1650 24014
1680 24206.2
1710 24394.8
1740 24580.2
1770 24762.3
1800 24941.3
1830 25117.2
1860 25290.2
1860 25290.2
