0 0
30 765.468
60 1530.94
90 2296.4
120 3061.87
150 3827.34
180 4592.81
210 5358.28
240 6123.73
270 6888.87
300 7651.94
330 8408.13
360 9150.22
390 9871.6
420 10567.8
450 11237
480 11878.9
510 12494.3
540 13084.5
570 13650.9
600 14195.2
630 14718.6
660 15222.7
690 15708.6
720 16177.5
750 16630.5
780 17068.6
810 17492.9
840 17904
870 18302.7
900 18689.7
930 19065.7
960 19431.3
990 19787
1020 20133.3
1050 20470.7
1080 20799.6
1110 21120.4
1140 21433.5
1170 21739.1
1200 22037.7
1230 22329.6
1260 22614.9
1290 22894
1320 23167.2
1350 23434.7
1380 23696.8
1410 23953.4
1440 24205
1470 24451.6
1500 24693.5
1530 24930.8
1560 25163.6
1590 25392.2
1620 25616.7
1650 25837.1
1680 26053.6
1710 26266.4
1740 26475.6
1770 26681.2
1800 26883.4
1830 27082.3
1860 27278
1860 27278
