0 0
30 765.468
60 1530.94
90 2296.4
120 3061.87
150 3827.34
180 4592.8
210 5358.06
240 6121.81
270 6880.08
300 7626.15
330 8352.63
360 9054.05
390 9727.47
420 10372.3
450 10989
480 11579
510 12143.9
540 12685.3
570 13204.7
600 13703.7
630 14183.8
660 14646.2
690 15092.2
720 15522.8
750 15938.9
780 16341.6
810 16731.6
840 17109.6
870 17476.3
900 17832.4
930 18178.4
960 18514.9
990 18842.3
1020 19161.1
1050 19471.7
1080 19774.5
1110 20069.9
1140 20358.2
1170 20639.6
1200 20914.6
1230 21183.2
1260 21445.9
1290 21702.8
1320 21954.2
1350 22200.3
1380 22441.3
1410 22677.4
1440 22908.8
1470 23135.6
1500 23358
1530 23576.1
1560 23790.1
1590 24000.1
1620 24206.3
1650 24408.8
1680 24607.6
1710 24803
1740 24995
1770 25183.8
1800 25369.3
1830 25551.8
1860 25731.2
1860 25731.2
