0 0
30 1334.53
60 2669.06
90 4003.6
120 5338.13
150 6672.66
180 8007.19
210 9341.73
240 10676.4
270 12011.9
300 13351.4
330 14700.8
360 16067.3
390 17456.7
420 18872.6
450 20316.1
480 21787.1
510 23284.4
540 24806.6
570 26352.3
600 27919.8
630 29507.7
660 31114.5
690 32739
720 34380.1
750 36036.6
780 37707.5
810 39392
840 41089.3
870 42798.6
900 44519.2
930 46250.6
960 47992.1
990 49743.2
1020 51503.4
1050 53272.3
1080 55049.4
1110 56834.4
1140 58626.9
1170 60426.5
1200 62233
1230 64046
1260 65865.3
1290 67690.6
1320 69521.7
1350 71358.4
1380 73200.4
1410 75047.5
1440 76899.6
1470 78756.5
1500 80618
1530 82484
1560 84354.3
1590 86228.7
1620 88107.2
1650 89989.6
1680 91875.8
1710 93765.6
1740 95659
1770 97555.8
1800 99455.9
1830 101359
1860 103266
1860 103266
