0 0
30 1334.69
60 2694.75
90 4138.91
120 5677.31
150 7292.98
180 8964.26
210 10681
240 12435.2
270 14220.8
300 16032.8
330 17867.1
360 19720.6
390 21590.8
420 23475.7
450 25373.3
480 27282.7
510 29202.5
540 31131.7
570 33069.5
600 35015.1
630 36967.7
660 38926.9
690 40892
720 42862.8
750 44838.8
780 46819.8
810 48805.3
840 50795.1
870 52789.1
900 54787.1
930 56788.9
960 58794.6
990 60803.2
1020 62813.8
1050 64826.2
1080 66840.6
1110 68857
1140 70875.3
1170 72895.6
1200 74917.7
1230 76941.7
1260 78967.3
1290 80994.7
1320 83023.6
1350 85054.1
1380 87086.2
1410 89119.7
1440 91154.6
1470 93190.9
1500 95228.4
1530 97267.3
1560 99307.3
1590 101349
1620 103391
1650 105434
1680 107479
1710 109525
1740 111571
1770 113619
1800 115667
1830 117717
1860 119767
1860 119767
