0 0
30 765.468
60 1530.94
90 2296.4
120 3061.87
150 3827.34
180 4592.8
210 5357.93
240 6120.39
270 6873.43
300 7607.56
330 8314.72
360 8990.58
390 9633.87
420 10245.3
450 10826.6
480 11379.9
510 11907.3
540 12410.8
570 12892.4
600 13353.7
630 13796.3
660 14221.6
690 14630.8
720 15025.1
750 15405.5
780 15772.9
810 16128.1
840 16471.9
870 16805.1
900 17128
930 17441.5
960 17746
990 18041.9
1020 18329.8
1050 18610.1
1080 18883
1110 19148.9
1140 19408.2
1170 19661.2
1200 19908.1
1230 20149.2
1260 20384.8
1290 20615.1
1320 20840.3
1350 21060.7
1380 21276.3
1410 21487.4
1440 21694.3
1470 21896.9
1500 22095.5
1530 22290.2
1560 22481.1
1590 22668.4
1620 22852.2
1650 23032.5
1680 23209.7
1710 23383.6
1740 23554.5
1770 23722.4
1800 23887.4
1830 24049.7
1860 24209.2
1860 24209.2
