0 0
30 1334.53
60 2669.06
90 4003.6
120 5338.13
150 6672.66
180 8007.19
210 9341.72
240 10676.3
270 12011.1
300 13348
330 14691.3
360 16048.3
390 17425.6
420 18827.7
450 20256.4
480 21712.2
510 23194.3
540 24701.3
570 26232
600 27784.7
630 29357.9
660 30950.5
690 32561
720 34188.5
750 35831.7
780 37489.6
810 39161.5
840 40846.4
870 42543.7
900 44252.5
930 45972.3
960 47702.4
990 49442.5
1020 51191.9
1050 52950.4
1080 54717.3
1110 56492.4
1140 58275.1
1170 60065.3
1200 61862.6
1230 63666.7
1260 65477.2
1290 67294
1320 69116.8
1350 70945.3
1380 72779.3
1410 74618.6
1440 76463.1
1470 78312.5
1500 80166.7
1530 82025.5
1560 83888.7
1590 85756.2
1620 87627.9
1650 89503.5
1680 91383.1
1710 93266.5
1740 95153.4
1770 97044
1800 98937.9
1830 100835
1860 102736
1860 102736
