0 0
30 765.468
60 1530.94
90 2296.4
120 3061.87
150 3827.33
180 4592.31
210 5353.39
240 6101.79
270 6826.63
300 7520.3
330 8179.28
360 8803.27
390 9393.79
420 9953.27
450 10484.1
480 10988.7
510 11469.3
540 11927.9
570 12366.3
600 12786.3
630 13189.3
660 13576.6
690 13949.2
720 14308.2
750 14654.5
780 14988.9
810 15312.2
840 15625.2
870 15928.4
900 16222.3
930 16507.6
960 16784.5
990 17053.7
1020 17315.4
1050 17570
1080 17818
1110 18059.6
1140 18295.1
1170 18524.8
1200 18748.9
1230 18967.8
1260 19181.5
1290 19390.3
1320 19594.5
1350 19794.1
1380 19989.4
1410 20180.6
1440 20367.8
1470 20551.1
1500 20730.7
1530 20906.8
1560 21079.3
1590 21248.5
1620 21414.5
1650 21577.4
1680 21737.3
1710 21894.3
1740 22048.4
1770 22199.7
1800 22348.5
1830 22494.6
1860 22638.2
1860 22638.2
