0 0
30 765.468
60 1530.94
90 2296.4
120 3061.87
150 3827.34
180 4592.81
210 5358.28
240 6123.74
270 6889.21
300 7654.68
330 8420.15
360 9185.62
390 9951.08
420 10716.6
450 11482
480 12247.5
510 13013
540 13778.4
570 14543.9
600 15309.4
630 16074.8
660 16840.3
690 17605.8
720 18371.2
750 19136.7
780 19902.2
810 20667.6
840 21433.1
870 22198.5
900 22964
930 23729.4
960 24494.7
990 25259.9
1020 26025
1050 26789.8
1080 27554.3
1110 28318.4
1140 29081.8
1170 29844.4
1200 30606
1230 31366.3
1260 32125.1
1290 32882.1
1320 33637
1350 34389.4
1380 35139.1
1410 35885.8
1440 36629
1470 37368.6
1500 38104.1
1530 38835.5
1560 39562.3
1590 40284.5
1620 41001.6
1650 41713.7
1680 42420.5
1710 43121.9
1740 43817.7
1770 44507.8
1800 45192.2
1830 45870.8
1860 46543.6
1860 46543.6
