0 0
30 1334.53
60 2669.07
90 4005.6
120 5361.95
150 6764.27
180 8224.37
210 9742.41
240 11313.2
270 12930.3
300 14587.2
330 16277.9
360 17998.1
390 19744
420 21512.3
450 23300.6
480 25106.6
510 26928.5
540 28764.7
570 30613.6
600 32474.2
630 34345.6
660 36226.8
690 38117.2
720 40016
750 41922.6
780 43836.4
810 45757
840 47683.9
870 49616.7
900 51555.2
930 53498.8
960 55447.4
990 57400.7
1020 59358.3
1050 61320.1
1080 63286
1110 65255.5
1140 67228.7
1170 69205.2
1200 71185
1230 73167.9
1260 75153.9
1290 77142.7
1320 79134.2
1350 81128.3
1380 83124.9
1410 85123.9
1440 87125.3
1470 89128.8
1500 91134.5
1530 93142.2
1560 95151.9
1590 97163.5
1620 99177
1650 101192
1680 103209
1710 105228
1740 107248
1770 109270
1800 111293
1830 113317
1860 115343
1860 115343
