0 0
30 765.468
60 1530.94
90 2296.4
120 3061.87
150 3827.34
180 4592.81
210 5358.28
240 6123.71
270 6888.66
300 7650.6
330 8403.43
360 9139.2
390 9851.32
420 10536.2
450 11192.7
480 11821.4
510 12423.3
540 13000.3
570 13553.6
600 14085.1
630 14596.1
660 15088.1
690 15562.3
720 16019.9
750 16462.1
780 16889.7
810 17303.7
840 17704.8
870 18093.9
900 18471.6
930 18838.5
960 19195.1
990 19542.2
1020 19880
1050 20209.1
1080 20529.8
1110 20842.7
1140 21147.9
1170 21445.9
1200 21737
1230 22021.5
1260 22299.6
1290 22571.7
1320 22837.9
1350 23098.5
1380 23353.7
1410 23603.6
1440 23848.6
1470 24088.7
1500 24324.2
1530 24555.1
1560 24781.8
1590 25004.2
1620 25222.6
1650 25437
1680 25647.7
1710 25854.6
1740 26058
1770 26258
1800 26454.5
1830 26647.9
1860 26838.1
1860 26838.1
