0 0
30 1334.53
60 2669.06
90 4003.6
120 5338.13
150 6672.66
180 8007.19
210 9341.72
240 10676.3
270 12011.6
300 13350.6
330 14699.7
360 16066.5
390 17457.2
420 18875
450 20321
480 21794.9
510 23295.5
540 24821.4
570 26370.8
600 27942.2
630 29534.1
660 31144.9
690 32773.5
720 34418.7
750 36079.3
780 37754.4
810 39443.1
840 41144.6
870 42858.1
900 44583
930 46318.6
960 48064.4
990 49819.7
1020 51584.3
1050 53357.5
1080 55139
1110 56928.4
1140 58725.2
1170 60529.3
1200 62340.2
1230 64157.7
1260 65981.4
1290 67811.2
1320 69646.8
1350 71487.9
1380 73334.4
1410 75186
1440 77042.6
1470 78903.9
1500 80769.8
1530 82640.2
1560 84514.9
1590 86393.7
1620 88276.6
1650 90163.3
1680 92053.8
1710 93947.9
1740 95845.6
1770 97746.6
1800 99651
1830 101559
1860 103469
1860 103469
