0 0
30 1334.53
60 2669.38
90 4016.4
120 5411.52
150 6873.98
180 8402.2
210 9988.06
240 11622.1
270 13297.2
300 15006.7
330 16745.4
360 18509.3
390 20295.5
420 22101.2
450 23924
480 25762.4
510 27614.8
540 29479.8
570 31356.3
600 33243.4
630 35140
660 37045.4
690 38959
720 40880.2
750 42808.3
780 44743.1
810 46684
840 48630.6
870 50582.6
900 52539.6
930 54501.3
960 56467.5
990 58437.9
1020 60412.2
1050 62390.4
1080 64372
1110 66357
1140 68345.3
1170 70336.6
1200 72330.8
1230 74327.7
1260 76327.4
1290 78329.5
1320 80334.1
1350 82341
1380 84350.1
1410 86361.3
1440 88374.7
1470 90390
1500 92407.1
1530 94426.2
1560 96446.9
1590 98469.4
1620 100493
1650 102519
1680 104546
1710 106575
1740 108605
1770 110636
1800 112669
1830 114703
1860 116738
1860 116738
