0 0
30 1334.53
60 2669.48
90 4016.2
120 5401.5
150 6843.49
180 8345.98
210 9906.38
240 11510.6
270 13153.4
300 14830.4
330 16537.2
360 18270
390 20026.2
420 21803.2
450 23598.6
480 25410.7
510 27237.8
540 29078.6
570 30932
600 32797.1
630 34673.2
660 36559.9
690 38455.4
720 40357.5
750 42266.2
780 44181.3
810 46102.5
840 48029.7
870 49962.4
900 51900.5
930 53843.5
960 55791.4
990 57743.7
1020 59700.4
1050 61661.1
1080 63625.6
1110 65593.8
1140 67565.5
1170 69540.5
1200 71518.7
1230 73499.9
1260 75484
1290 77470.9
1320 79460.4
1350 81452.5
1380 83447.1
1410 85444
1440 87443.2
1470 89444.6
1500 91448
1530 93453.5
1560 95461
1590 97470.3
1620 99481.4
1650 101494
1680 103509
1710 105525
1740 107543
1770 109562
1800 111583
1830 113605
1860 115629
1860 115629
