0 0
30 1334.53
60 2671.53
90 4036.1
120 5458.25
150 6947.69
180 8501.62
210 10110.8
240 11762.6
270 13451.8
300 15173.4
330 16923.1
360 18697.5
390 20494
420 22310.1
450 24144.5
480 25993.4
510 27853.7
540 29725.2
570 31607.1
600 33498.8
630 35399.4
660 37308.5
690 39225.4
720 41149.4
750 43080.2
780 45017.3
810 46960.2
840 48908.6
870 50862.1
900 52820.5
930 54783.5
960 56750.7
990 58722
1020 60697.2
1050 62675.9
1080 64658.2
1110 66643.7
1140 68632.3
1170 70623.9
1200 72618.3
1230 74615.5
1260 76615.2
1290 78617.4
1320 80622
1350 82628.9
1380 84637.9
1410 86649
1440 88662.1
1470 90677.2
1500 92694
1530 94712.7
1560 96733
1590 98755.1
1620 100779
1650 102804
1680 104830
1710 106859
1740 108888
1770 110919
1800 112951
1830 114984
1860 117019
1860 117019
