0 0
30 1334.53
60 2669.06
90 4003.6
120 5338.13
150 6672.66
180 8007.3
210 9343.06
240 10684.3
270 12040.3
300 13420.8
330 14832.6
360 16278
390 17756.6
420 19266.7
450 20806.2
480 22372.9
510 23964.5
540 25579.1
570 27214.6
600 28869.6
630 30542.4
660 32231.8
690 33936.5
720 35655.6
750 37387.9
780 39132.8
810 40889.3
840 42656.8
870 44434.6
900 46222.2
930 48018.9
960 49824.3
990 51638
1020 53459.5
1050 55288.3
1080 57124.3
1110 58967
1140 60816.1
1170 62671.4
1200 64532.5
1230 66399.2
1260 68271.4
1290 70148.6
1320 72030.9
1350 73917.9
1380 75809.5
1410 77705.4
1440 79605.7
1470 81510
1500 83418.2
1530 85330.3
1560 87246
1590 89165.2
1620 91087.8
1650 93013.8
1680 94942.9
1710 96875.2
1740 98810.5
1770 100749
1800 102690
1830 104633
1860 106580
1860 106580
