0 0
30 765.468
60 1530.94
90 2296.4
120 3061.32
150 3818.89
180 4551.63
210 5242.97
240 5886.19
270 6481.8
300 7032.95
330 7544.17
360 8019.88
390 8464.47
420 8881.51
450 9273.88
480 9644.29
510 9995.08
540 10328.1
570 10645
600 10947.2
630 11235.9
660 11512.3
690 11777.2
720 12031.7
750 12276.5
780 12512.2
810 12739.5
840 12958.9
870 13170.9
900 13375.9
930 13574.4
960 13766.7
990 13953.1
1020 14134.1
1050 14309.8
1080 14480.5
1110 14646.6
1140 14808.1
1170 14965.4
1200 15118.6
1230 15268
1260 15413.7
1290 15555.8
1320 15694.5
1350 15830
1380 15962.3
1410 16091.7
1440 16218.2
1470 16341.9
1500 16463
1530 16581.5
1560 16697.6
1590 16811.3
1620 16922.7
1650 17031.9
1680 17138.9
1710 17244
1740 17347
1770 17448.1
1800 17547.3
1830 17644.8
1860 17740.5
1860 17740.5
