0 0
30 765.468
60 1530.94
90 2296.4
120 3061.87
150 3827.34
180 4592.78
210 5357.64
240 6118.75
270 6868.51
300 7597.63
330 8299
360 8969.16
390 9607.39
420 10214.7
450 10792.8
480 11343.9
510 11869.9
540 12372.7
570 12854.2
600 13316
630 13759.5
660 14186.1
690 14597
720 14993.3
750 15375.9
780 15745.7
810 16103.5
840 16450
870 16785.8
900 17111.7
930 17428.1
960 17735.5
990 18034.4
1020 18325.2
1050 18608.3
1080 18884.2
1110 19153.1
1140 19415.4
1170 19671.3
1200 19921
1230 20165
1260 20403.4
1290 20636.5
1320 20864.4
1350 21087.4
1380 21305.6
1410 21519.3
1440 21728.6
1470 21933.7
1500 22134.7
1530 22331.7
1560 22525
1590 22714.5
1620 22900.5
1650 23083.1
1680 23262.3
1710 23438.4
1740 23611.3
1770 23781.2
1800 23948.2
1830 24112.4
1860 24273.8
1860 24273.8
