0 0
30 765.468
60 1530.94
90 2296.4
120 3061.87
150 3827.34
180 4592.79
210 5357.75
240 6119.25
270 6869.7
300 7599.7
330 8302.27
360 8974.06
390 9614.42
420 10224.4
450 10805.7
480 11360
510 11889.4
540 12395.7
570 12880.9
600 13346.4
630 13793.6
660 14223.8
690 14638.3
720 15038.1
750 15424.1
780 15797.3
810 16158.5
840 16508.3
870 16847.5
900 17176.5
930 17496.1
960 17806.7
990 18108.8
1020 18402.8
1050 18689.1
1080 18968
1110 19240
1140 19505.3
1170 19764.1
1200 20016.9
1230 20263.8
1260 20505.2
1290 20741.1
1320 20971.9
1350 21197.7
1380 21418.8
1410 21635.2
1440 21847.2
1470 22055
1500 22258.7
1530 22458.3
1560 22654.2
1590 22846.3
1620 23034.9
1650 23220
1680 23401.8
1710 23580.3
1740 23755.7
1770 23928
1800 24097.4
1830 24263.9
1860 24427.6
1860 24427.6
