0 0
30 765.468
60 1530.94
90 2296.4
120 3061.87
150 3827.34
180 4592.78
210 5357.78
240 6119.82
270 6871.88
300 7604.15
330 8308.74
360 8981.89
390 9622.88
420 10232.6
450 10813
480 11366.1
510 11893.9
540 12398.4
570 12881.3
600 13344.4
630 13789.1
660 14216.9
690 14628.9
720 15026.1
750 15409.7
780 15780.5
810 16139.1
840 16486.5
870 16823.2
900 17149.8
930 17467
960 17775.1
990 18074.7
1020 18366.2
1050 18650
1080 18926.5
1110 19196
1140 19458.8
1170 19715.3
1200 19965.7
1230 20210.3
1260 20449.2
1290 20682.8
1320 20911.3
1350 21134.8
1380 21353.5
1410 21567.7
1440 21777.4
1470 21982.9
1500 22184.3
1530 22381.7
1560 22575.4
1590 22765.3
1620 22951.6
1650 23134.5
1680 23314.1
1710 23490.5
1740 23663.7
1770 23833.8
1800 24001.1
1830 24165.5
1860 24327.1
1860 24327.1
