0 0
30 1334.53
60 2669.06
90 4003.6
120 5338.13
150 6672.66
180 8007.19
210 9341.83
240 10677.4
270 12016.6
300 13365.4
330 14731.4
360 16120.8
390 17537.3
420 18982.1
450 20454.8
480 21954.4
510 23479.3
540 25028
570 26598.8
600 28190.2
630 29800.8
660 31429.4
690 33074.8
720 34735.7
750 36411.3
780 38100.6
810 39802.8
840 41517.1
870 43242.9
900 44979.6
930 46726.4
960 48483
990 50248.9
1020 52023.5
1050 53806.4
1080 55597.3
1110 57395.8
1140 59201.6
1170 61014.3
1200 62833.7
1230 64659.4
1260 66491.2
1290 68328.9
1320 70172.3
1350 72021.1
1380 73875
1410 75734
1440 77597.8
1470 79466.3
1500 81339.3
1530 83216.7
1560 85098.2
1590 86983.7
1620 88873.2
1650 90766.5
1680 92663.5
1710 94564.1
1740 96468.1
1770 98375.4
1800 100286
1830 102200
1860 104117
1860 104117
