0 0
30 765.468
60 1530.94
90 2296.4
120 3061.87
150 3827.34
180 4592.8
210 5358.01
240 6121.61
270 6879.75
300 7626.11
330 8353.87
360 9057.73
390 9734.81
420 10384.1
450 11006.2
480 11602.1
510 12173.2
540 12721.2
570 13247.4
600 13753.4
630 14240.7
660 14710.3
690 15163.4
720 15601.1
750 16024.4
780 16434.2
810 16831.3
840 17216.3
870 17590
900 17953.1
930 18306
960 18649.2
990 18983.4
1020 19308.8
1050 19625.9
1080 19935.2
1110 20236.9
1140 20531.5
1170 20819.2
1200 21100.3
1230 21375
1260 21643.7
1290 21906.6
1320 22163.8
1350 22415.7
1380 22662.4
1410 22904.1
1440 23141
1470 23373.3
1500 23601.1
1530 23824.5
1560 24043.8
1590 24259.1
1620 24470.4
1650 24678
1680 24881.9
1710 25082.3
1740 25279.2
1770 25472.8
1800 25663.1
1830 25850.3
1860 26034.5
1860 26034.5
