0 0
30 765.468
60 1530.94
90 2296.4
120 3061.87
150 3827.34
180 4592.79
210 5357.85
240 6120.27
270 6874
300 7610.23
330 8321.08
360 9002.14
390 9651.93
420 10271.1
450 10861
480 11423.6
510 11960.8
540 12474.7
570 12966.9
600 13439.1
630 13892.8
660 14329.5
690 14750
720 15155.7
750 15547.5
780 15926.3
810 16292.8
840 16647.9
870 16992.3
900 17326.4
930 17650.9
960 17966.2
990 18273
1020 18571.5
1050 18862.2
1080 19145.5
1110 19421.7
1140 19691.1
1170 19954.1
1200 20210.8
1230 20461.7
1260 20706.8
1290 20946.5
1320 21181
1350 21410.5
1380 21635.1
1410 21855
1440 22070.5
1470 22281.6
1500 22488.6
1530 22691.5
1560 22890.5
1590 23085.8
1620 23277.5
1650 23465.6
1680 23650.4
1710 23831.8
1740 24010.1
1770 24185.2
1800 24357.4
1830 24526.7
1860 24693.1
1860 24693.1
