0 0
30 1334.53
60 2669.06
90 4003.61
120 5338.99
150 6680.32
180 8038.75
210 9426.82
240 10852.4
270 12318.1
300 13822.5
330 15362.8
360 16935.7
390 18538.7
420 20168.7
450 21823.2
480 23500
510 25197
540 26912.3
570 28644.6
600 30392.5
630 32154.7
660 33930.2
690 35718.1
720 37517.5
750 39327.7
780 41148.1
810 42977.8
840 44816.4
870 46663.3
900 48518
930 50380.2
960 52249.5
990 54125.5
1020 56007.8
1050 57896.1
1080 59790.1
1110 61689.5
1140 63594.1
1170 65503.7
1200 67418.1
1230 69337
1260 71260.2
1290 73187.7
1320 75119.1
1350 77054.4
1380 78993.3
1410 80935.9
1440 82881.8
1470 84831
1500 86783.3
1530 88738.7
1560 90697
1590 92658.2
1620 94622.1
1650 96588.6
1680 98557.6
1710 100529
1740 102503
1770 104479
1800 106458
1830 108438
1860 110421
1860 110421
