0 0
30 1334.53
60 2669.06
90 4003.6
120 5338.17
150 6673.97
180 8017.79
210 9382.97
240 10782.4
270 12222.6
300 13704.3
330 15225.5
360 16782.9
390 18373
420 19992.5
450 21638.5
480 23308.4
510 24999.7
540 26710.6
570 28439.4
600 30184.5
630 31944.5
660 33718.3
690 35504.8
720 37303.2
750 39112.6
780 40932.2
810 42761.5
840 44599.8
870 46446.7
900 48301.4
930 50163.6
960 52033
990 53909.1
1020 55791.6
1050 57680.1
1080 59574.4
1110 61474.1
1140 63379.1
1170 65289
1200 67203.7
1230 69122.9
1260 71046.4
1290 72974
1320 74905.7
1350 76841.2
1380 78780.4
1410 80723.1
1440 82669.3
1470 84618.7
1500 86571.3
1530 88526.9
1560 90485.4
1590 92446.7
1620 94410.8
1650 96377.5
1680 98346.8
1710 100319
1740 102293
1770 104269
1800 106248
1830 108229
1860 110212
1860 110212
