0 0
30 1334.53
60 2669.06
90 4003.6
120 5338.13
150 6672.66
180 8007.19
210 9341.72
240 10676.3
270 12010.8
300 13345.6
330 14681
360 16018.1
390 17358.4
420 18703.8
450 20056.2
480 21417.2
510 22788
540 24169.9
570 25563.5
600 26969.4
630 28388.1
660 29820.2
690 31265.7
720 32724.8
750 34197.8
780 35684.5
810 37184.5
840 38697.9
870 40224.3
900 41763.4
930 43314.8
960 44878.3
990 46453.3
1020 48039.6
1050 49636.8
1080 51244.4
1110 52862.3
1140 54489.9
1170 56127
1200 57773
1230 59427.9
1260 61091.3
1290 62762.8
1320 64442.3
1350 66129.5
1380 67824
1410 69525.7
1440 71234.3
1470 72949.7
1500 74671.5
1530 76399.6
1560 78133.8
1590 79874
1620 81619.8
1650 83371.3
1680 85128.2
1710 86890.3
1740 88657.6
1770 90429.8
1800 92206.8
1830 93988.4
1860 95774.7
1860 95774.7
