0 0
30 765.468
60 1530.94
90 2296.4
120 3061.87
150 3827.34
180 4592.81
210 5358.27
240 6123.69
270 6888.59
300 7650.76
330 8405.09
360 9144.77
390 9863.27
420 10556.4
450 11222.3
480 11860.8
510 12472.8
540 13059.6
570 13622.5
600 14163.2
630 14683.3
660 15184.1
690 15666.9
720 16132.6
750 16582.6
780 17017.7
810 17439
840 17847.2
870 18243.1
900 18627.4
930 19000.7
960 19363.7
990 19716.9
1020 20060.7
1050 20395.5
1080 20721.9
1110 21040.2
1140 21350.7
1170 21653.9
1200 21950.1
1230 22239.5
1260 22522.4
1290 22799.2
1320 23070
1350 23335.1
1380 23594.7
1410 23849.1
1440 24098.3
1470 24342.7
1500 24582.3
1530 24817.4
1560 25048.1
1590 25274.5
1620 25496.7
1650 25715
1680 25929.5
1710 26140.2
1740 26347.3
1770 26550.8
1800 26751
1830 26947.9
1860 27141.7
1860 27141.7
