0 0
30 1334.53
60 2669.06
90 4003.6
120 5338.13
150 6672.66
180 8007.19
210 9341.72
240 10676.3
270 12011.1
300 13347.9
330 14691.2
360 16048.2
390 17425.5
420 18828
450 20257.6
480 21714.7
510 23198.5
540 24707.5
570 26240.5
600 27796.1
630 29372.5
660 30968.4
690 32582.6
720 34213.7
750 35860.7
780 37522.6
810 39198.5
840 40887.5
870 42588.9
900 44302
930 46026
960 47760.5
990 49504.9
1020 51258.6
1050 53021.2
1080 54792.2
1110 56571.3
1140 58358.2
1170 60152.4
1200 61953.7
1230 63761.7
1260 65576.2
1290 67396.9
1320 69223.6
1350 71056
1380 72893.9
1410 74737.1
1440 76585.4
1470 78438.6
1500 80296.5
1530 82159.1
1560 84026
1590 85897.2
1620 87772.5
1650 89651.7
1680 91534.9
1710 93421.7
1740 95312.2
1770 97206.2
1800 99103.5
1830 101004
1860 102908
1860 102908
