0 0
30 1334.53
60 2669.06
90 4003.6
120 5338.13
150 6672.66
180 8007.19
210 9341.9
240 10678.3
270 12021.8
300 13381.3
330 14765.3
360 16178.9
390 17624
420 19099.9
450 20605.4
480 22138.4
510 23697.1
540 25279.4
570 26883.8
600 28508.4
630 30151.7
660 31812.5
690 33489.4
720 35181.4
750 36887.5
780 38606.7
810 40338.2
840 42081.4
870 43835.4
900 45599.8
930 47374
960 49157.3
990 50949.4
1020 52749.8
1050 54558
1080 56373.8
1110 58196.8
1140 60026.6
1170 61862.9
1200 63705.4
1230 65554
1260 67408.2
1290 69267.9
1320 71132.9
1350 73002.9
1380 74877.8
1410 76757.4
1440 78641.5
1470 80530
1500 82422.6
1530 84319.3
1560 86219.9
1590 88124.3
1620 90032.3
1650 91943.8
1680 93858.7
1710 95776.9
1740 97698.4
1770 99622.9
1800 101550
1830 103481
1860 105414
1860 105414
