0 0
30 1334.53
60 2669.06
90 4003.6
120 5338.13
150 6672.66
180 8007.36
210 9343.83
240 10688.1
270 12049.7
300 13437.5
330 14856.4
360 16307.9
390 17791.3
420 19305.1
450 20847.4
480 22416.1
510 24009.1
540 25624.4
570 27260.1
600 28914.9
630 30587.3
660 32275.8
690 33979.4
720 35697.1
750 37428
780 39171.3
810 40926.1
840 42691.9
870 44467.8
900 46253.5
930 48048.3
960 49851.8
990 51663.6
1020 53483.2
1050 55310.2
1080 57144.3
1110 58985.1
1140 60832.3
1170 62685.7
1200 64544.9
1230 66409.8
1260 68280.1
1290 70155.6
1320 72036
1350 73921.2
1380 75810.9
1410 77705.1
1440 79603.5
1470 81506.1
1500 83412.6
1530 85322.9
1560 87237
1590 89154.6
1620 91075.6
1650 93000
1680 94927.5
1710 96858.3
1740 98792
1770 100729
1800 102668
1830 104610
1860 106555
1860 106555
