0 0
30 1334.53
60 2669.06
90 4003.6
120 5338.13
150 6672.66
180 8007.19
210 9341.77
240 10676.9
270 12015.5
300 13363.8
330 14730
360 16120.2
390 17537.7
420 18983.7
450 20457.8
480 21958.6
510 23484.8
540 25034.6
570 26606.5
600 28198.9
630 29810.4
660 31439.7
690 33085.7
720 34747.2
750 36423.2
780 38112.9
810 39815.4
840 41530
870 43256
900 44992.8
930 46739.7
960 48496.2
990 50262
1020 52036.4
1050 53819.1
1080 55609.8
1110 57408
1140 59213.4
1170 61025.7
1200 62844.6
1230 64669.8
1260 66501.1
1290 68338.3
1320 70181
1350 72029.1
1380 73882.5
1410 75740.8
1440 77603.9
1470 79471.6
1500 81343.8
1530 83220.4
1560 85101.2
1590 86986
1620 88874.7
1650 90767.3
1680 92663.5
1710 94563.3
1740 96466.5
1770 98373
1800 100283
1830 102196
1860 104112
1860 104112
