0 0
30 1334.53
60 2669.06
90 4003.6
120 5338.13
150 6672.66
180 8007.19
210 9341.73
240 10676.4
270 12012.3
300 13352.9
330 14705.1
360 16076.3
390 17472.2
420 18895.4
450 20346.8
480 21825.6
510 23330.6
540 24860.4
570 26413.3
600 27987.7
630 29582.3
660 31195.7
690 32826.5
720 34473.7
750 36136.2
780 37813
810 39503.2
840 41206.2
870 42921.1
900 44647.3
930 46384.1
960 48131
990 49887.4
1020 51653
1050 53427.2
1080 55209.6
1110 56999.9
1140 58797.7
1170 60602.6
1200 62414.3
1230 64232.6
1260 66057.2
1290 67887.8
1320 69724.2
1350 71566.1
1380 73413.3
1410 75265.8
1440 77123.1
1470 78985.3
1500 80852.1
1530 82723.3
1560 84598.9
1590 86478.6
1620 88362.3
1650 90249.9
1680 92141.3
1710 94036.3
1740 95934.8
1770 97836.8
1800 99742.1
1830 101651
1860 103562
1860 103562
