0 0
30 765.468
60 1530.94
90 2296.4
120 3061.87
150 3827.34
180 4592.81
210 5358.15
240 6122.37
270 6882.1
300 7631.4
330 8363.63
360 9073.5
390 9757.69
420 10415
450 11045.5
480 11650.1
510 12230
540 12786.6
570 13321.5
600 13836
630 14331.5
660 14809.3
690 15270.5
720 15716.2
750 16147.2
780 16564.7
810 16969.2
840 17361.6
870 17742.6
900 18112.8
930 18472.7
960 18823
990 19164
1020 19496.3
1050 19820.2
1080 20136.2
1110 20444.6
1140 20745.8
1170 21039.9
1200 21327.4
1230 21608.6
1260 21883.6
1290 22152.7
1320 22416.2
1350 22674.2
1380 22927.1
1410 23174.9
1440 23417.8
1470 23656.1
1500 23889.8
1530 24119.1
1560 24344.3
1590 24565.3
1620 24782.4
1650 24995.7
1680 25205.2
1710 25411.2
1740 25613.7
1770 25812.7
1800 26008.5
1830 26201.1
1860 26390.6
1860 26390.6
