0 0
30 1334.53
60 2669.06
90 4003.6
120 5338.13
150 6672.66
180 8007.19
210 9341.73
240 10676.5
270 12013
300 13356.3
330 14714
360 16093.6
390 17500.2
420 18935.9
450 20400.8
480 21894
510 23413.9
540 24958.9
570 26527.2
600 28117.1
630 29726.9
660 31355.3
690 33001.1
720 34663
750 36339.8
780 38030.7
810 39734.7
840 41451
870 43178.8
900 44917.6
930 46666.7
960 48425.7
990 50193.9
1020 51971
1050 53756.5
1080 55549.9
1110 57350.9
1140 59159.1
1170 60974.2
1200 62795.9
1230 64623.8
1260 66457.8
1290 68297.5
1320 70142.8
1350 71993.5
1380 73849.2
1410 75709.9
1440 77575.3
1470 79445.2
1500 81319.6
1530 83198.2
1560 85080.9
1590 86967.5
1620 88858
1650 90752.2
1680 92650
1710 94551.2
1740 96455.8
1770 98363.7
1800 100275
1830 102189
1860 104106
1860 104106
