0 0
30 1334.53
60 2669.06
90 4003.6
120 5338.13
150 6672.66
180 8007.19
210 9341.76
240 10676.7
270 12013.5
300 13355.9
330 14710
360 16082.4
390 17477.9
420 18899.3
450 20347.5
480 21822.2
510 23322.4
540 24846.7
570 26393.6
600 27961.9
630 29550
660 31156.7
690 32780.7
720 34421
750 36076.4
780 37746
810 39429.1
840 41124.9
870 42832.6
900 44551.6
930 46281.2
960 48021
990 49770.3
1020 51528.8
1050 53295.9
1080 55071.4
1110 56854.6
1140 58645.5
1170 60443.7
1200 62248.7
1230 64060.4
1260 65878.4
1290 67702.6
1320 69532.6
1350 71368.2
1380 73209.3
1410 75055.6
1440 76907
1470 78763.2
1500 80624.2
1530 82489.6
1560 84359.5
1590 86233.6
1620 88111.8
1650 89994
1680 91880
1710 93769.7
1740 95663.1
1770 97560
1800 99460.2
1830 101364
1860 103271
1860 103271
