0 0
30 1334.53
60 2669.06
90 4003.6
120 5338.13
150 6672.66
180 8007.19
210 9341.72
240 10676.3
270 12011.4
300 13349.4
330 14696.1
360 16059.3
390 17445.5
420 18858.5
450 20299.7
480 21768.6
510 23264.2
540 24784.8
570 26329
600 27895.3
630 29482
660 31087.7
690 32711.1
720 34351
750 36006.4
780 37676.2
810 39359.6
840 41055.8
870 42764.1
900 44483.8
930 46214.2
960 47954.7
990 49704.9
1020 51464.2
1050 53232.1
1080 55008.3
1110 56792.4
1140 58584
1170 60382.7
1200 62188.4
1230 64000.5
1260 65819
1290 67643.5
1320 69473.8
1350 71309.7
1380 73150.9
1410 74997.3
1440 76848.7
1470 78704.9
1500 80565.8
1530 82431
1560 84300.7
1590 86174.4
1620 88052.2
1650 89933.9
1680 91819.4
1710 93708.5
1740 95601.2
1770 97497.3
1800 99396.7
1830 101299
1860 103205
1860 103205
