0 0
30 765.468
60 1530.94
90 2296.4
120 3061.87
150 3827.25
180 4591.5
210 5350.75
240 6098.2
270 6826.42
300 7529.44
330 8203.69
360 8847.54
390 9461.49
420 10046.7
450 10604.7
480 11137.6
510 11647.2
540 12135.3
570 12603.5
600 13053.1
630 13485.4
660 13901.7
690 14303.2
720 14690.8
750 15065.4
780 15427.7
810 15778.6
840 16118.6
870 16448.4
900 16768.5
930 17079.5
960 17381.9
990 17676
1020 17962.3
1050 18241.2
1080 18512.9
1110 18777.9
1140 19036.4
1170 19288.7
1200 19535.1
1230 19775.9
1260 20011.2
1290 20241.3
1320 20466.3
1350 20686.5
1380 20902.1
1410 21113.2
1440 21320
1470 21522.7
1500 21721.3
1530 21916.1
1560 22107.1
1590 22294.6
1620 22478.5
1650 22659.1
1680 22836.4
1710 23010.5
1740 23181.6
1770 23349.6
1800 23514.8
1830 23677.2
1860 23836.9
1860 23836.9
