0 0
30 1334.53
60 2669.06
90 4003.6
120 5338.13
150 6672.68
180 8007.67
210 9345.99
240 10695.6
270 12067
300 13467.8
330 14901.8
360 16369.3
390 17869.4
420 19399.8
450 20958.3
480 22542.6
510 24150.4
540 25780.2
570 27430
600 29098.3
630 30783.7
660 32484.9
690 34200.8
720 35930.6
750 37673.3
780 39428
810 41194.1
840 42970.7
870 44757.4
900 46553.6
930 48358.8
960 50172.4
990 51994.1
1020 53823.4
1050 55660
1080 57503.5
1110 59353.5
1140 61209.9
1170 63072.2
1200 64940.3
1230 66814
1260 68692.9
1290 70576.8
1320 72465.7
1350 74359.2
1380 76257.2
1410 78159.5
1440 80066
1470 81976.4
1500 83890.8
1530 85808.8
1560 87730.5
1590 89655.6
1620 91584
1650 93515.7
1680 95450.6
1710 97388.5
1740 99329.3
1770 101273
1800 103219
1830 105168
1860 107120
1860 107120
