0 0
30 765.468
60 1530.94
90 2296.4
120 3061.87
150 3827.34
180 4592.8
210 5357.99
240 6120.7
270 6874.29
300 7609.02
330 8316.66
360 8992.67
390 9635.86
420 10247
450 10827.7
480 11380.2
510 11906.9
540 12409.8
570 12890.7
600 13351.5
630 13793.8
660 14219
690 14628.3
720 15022.8
750 15403.6
780 15771.5
810 16127.4
840 16472.1
870 16806.2
900 17130.3
930 17445
960 17750.9
990 18048.4
1020 18338
1050 18620.1
1080 18894.9
1110 19162.8
1140 19424.2
1170 19679.3
1200 19928.5
1230 20172
1260 20410
1290 20642.8
1320 20870.5
1350 21093.4
1380 21311.7
1410 21525.6
1440 21735.1
1470 21940.5
1500 22141.9
1530 22339.5
1560 22533.3
1590 22723.5
1620 22910.3
1650 23093.6
1680 23273.8
1710 23450.8
1740 23624.7
1770 23795.6
1800 23963.7
1830 24129.1
1860 24291.7
1860 24291.7
