0 0
30 1334.53
60 2669.06
90 4003.6
120 5338.13
150 6672.66
180 8007.2
210 9341.94
240 10678.2
270 12020.1
300 13373.6
330 14745.2
360 16139.6
390 17559.7
420 19006.7
450 20480.4
480 21980.3
510 23504.9
540 25053
570 26623.2
600 28214
630 29823.8
660 31451.6
690 33096.3
720 34756.7
750 36431.8
780 38120.8
810 39822.7
840 41536.8
870 43262.4
900 44998.9
930 46745.7
960 48502.3
990 50268.2
1020 52042.8
1050 53825.8
1080 55616.7
1110 57415.3
1140 59221
1170 61033.7
1200 62853
1230 64678.7
1260 66510.5
1290 68348.1
1320 70191.4
1350 72040
1380 73893.8
1410 75752.6
1440 77616.2
1470 79484.5
1500 81357.2
1530 83234.3
1560 85115.6
1590 87000.9
1620 88890
1650 90783
1680 92679.6
1710 94579.7
1740 96483.3
1770 98390.2
1800 100300
1830 102214
1860 104130
1860 104130
