0 0
30 765.468
60 1530.94
90 2296.4
120 3061.87
150 3827.34
180 4592.78
210 5357.63
240 6118.63
270 6868.09
300 7596.74
330 8297.86
360 8968.01
390 9606.59
420 10214.6
450 10793.9
480 11346.4
510 11873.9
540 12378.6
570 12862
600 13325.9
630 13771.6
660 14200.5
690 14613.7
720 15012.3
750 15397.4
780 15769.6
810 16130
840 16479
870 16817.4
900 17145.9
930 17464.9
960 17774.9
990 18076.5
1020 18370
1050 18655.8
1080 18934.3
1110 19205.8
1140 19470.7
1170 19729.2
1200 19981.6
1230 20228.2
1260 20469.3
1290 20704.9
1320 20935.4
1350 21161
1380 21381.8
1410 21598
1440 21809.8
1470 22017.3
1500 22220.7
1530 22420.2
1560 22615.8
1590 22807.7
1620 22996.1
1650 23180.9
1680 23362.5
1710 23540.8
1740 23715.9
1770 23888
1800 24057.2
1830 24223.5
1860 24387
1860 24387
