0 0
30 1334.53
60 2669.06
90 4003.6
120 5338.13
150 6672.66
180 8007.19
210 9341.73
240 10676.4
270 12012.8
300 13355.9
330 14714
360 16095.5
390 17505.4
420 18945.9
450 20416.9
480 21917
510 23444.5
540 24997.4
570 26573.8
600 28172
630 29790.2
660 31427.1
690 33081.3
720 34751.5
750 36436.6
780 38135.6
810 39847.7
840 41572
870 43307.8
900 45054.4
930 46811.3
960 48577.7
990 50353.3
1020 52137.5
1050 53930
1080 55730.2
1110 57537.9
1140 59352.6
1170 61174.2
1200 63002.1
1230 64836.2
1260 66676.3
1290 68522
1320 70373.1
1350 72229.5
1380 74090.9
1410 75957.2
1440 77828
1470 79703.4
1500 81583
1530 83466.8
1560 85354.7
1590 87246.4
1620 89141.9
1650 91041
1680 92943.7
1710 94849.8
1740 96759.1
1770 98671.7
1800 100587
1830 102506
1860 104428
1860 104428
