0 0
30 765.468
60 1530.94
90 2296.4
120 3061.87
150 3827.34
180 4592.78
210 5357.74
240 6119.8
270 6873.33
300 7610.99
330 8326.32
360 9015.31
390 9676.04
420 10308.4
450 10913.1
480 11491.7
510 12045.7
540 12576.6
570 13086.2
600 13575.9
630 14047.1
660 14501
690 14939
720 15361.9
750 15770.7
780 16166.4
810 16549.6
840 16921.2
870 17281.9
900 17632.1
930 17972.5
960 18303.6
990 18625.8
1020 18939.7
1050 19245.6
1080 19543.8
1110 19834.8
1140 20118.8
1170 20396.2
1200 20667.3
1230 20932.3
1260 21191.4
1290 21444.9
1320 21693.1
1350 21936
1380 22174
1410 22407.2
1440 22635.7
1470 22859.8
1500 23079.6
1530 23295.2
1560 23506.8
1590 23714.6
1620 23918.5
1650 24118.9
1680 24315.7
1710 24509.1
1740 24699.2
1770 24886.1
1800 25069.9
1830 25250.7
1860 25428.5
1860 25428.5
