0 0
30 765.468
60 1530.94
90 2296.4
120 3061.83
150 3826.03
180 4582.21
210 5317.03
240 6017.59
270 6677.44
300 7295.73
330 7874.54
360 8417.13
390 8926.99
420 9407.51
450 9861.5
480 10291.6
510 10700.3
540 11089.4
570 11460.6
600 11815.5
630 12155.5
660 12481.7
690 12795.2
720 13096.8
750 13387.4
780 13667.8
810 13938.5
840 14200.2
870 14453.3
900 14698.6
930 14936.4
960 15167
990 15390.9
1020 15608.4
1050 15819.9
1080 16025.6
1110 16225.9
1140 16420.9
1170 16611
1200 16796.3
1230 16977.1
1260 17153.7
1290 17326
1320 17494.3
1350 17658.8
1380 17819.6
1410 17976.9
1440 18130.7
1470 18281.3
1500 18428.7
1530 18573.1
1560 18714.6
1590 18853.3
1620 18989.2
1650 19122.5
1680 19253.2
1710 19381.5
1740 19507.4
1770 19630.9
1800 19752.3
1830 19871.4
1860 19988.5
1860 19988.5
