0 0
30 1334.53
60 2669.06
90 4003.6
120 5338.13
150 6672.66
180 8007.21
210 9342.12
240 10679.7
270 12026.1
300 13390.2
330 14779.7
360 16199.1
390 17649.6
420 19130.8
450 20641.1
480 22178.7
510 23741.7
540 25328
570 26936.1
600 28564.1
630 30210.5
660 31874.2
690 33553.8
720 35248.4
750 36956.9
780 38678.4
810 40412.1
840 42157.2
870 43913.2
900 45679.4
930 47455.2
960 49240.1
990 51033.6
1020 52835.4
1050 54645
1080 56462
1110 58286.1
1140 60116.9
1170 61954.2
1200 63797.7
1230 65647.1
1260 67502.1
1290 69362.7
1320 71228.4
1350 73099.2
1380 74974.8
1410 76855.1
1440 78739.8
1470 80628.9
1500 82522.1
1530 84419.4
1560 86320.5
1590 88225.4
1620 90133.9
1650 92045.9
1680 93961.3
1710 95880
1740 97801.9
1770 99726.9
1800 101655
1830 103586
1860 105519
1860 105519
