0 0
30 1334.53
60 2669.06
90 4003.6
120 5338.13
150 6672.66
180 8007.23
210 9342.43
240 10681.6
270 12033
300 13407
330 14810.9
360 16247.7
390 17717.8
420 19219.6
450 20751
480 22309.7
510 23893.6
540 25500.7
570 27129.1
600 28777.2
630 30443.4
660 32126.4
690 33825.1
720 35538.2
750 37264.9
780 39004.2
810 40755.3
840 42517.6
870 44290.3
900 46073
930 47864.9
960 49665.8
990 51474.9
1020 53292
1050 55116.6
1080 56948.4
1110 58787
1140 60632.2
1170 62483.6
1200 64340.9
1230 66203.9
1260 68072.4
1290 69946.1
1320 71824.9
1350 73708.5
1380 75596.7
1410 77489.4
1440 79386.3
1470 81287.5
1500 83192.6
1530 85101.6
1560 87014.3
1590 88930.6
1620 90850.3
1650 92773.4
1680 94699.8
1710 96629.3
1740 98561.9
1770 100497
1800 102436
1830 104377
1860 106321
1860 106321
