0 0
30 1334.53
60 2669.06
90 4003.6
120 5338.13
150 6672.66
180 8007.19
210 9341.72
240 10676.3
270 12011.3
300 13349.1
330 14695.5
360 16058.6
390 17444.9
420 18858.2
450 20299.8
480 21769.3
510 23265.7
540 24787.4
570 26332.8
600 27900.1
630 29487.9
660 31094.9
690 32719.8
720 34361.3
750 36018.4
780 37690.1
810 39375.5
840 41073.8
870 42784.2
900 44506
930 46238.7
960 47981.5
990 49734.1
1020 51495.9
1050 53266.3
1080 55045.2
1110 56831.9
1140 58626.3
1170 60427.8
1200 62236.3
1230 64051.5
1260 65873
1290 67700.7
1320 69534.1
1350 71373.2
1380 73217.7
1410 75067.4
1440 76922.1
1470 78781.6
1500 80645.8
1530 82514.5
1560 84387.5
1590 86264.7
1620 88145.9
1650 90031.1
1680 91920.1
1710 93812.7
1740 95708.9
1770 97608.5
1800 99511.5
1830 101418
1860 103327
1860 103327
