0 0
30 765.468
60 1530.94
90 2296.4
120 3061.87
150 3827.34
180 4592.81
210 5358.18
240 6122.55
270 6882.14
300 7629.57
330 8356.8
360 9058.14
390 9730.98
420 10374.8
450 10990.4
480 11579
510 12142.5
540 12682.4
570 13200.5
600 13698.3
630 14177.2
660 14638.6
690 15083.5
720 15513.2
750 15928.5
780 16330.4
810 16719.6
840 17097
870 17463.3
900 17818.9
930 18164.6
960 18500.7
990 18827.9
1020 19146.4
1050 19456.9
1080 19759.5
1110 20054.8
1140 20342.9
1170 20624.3
1200 20899.3
1230 21167.9
1260 21430.7
1290 21687.7
1320 21939.2
1350 22185.4
1380 22426.5
1410 22662.8
1440 22894.3
1470 23121.2
1500 23343.7
1530 23562
1560 23776.2
1590 23986.4
1620 24192.8
1650 24395.4
1680 24594.5
1710 24790
1740 24982.2
1770 25171.1
1800 25356.8
1830 25539.4
1860 25719
1860 25719
