0 0
30 765.468
60 1530.94
90 2296.4
120 3061.87
150 3827.09
180 4589.27
210 5339.47
240 6065.73
270 6759.39
300 7416.15
330 8035.6
360 8619.51
390 9170.44
420 9691.31
450 10184.7
480 10653.1
510 11098.7
540 11523.6
570 11929.5
600 12318.1
630 12690.7
660 13048.5
690 13392.6
720 13724
750 14043.5
780 14351.9
810 14649.9
840 14938.3
870 15217.4
900 15487.9
930 15750.3
960 16005
990 16252.3
1020 16493
1050 16727
1080 16954.8
1110 17176.5
1140 17392.6
1170 17603.3
1200 17808.8
1230 18009.3
1260 18205
1290 18396.3
1320 18583.1
1350 18765.8
1380 18944.5
1410 19119.3
1440 19290.4
1470 19457.9
1500 19622
1530 19782.7
1560 19940.2
1590 20094.6
1620 20246
1650 20394.6
1680 20540.3
1710 20683.3
1740 20823.8
1770 20961.6
1800 21097.1
1830 21230.1
1860 21360.9
1860 21360.9
