0 0
30 1334.53
60 2669.06
90 4003.6
120 5338.13
150 6672.68
180 8007.99
210 9348.87
240 10706.5
270 12092.8
300 13515.1
330 14975.6
360 16473.5
390 18006.5
420 19571.6
450 21166.1
480 22787
510 24432
540 26099
570 27786
600 29491.2
630 31213.2
660 32950.7
690 34702.5
720 36467.4
750 38244.7
780 40033.5
810 41832.9
840 43642.3
870 45461.1
900 47288.7
930 49124.5
960 50968.3
990 52819.5
1020 54677.7
1050 56542.6
1080 58413.8
1110 60291.1
1140 62174
1170 64062.5
1200 65956.1
1230 67854.8
1260 69758.2
1290 71666.2
1320 73578.5
1350 75495
1380 77415.6
1410 79340
1440 81268.2
1470 83200
1500 85135.2
1530 87073.7
1560 89015.5
1590 90960.3
1620 92908.2
1650 94858.9
1680 96812.5
1710 98768.7
1740 100728
1770 102689
1800 104653
1830 106619
1860 108588
1860 108588
