0 0
30 765.468
60 1530.94
90 2296.4
120 3061.87
150 3827.34
180 4592.81
210 5358.28
240 6123.74
270 6889.19
300 7654.48
330 8419.07
360 9181.66
390 9940.01
420 10691.3
450 11432.5
480 12160.9
510 12874.4
540 13571.3
570 14250.5
600 14911.5
630 15553.9
660 16178
690 16783.9
720 17372.3
750 17943.6
780 18498.6
810 19037.9
840 19562.2
870 20072.2
900 20568.5
930 21051.8
960 21522.8
990 21981.9
1020 22429.7
1050 22866.8
1080 23293.5
1110 23710.5
1140 24118
1170 24516.5
1200 24906.3
1230 25287.8
1260 25661.4
1290 26027.3
1320 26385.8
1350 26737.3
1380 27082
1410 27420.2
1440 27752
1470 28077.7
1500 28397.4
1530 28711.5
1560 29020.1
1590 29323.4
1620 29621.5
1650 29914.6
1680 30202.8
1710 30486.4
1740 30765.4
1770 31040
1800 31310.3
1830 31576.4
1860 31838.5
1860 31838.5
