0 0
30 765.468
60 1530.94
90 2296.4
120 3061.87
150 3827.34
180 4592.81
210 5358.26
240 6123.5
270 6887.13
300 7644.77
330 8389.12
360 9112.84
390 9810.91
420 10481.2
450 11123.2
480 11737.8
510 12326.3
540 12890.3
570 13431.4
600 13951.2
630 14450.9
660 14932.2
690 15396.1
720 15843.9
750 16276.6
780 16695
810 17100.2
840 17492.9
870 17873.7
900 18243.5
930 18602.7
960 18952
990 19291.8
1020 19622.6
1050 19944.9
1080 20259.1
1110 20565.6
1140 20864.6
1170 21156.6
1200 21441.8
1230 21720.6
1260 21993.1
1290 22259.7
1320 22520.6
1350 22776
1380 23026
1410 23271
1440 23511.1
1470 23746.4
1500 23977.2
1530 24203.6
1560 24425.8
1590 24643.9
1620 24857.9
1650 25068.1
1680 25274.6
1710 25477.5
1740 25676.9
1770 25873
1800 26065.7
1830 26255.2
1860 26441.6
1860 26441.6
