0 0
30 1334.53
60 2669.06
90 4003.6
120 5338.13
150 6672.66
180 8007.19
210 9341.73
240 10676.3
270 12011.5
300 13349.5
330 14694.4
360 16051.8
390 17427.3
420 18825.6
450 20249.5
480 21700.1
510 23177.4
540 24680.2
570 26207.4
600 27757.2
630 29328.5
660 30919.7
690 32529.4
720 34156.5
750 35799.8
780 37458.3
810 39131
840 40817.1
870 42515.7
900 44226.1
930 45947.7
960 47679.9
990 49422
1020 51173.6
1050 52934.3
1080 54703.6
1110 56481
1140 58266.2
1170 60058.9
1200 61858.7
1230 63665.4
1260 65478.5
1290 67298
1320 69123.4
1350 70954.6
1380 72791.3
1410 74633.3
1440 76480.5
1470 78332.6
1500 80189.4
1530 82050.8
1560 83916.6
1590 85786.7
1620 87660.9
1650 89539.1
1680 91421.2
1710 93307
1740 95196.5
1770 97089.4
1800 98985.8
1830 100886
1860 102788
1860 102788
