0 0
30 1334.53
60 2669.06
90 4003.6
120 5338.45
150 6676.53
180 8026.04
210 9398.15
240 10802
270 12241.9
300 13718.7
330 15230.9
360 16775.8
390 18350.6
420 19952.6
450 21579.9
480 23230
510 24900.9
540 26590.9
570 28298.6
600 30022.4
630 31761.3
660 33514
690 35279.5
720 37057.1
750 38846
780 40645.4
810 42454.8
840 44273.5
870 46101.1
900 47936.9
930 49780.6
960 51631.7
990 53489.8
1020 55354.6
1050 57225.8
1080 59103
1110 60986
1140 62874.6
1170 64768.3
1200 66667.2
1230 68570.8
1260 70479
1290 72391.7
1320 74308.6
1350 76229.6
1380 78154.5
1410 80083.3
1440 82015.6
1470 83951.5
1500 85890.7
1530 87833.2
1560 89778.9
1590 91727.5
1620 93679.2
1650 95633.6
1680 97590.8
1710 99550.6
1740 101513
1770 103478
1800 105445
1830 107415
1860 109387
1860 109387
