0 0
30 765.468
60 1530.94
90 2296.4
120 3061.87
150 3827.34
180 4592.81
210 5358.28
240 6123.74
270 6889.18
300 7654.4
330 8418.77
360 9180.88
390 9938.42
420 10688.5
450 11427.9
480 12153.9
510 12864.3
540 13557.5
570 14232.2
600 14888.1
630 15525.2
660 16143.4
690 16743.4
720 17325.7
750 17891.1
780 18440.3
810 18974.1
840 19493
870 19998
900 20489.6
930 20968.5
960 21435.2
990 21890.4
1020 22334.5
1050 22768
1080 23191.5
1110 23605.4
1140 24010.1
1170 24405.8
1200 24792.9
1230 25171.9
1260 25543
1290 25906.7
1320 26263.1
1350 26612.5
1380 26955.1
1410 27291.4
1440 27621.4
1470 27945.4
1500 28263.5
1530 28576.1
1560 28883.2
1590 29185.1
1620 29481.9
1650 29773.8
1680 30060.9
1710 30343.4
1740 30621.4
1770 30895.1
1800 31164.6
1830 31429.9
1860 31691.2
1860 31691.2
