0 0
30 765.468
60 1530.94
90 2296.4
120 3061.87
150 3827.34
180 4592.81
210 5358.27
240 6123.6
270 6887.83
300 7647.5
330 8396.16
360 9126.56
390 9833.44
420 10513.9
450 11166.9
480 11793.1
510 12393.6
540 12969.7
570 13523
600 14054.8
630 14566.8
660 15060
690 15535.7
720 15995.1
750 16439.3
780 16869.1
810 17285.5
840 17689.2
870 18080.9
900 18461.3
930 18831
960 19190.7
990 19540.7
1020 19881.6
1050 20213.7
1080 20537.6
1110 20853.6
1140 21162.1
1170 21463.4
1200 21757.7
1230 22045.4
1260 22326.8
1290 22602.1
1320 22871.6
1350 23135.4
1380 23393.9
1410 23647.1
1440 23895.3
1470 24138.7
1500 24377.4
1530 24611.6
1560 24841.4
1590 25067
1620 25288.5
1650 25506.1
1680 25719.8
1710 25929.9
1740 26136.4
1770 26339.4
1800 26539
1830 26735.3
1860 26928.4
1860 26928.4
