0 0
30 765.468
60 1530.94
90 2296.4
120 3061.87
150 3827.34
180 4592.81
210 5358.19
240 6122.83
270 6884.12
300 7636.64
330 8373.21
360 9087.71
390 9776.29
420 10437.5
450 11071.3
480 11678.6
510 12260.7
540 12819.1
570 13355.4
600 13871
630 14367.3
660 14845.7
690 15307.3
720 15753.1
750 16184.3
780 16601.6
810 17006
840 17398.1
870 17778.7
900 18148.4
930 18507.8
960 18857.4
990 19197.7
1020 19529.1
1050 19852.2
1080 20167.2
1110 20474.5
1140 20774.6
1170 21067.6
1200 21354
1230 21634
1260 21907.8
1290 22175.8
1320 22438
1350 22694.8
1380 22946.3
1410 23192.8
1440 23434.3
1470 23671.2
1500 23903.5
1530 24131.4
1560 24355.1
1590 24574.8
1620 24790.4
1650 25002.2
1680 25210.2
1710 25414.7
1740 25615.6
1770 25813.2
1800 26007.5
1830 26198.5
1860 26386.5
1860 26386.5
