0 0
30 765.387
60 1514.06
90 2195.91
120 2790.87
150 3307.22
180 3759.19
210 4159.19
240 4517.73
270 4843.36
300 5144.16
330 5422.72
360 5682.17
390 5924.75
420 6152.42
450 6366.81
480 6569.26
510 6760.89
540 6942.71
570 7115.74
600 7280.59
630 7438.01
660 7588.5
690 7732.62
720 7870.92
750 8003.8
780 8131.62
810 8254.7
840 8373.36
870 8487.86
900 8598.45
930 8705.38
960 8808.85
990 8909.07
1020 9006.23
1050 9100.5
1080 9192
1110 9280.89
1140 9367.28
1170 9451.32
1200 9533.1
1230 9612.72
1260 9690.27
1290 9765.85
1320 9839.55
1350 9911.45
1380 9981.62
1410 10050.1
1440 10117.1
1470 10182.5
1500 10246.4
1530 10309
1560 10370.2
1590 10430.1
1620 10488.8
1650 10546.2
1680 10602.5
1710 10657.7
1740 10711.7
1770 10764.7
1800 10816.7
1830 10867.6
1860 10917.7
1860 10917.7
