0 0
30 765.468
60 1530.94
90 2296.4
120 3061.87
150 3827.34
180 4592.81
210 5358.27
240 6123.51
270 6886.95
300 7643.73
330 8386.04
360 9106.36
390 9799.76
420 10464.1
450 11099.2
480 11706
510 12286.1
540 12841.1
570 13372.8
600 13882.9
630 14373.1
660 14844.7
690 15298.9
720 15737
750 16160.2
780 16569.3
810 16965.3
840 17349
870 17721.2
900 18082.4
930 18433.3
960 18774.3
990 19106.1
1020 19429
1050 19743.5
1080 20050.1
1110 20349.1
1140 20640.9
1170 20925.8
1200 21204.1
1230 21476.2
1260 21742.2
1290 22002.5
1320 22257.2
1350 22506.5
1380 22750.8
1410 22990.1
1440 23224.7
1470 23454.7
1500 23680.4
1530 23901.8
1560 24119.1
1590 24332.5
1620 24542
1650 24747.8
1680 24950
1710 25148.8
1740 25344.2
1770 25536.3
1800 25725.3
1830 25911.3
1860 26094.2
1860 26094.2
