0 0
30 765.468
60 1530.94
90 2296.4
120 3061.87
150 3827.34
180 4592.81
210 5358.28
240 6123.69
270 6888.39
300 7649.24
330 8399.39
360 9130.56
390 9836.51
420 10514.1
450 11162.6
480 11782.8
510 12375.9
540 12943.7
570 13488
600 14010.4
630 14512.4
660 14995.5
690 15460.9
720 15909.9
750 16343.5
780 16762.8
810 17168.6
840 17561.8
870 17943
900 18313
930 18672.4
960 19021.8
990 19361.6
1020 19692.4
1050 20014.6
1080 20328.7
1110 20634.9
1140 20933.8
1170 21225.5
1200 21510.5
1230 21789
1260 22061.3
1290 22327.6
1320 22588.2
1350 22843.3
1380 23093.1
1410 23337.9
1440 23577.7
1470 23812.8
1500 24043.4
1530 24269.6
1560 24491.5
1590 24709.4
1620 24923.2
1650 25133.3
1680 25339.7
1710 25542.4
1740 25741.7
1770 25937.6
1800 26130.3
1830 26319.7
1860 26506.1
1860 26506.1
