0 0
30 765.468
60 1530.94
90 2296.36
120 3059.57
150 3809.05
180 4527.63
210 5204.11
240 5835.16
270 6422.09
300 6968.35
330 7478.42
360 7955.99
390 8404.19
420 8826.21
450 9224.92
480 9602.76
510 9961.75
540 10303.5
570 10629.6
600 10941.5
630 11240.4
660 11527
690 11802.4
720 12067.2
750 12322.3
780 12568.4
810 12806
840 13035.5
870 13257.5
900 13472.5
930 13680.8
960 13882.7
990 14078.7
1020 14269.1
1050 14454.1
1080 14633.9
1110 14808.9
1140 14979.3
1170 15145.3
1200 15307.1
1230 15464.8
1260 15618.6
1290 15768.8
1320 15915.5
1350 16058.7
1380 16198.8
1410 16335.7
1440 16469.6
1470 16600.7
1500 16728.9
1530 16854.5
1560 16977.5
1590 17098.1
1620 17216.2
1650 17332
1680 17445.6
1710 17557
1740 17666.3
1770 17773.7
1800 17879
1830 17982.5
1860 18084.1
1860 18084.1
