0 0
30 1334.53
60 2669.06
90 4003.6
120 5338.13
150 6672.66
180 8007.19
210 9341.73
240 10676.3
270 12011.5
300 13349.5
330 14696
360 16058.3
390 17442.8
420 18853.6
450 20292.2
480 21758.5
510 23251.5
540 24769.7
570 26311.5
600 27875.6
630 29460.3
660 31064.2
690 32686.1
720 34324.7
750 35978.9
780 37647.8
810 39330.4
840 41025.9
870 42733.6
900 44452.8
930 46182.8
960 47923.1
990 49673.1
1020 51432.3
1050 53200.2
1080 54976.5
1110 56760.7
1140 58552.6
1170 60351.6
1200 62157.7
1230 63970.3
1260 65789.3
1290 67614.5
1320 69445.5
1350 71282.1
1380 73124.1
1410 74971.3
1440 76823.6
1470 78680.6
1500 80542.3
1530 82408.5
1560 84279.1
1590 86153.8
1620 88032.5
1650 89915.2
1680 91801.6
1710 93691.7
1740 95585.4
1770 97482.5
1800 99383
1830 101287
1860 103194
1860 103194
