0 0
30 1334.53
60 2669.06
90 4003.6
120 5338.13
150 6672.66
180 8007.2
210 9341.89
240 10677.9
270 12018.9
300 13371.7
330 14743.7
360 16140.7
390 17565.9
420 19020.1
450 20502.7
480 22012.4
510 23547.5
540 25106.3
570 26687.2
600 28288.6
630 29909.1
660 31547.4
690 33202.2
720 34872.4
750 36557.1
780 38255.3
810 39966.2
840 41689.1
870 43423.2
900 45168
930 46922.8
960 48687.3
990 50460.7
1020 52242.8
1050 54033.1
1080 55831.1
1110 57636.6
1140 59449.2
1170 61268.6
1200 63094.6
1230 64926.7
1260 66764.9
1290 68608.7
1320 70458.1
1350 72312.8
1380 74172.6
1410 76037.2
1440 77906.7
1470 79780.7
1500 81659
1530 83541.7
1560 85428.5
1590 87319.2
1620 89213.8
1650 91112.1
1680 93014
1710 94919.4
1740 96828.2
1770 98740.2
1800 100655
1830 102574
1860 104495
1860 104495
