0 0
30 1334.53
60 2669.06
90 4003.6
120 5338.13
150 6672.66
180 8007.19
210 9341.77
240 10676.9
270 12015.4
300 13363.5
330 14729.3
360 16119.2
390 17536.7
420 18982.7
450 20457
480 21958.2
510 23484.7
540 25035
570 26607.5
600 28200.6
630 29812.8
660 31442.9
690 33089.7
720 34751.9
750 36428.8
780 38119.2
810 39822.5
840 41537.8
870 43264.6
900 45002.2
930 46749.9
960 48507.2
990 50273.7
1020 52049
1050 53832.5
1080 55623.9
1110 57422.8
1140 59228.9
1170 61042
1200 62861.6
1230 64687.5
1260 66519.5
1290 68357.3
1320 70200.7
1350 72049.5
1380 73903.4
1410 75762.4
1440 77626.1
1470 79494.5
1500 81367.3
1530 83244.5
1560 85125.9
1590 87011.3
1620 88900.6
1650 90793.7
1680 92690.4
1710 94590.7
1740 96494.4
1770 98401.5
1800 100312
1830 102225
1860 104142
1860 104142
