0 0
30 765.468
60 1530.94
90 2296.4
120 3061.87
150 3827.34
180 4592.79
210 5357.97
240 6120.93
270 6875.52
300 7612.11
330 8322.39
360 9001.87
390 9649.29
420 10265.4
450 10852
480 11410.9
510 11944.2
540 12454
570 12942
600 13410
630 13859.3
660 14291.4
690 14707.5
720 15108.7
750 15496
780 15870.3
810 16232.4
840 16583
870 16922.9
900 17252.6
930 17572.6
960 17883.5
990 18185.8
1020 18479.9
1050 18766.3
1080 19045.2
1110 19317.1
1140 19582.2
1170 19840.9
1200 20093.4
1230 20340
1260 20581
1290 20816.6
1320 21047
1350 21272.4
1380 21493
1410 21708.9
1440 21920.4
1470 22127.6
1500 22330.7
1530 22529.7
1560 22724.9
1590 22916.4
1620 23104.4
1650 23288.8
1680 23469.8
1710 23647.7
1740 23822.3
1770 23993.9
1800 24162.5
1830 24328.2
1860 24491.1
1860 24491.1
