0 0
30 765.468
60 1530.94
90 2296.4
120 3061.87
150 3827.3
180 4591.7
210 5349.52
240 6089.42
270 6800.32
300 7475.74
330 8113.87
360 8716.19
390 9284.7
420 9822.21
450 10331.6
480 10815.4
510 11275.8
540 11714.9
570 12134.5
600 12536.1
630 12921.1
660 13290.9
690 13646.6
720 13989.1
750 14319.5
780 14638.4
810 14946.5
840 15244.6
870 15533.2
900 15812.8
930 16084.1
960 16347.4
990 16603.1
1020 16851.7
1050 17093.5
1080 17328.9
1110 17558.1
1140 17781.5
1170 17999.2
1200 18211.6
1230 18418.9
1260 18621.3
1290 18819.1
1320 19012.3
1350 19201.2
1380 19386
1410 19566.9
1440 19743.9
1470 19917.2
1500 20086.9
1530 20253.3
1560 20416.3
1590 20576.1
1620 20732.9
1650 20886.6
1680 21037.5
1710 21185.7
1740 21331.1
1770 21473.9
1800 21614.3
1830 21752.1
1860 21887.6
1860 21887.6
