0 0
30 1334.53
60 2669.06
90 4003.6
120 5338.13
150 6672.66
180 8007.2
210 9341.94
240 10678.1
270 12019.4
300 13372.1
330 14743.6
360 16139.3
390 17562.3
420 19013.4
450 20492.1
480 21997.3
510 23527.5
540 25081.1
570 26656.5
600 28252.3
630 29867
660 31499.3
690 33148.1
720 34812.3
750 36491
780 38183.2
810 39888.1
840 41604.9
870 43333.2
900 45072.1
930 46821.2
960 48579.9
990 50347.7
1020 52124.2
1050 53908.9
1080 55701.5
1110 57501.6
1140 59308.8
1170 61123
1200 62943.7
1230 64770.7
1260 66603.7
1290 68442.6
1320 70287
1350 72136.8
1380 73991.7
1410 75851.6
1440 77716.3
1470 79585.6
1500 81459.4
1530 83337.5
1560 85219.7
1590 87106
1620 88996.2
1650 90890.1
1680 92787.7
1710 94688.8
1740 96593.4
1770 98501.3
1800 100412
1830 102327
1860 104244
1860 104244
