0 0
30 765.468
60 1529.13
90 2265.26
120 2937.92
150 3542.75
180 4084.84
210 4572.77
240 5015.15
270 5419.36
300 5791.47
330 6136.04
360 6456.54
390 6756
420 7036.96
450 7301.53
480 7551.47
510 7788.25
540 8013.13
570 8227.18
600 8431.44
630 8626.6
660 8813.33
690 8992.29
720 9164.08
750 9329.15
780 9487.99
810 9641.02
840 9788.63
870 9931.15
900 10068.9
930 10202.1
960 10331
990 10455.9
1020 10577.1
1050 10694.7
1080 10808.9
1110 10919.9
1140 11027.8
1170 11132.7
1200 11234.8
1230 11334.3
1260 11431.1
1290 11525.6
1320 11617.6
1350 11707.5
1380 11795.2
1410 11880.8
1440 11964.4
1470 12046.2
1500 12126.1
1530 12204.3
1560 12280.7
1590 12355.6
1620 12428.9
1650 12500.6
1680 12570.9
1710 12639.8
1740 12707.3
1770 12773.5
1800 12838.4
1830 12902
1860 12964.5
1860 12964.5
