0 0
30 765.468
60 1530.94
90 2296.4
120 3061.87
150 3827.34
180 4592.81
210 5358.28
240 6123.69
270 6888.41
300 7649.5
330 8400.46
360 9133.36
390 9841.82
420 10522.3
450 11173.7
480 11796.5
510 12391.9
540 12961.6
570 13507.3
600 14030.7
630 14533.4
660 15017
690 15482.9
720 15932.1
750 16365.9
780 16785.3
810 17191.2
840 17584.4
870 17965.6
900 18335.4
930 18694.6
960 19043.7
990 19383.2
1020 19713.7
1050 20035.5
1080 20349.2
1110 20655.1
1140 20953.6
1170 21245.1
1200 21529.9
1230 21808.2
1260 22080.3
1290 22346.6
1320 22607.1
1350 22862.2
1380 23112.1
1410 23357
1440 23597
1470 23832.3
1500 24063.2
1530 24289.7
1560 24512
1590 24730.3
1620 24944.6
1650 25155.2
1680 25362.2
1710 25565.5
1740 25765.5
1770 25962.1
1800 26155.4
1830 26345.7
1860 26532.8
1860 26532.8
