0 0
30 1334.53
60 2669.06
90 4003.6
120 5338.13
150 6672.66
180 8007.48
210 9345.26
240 10694.2
270 12065.9
300 13469.3
330 14908.6
360 16384
390 17894.1
420 19436.4
450 21008.4
480 22607.4
510 24230.9
540 25876.9
570 27543.4
600 29228.7
630 30931.2
660 32649.7
690 34383
720 36130
750 37889.7
780 39661.2
810 41443.9
840 43237
870 45039.9
900 46851.9
930 48672.7
960 50501.6
990 52338.3
1020 54182.3
1050 56033.3
1080 57890.9
1110 59754.8
1140 61624.7
1170 63500.3
1200 65381.4
1230 67267.8
1260 69159.2
1290 71055.3
1320 72956.1
1350 74861.2
1380 76770.6
1410 78684.1
1440 80601.5
1470 82522.7
1500 84447.4
1530 86375.7
1560 88307.4
1590 90242.3
1620 92180.4
1650 94121.5
1680 96065.6
1710 98012.5
1740 99962.2
1770 101915
1800 103870
1830 105827
1860 107787
1860 107787
