0 0
30 1334.53
60 2669.06
90 4003.6
120 5338.91
150 6681.48
180 8046.7
210 9449.88
240 10898.5
270 12393.1
300 13930.8
330 15507.6
360 17118.8
390 18760.4
420 20429.4
450 22122.6
480 23837.6
510 25572.1
540 27324.5
570 29093
600 30876.3
630 32673.3
660 34482.7
690 36303.7
720 38135.4
750 39977.1
780 41828.1
810 43687.6
840 45555.3
870 47430.5
900 49313
930 51202.4
960 53098.1
990 55000
1020 56907.6
1050 58820.6
1080 60738.8
1110 62661.9
1140 64589.7
1170 66522
1200 68458.5
1230 70399.1
1260 72343.7
1290 74291.9
1320 76243.7
1350 78199
1380 80157.5
1410 82119.3
1440 84084
1470 86051.7
1500 88022.3
1530 89995.5
1560 91971.4
1590 93949.7
1620 95930.6
1650 97913.8
1680 99899.3
1710 101887
1740 103877
1770 105869
1800 107863
1830 109858
1860 111856
1860 111856
