0 0
30 1334.53
60 2669.06
90 4003.6
120 5338.13
150 6672.66
180 8007.2
210 9341.99
240 10678.8
270 12023
300 13382.7
330 14765.7
360 16176.9
390 17618.4
420 19090
450 20590.6
480 22118.3
510 23671.5
540 25248.2
570 26846.7
600 28465.3
630 30102.7
660 31757.5
690 33428.5
720 35114.5
750 36814.7
780 38528
810 40253.7
840 41991
870 43739.3
900 45498
930 47266.4
960 49044.1
990 50830.6
1020 52625.5
1050 54428.2
1080 56238.5
1110 58056.1
1140 59880.5
1170 61711.4
1200 63548.7
1230 65392.1
1260 67241.2
1290 69095.8
1320 70955.8
1350 72820.9
1380 74690.9
1410 76565.7
1440 78445
1470 80328.8
1500 82216.8
1530 84108.8
1560 86004.9
1590 87904.7
1620 89808.3
1650 91715.5
1680 93626.1
1710 95540.1
1740 97457.3
1770 99377.7
1800 101301
1830 103228
1860 105157
1860 105157
