0 0
30 1334.53
60 2669.06
90 4003.6
120 5338.13
150 6672.66
180 8007.23
210 9342.24
240 10679.6
270 12024.2
300 13383.5
330 14764.7
360 16172.8
390 17609.7
420 19075.5
450 20569.5
480 22089.9
510 23635.1
540 25203.5
570 26793.4
600 28403.2
630 30031.6
660 31677.3
690 33339.1
720 35015.9
750 36707
780 38411.3
810 40128
840 41856.6
870 43596.1
900 45346.2
930 47106.1
960 48875.5
990 50653.9
1020 52440.7
1050 54235.6
1080 56038.2
1110 57848.2
1140 59665.2
1170 61489
1200 63319.2
1230 65155.6
1260 66997.8
1290 68845.8
1320 70699.3
1350 72558
1380 74421.8
1410 76290.5
1440 78163.9
1470 80041.9
1500 81924.2
1530 83810.7
1560 85701.3
1590 87595.8
1620 89494.2
1650 91396.2
1680 93301.8
1710 95210.9
1740 97123.3
1770 99039
1800 100958
1830 102880
1860 104805
1860 104805
