0 0
30 1334.53
60 2669.06
90 4003.6
120 5338.13
150 6672.66
180 8007.19
210 9341.75
240 10676.7
270 12014.2
300 13359.3
330 14719.1
360 16100.4
390 17507.9
420 18943.4
450 20407.1
480 21898
510 23414.8
540 24956
570 26519.8
600 28104.8
630 29709.4
660 31332.4
690 32972.4
720 34628.4
750 36299.4
780 37984.3
810 39682.5
840 41392.9
870 43115.1
900 44848.2
930 46591.8
960 48345.3
990 50108.1
1020 51879.8
1050 53659.9
1080 55448.2
1110 57244.1
1140 59047.4
1170 60857.6
1200 62674.6
1230 64498.1
1260 66327.7
1290 68163.2
1320 70004.4
1350 71851.1
1380 73703.1
1410 75560.1
1440 77422
1470 79288.5
1500 81159.6
1530 83035.1
1560 84914.8
1590 86798.7
1620 88686.4
1650 90578
1680 92473.4
1710 94372.3
1740 96274.6
1770 98180.4
1800 100089
1830 102002
1860 103917
1860 103917
