0 0
30 765.468
60 1530.94
90 2296.4
120 3061.87
150 3827.34
180 4592.81
210 5358.28
240 6123.74
270 6889.15
300 7654.05
330 8416.82
360 9173.81
390 9919.7
420 10648.9
450 11357.1
480 12041.7
510 12701.5
540 13336.4
570 13947.2
600 14535
630 15101.2
660 15647
690 16173.4
720 16681.7
750 17173.2
780 17648.8
810 18109.4
840 18556.1
870 18989.5
900 19410.4
930 19819.3
960 20217
990 20604
1020 20980.9
1050 21348.1
1080 21706.2
1110 22055.6
1140 22396.7
1170 22729.9
1200 23055.6
1230 23374
1260 23685.4
1290 23990.2
1320 24288.6
1350 24580.9
1380 24867.2
1410 25147.9
1440 25423.1
1470 25693
1500 25957.9
1530 26217.9
1560 26473.2
1590 26724
1620 26970.3
1650 27212.2
1680 27450.1
1710 27683.9
1740 27913.8
1770 28140
1800 28362.5
1830 28581.4
1860 28796.9
1860 28796.9
