0 0
30 1334.53
60 2669.06
90 4003.6
120 5338.13
150 6672.66
180 8007.19
210 9341.73
240 10676.4
270 12012.5
300 13353.8
330 14707.2
360 16079.8
390 17477
420 18901.1
450 20353
480 21832.1
510 23337.1
540 24866.5
570 26418.9
600 27992.6
630 29586.2
660 31198.4
690 32828
720 34473.7
750 36134.7
780 37809.9
810 39498.5
840 41199.7
870 42912.8
900 44637.1
930 46372
960 48117
990 49871.5
1020 51635
1050 53407.2
1080 55187.6
1110 56975.8
1140 58771.5
1170 60574.4
1200 62384
1230 64200.3
1260 66022.8
1290 67851.3
1320 69685.6
1350 71525.5
1380 73370.7
1410 75221.1
1440 77076.5
1470 78936.6
1500 80801.4
1530 82670.7
1560 84544.3
1590 86422
1620 88303.8
1650 90189.4
1680 92078.9
1710 93972
1740 95868.7
1770 97768.8
1800 99672.2
1830 101579
1860 103489
1860 103489
