0 0
30 1334.53
60 2669.06
90 4003.6
120 5338.13
150 6672.66
180 8007.19
210 9341.8
240 10676.9
270 12013.8
300 13354.9
330 14703.6
360 16063.1
390 17436.6
420 18826.6
450 20234.8
480 21662.4
510 23109.7
540 24577.1
570 26064.3
600 27571
630 29096.4
660 30639.8
690 32200.5
720 33777.6
750 35370.2
780 36977.9
810 38599.6
840 40234.9
870 41883
900 43543.4
930 45215.5
960 46898.6
990 48592.3
1020 50296.1
1050 52009.4
1080 53731.9
1110 55463.3
1140 57203
1170 58950.9
1200 60706.6
1230 62469.7
1260 64239.9
1290 66017.1
1320 67800.9
1350 69591
1380 71387.2
1410 73189.4
1440 74997.2
1470 76810.5
1500 78629
1530 80452.7
1560 82281.3
1590 84114.7
1620 85952.8
1650 87795.3
1680 89642.2
1710 91493.4
1740 93348.6
1770 95207.8
1800 97070.9
1830 98937.7
1860 100808
1860 100808
