0 0
30 765.468
60 1530.94
90 2296.4
120 3061.87
150 3827.34
180 4592.81
210 5358.26
240 6123.41
270 6886.6
300 7643.43
330 8387.28
360 9111.55
390 9811.63
420 10485.2
450 11131.7
480 11751.9
510 12346.7
540 12917.6
570 13466
600 13993.6
630 14501.5
660 14991.3
690 15463.9
720 15920.5
750 16362
780 16789.4
810 17203.6
840 17605.3
870 17995.2
900 18374
930 18742.3
960 19100.5
990 19449.2
1020 19789
1050 20120.2
1080 20443.1
1110 20758.2
1140 21065.9
1170 21366.4
1200 21660
1230 21947.1
1260 22227.9
1290 22502.7
1320 22771.7
1350 23035.1
1380 23293.1
1410 23545.9
1440 23793.7
1470 24036.7
1500 24275.1
1530 24509
1560 24738.6
1590 24963.9
1620 25185.3
1650 25402.7
1680 25616.3
1710 25826.2
1740 26032.5
1770 26235.4
1800 26434.9
1830 26631.1
1860 26824.2
1860 26824.2
