0 0
30 1334.53
60 2669.06
90 4003.6
120 5338.13
150 6672.66
180 8007.19
210 9341.72
240 10676.3
270 12011.4
300 13349.5
330 14696.5
360 16060.2
390 17446.9
420 18860.2
450 20301.7
480 21771
510 23266.9
540 24788.2
570 26333
600 27899.9
630 29487.4
660 31094
690 32718.6
720 34359.8
750 36016.6
780 37687.9
810 39373
840 41070.9
870 42780.9
900 44502.5
930 46234.8
960 47977.3
990 49729.6
1020 51491
1050 53261.2
1080 55039.7
1110 56826.2
1140 58620.2
1170 60421.5
1200 62229.6
1230 64044.5
1260 65865.7
1290 67692.9
1320 69526.1
1350 71364.8
1380 73208.9
1410 75058.2
1440 76912.6
1470 78771.8
1500 80635.6
1530 82503.9
1560 84376.5
1590 86253.3
1620 88134.2
1650 90019
1680 91907.6
1710 93799.9
1740 95695.7
1770 97595
1800 99497.7
1830 101404
1860 103313
1860 103313
