0 0
30 1334.53
60 2669.06
90 4003.6
120 5338.13
150 6672.66
180 8007.19
210 9341.72
240 10676.3
270 12010.8
300 13345.7
330 14681.8
360 16021.4
390 17368.2
420 18726.6
450 20100.8
480 21493.8
510 22907.5
540 24342.8
570 25799.8
600 27278.2
630 28777.1
660 30295.8
690 31833.2
720 33388.5
750 34960.7
780 36549.1
810 38152.6
840 39770.4
870 41401.8
900 43046.2
930 44702.7
960 46370.8
990 48050
1020 49739.7
1050 51439.4
1080 53148.7
1110 54867
1140 56594.1
1170 58329.4
1200 60072.6
1230 61823.6
1260 63581.8
1290 65347.1
1320 67119.1
1350 68897.7
1380 70682.5
1410 72473.3
1440 74270
1470 76072.2
1500 77879.9
1530 79692.8
1560 81510.7
1590 83333.4
1620 85161
1650 86993.1
1680 88829.6
1710 90670.5
1740 92515.6
1770 94364.7
1800 96217.8
1830 98074.7
1860 99935.4
1860 99935.4
