0 0
30 765.468
60 1530.94
90 2296.4
120 3061.87
150 3827.34
180 4592.81
210 5358.28
240 6123.74
270 6889.12
300 7653.95
330 8416.74
360 9174.39
390 9922.23
420 10655.1
450 11368.7
480 12060
510 12727.6
540 13371.3
570 13991.5
600 14589.1
630 15165.3
660 15721.1
690 16257.7
720 16776.2
750 17277.6
780 17763
810 18233.3
840 18689.3
870 19131.8
900 19561.6
930 19979.4
960 20385.7
990 20781.3
1020 21166.6
1050 21542.2
1080 21908.6
1110 22266.1
1140 22615.2
1170 22956.1
1200 23289.1
1230 23614.8
1260 23933.3
1290 24244.9
1320 24550
1350 24848.8
1380 25141.6
1410 25428.6
1440 25709.9
1470 25985.8
1500 26256.5
1530 26522.2
1560 26783
1590 27039
1620 27290.6
1650 27537.7
1680 27780.5
1710 28019.2
1740 28253.9
1770 28484.7
1800 28711.8
1830 28935.1
1860 29155
1860 29155
