0 0
30 765.468
60 1530.94
90 2296.4
120 3061.87
150 3827.34
180 4592.81
210 5358.15
240 6122.23
270 6880.87
300 7626.49
330 8351.21
360 9049.68
390 9719.51
420 10360.2
450 10972.7
480 11558.3
510 12118.7
540 12655.8
570 13171.1
600 13666.2
630 14142.5
660 14601.2
690 15043.6
720 15470.7
750 15883.6
780 16283.2
810 16670.1
840 17045.3
870 17409.3
900 17762.8
930 18106.4
960 18440.5
990 18765.7
1020 19082.4
1050 19390.9
1080 19691.8
1110 19985.2
1140 20271.6
1170 20551.4
1200 20824.6
1230 21091.7
1260 21352.9
1290 21608.4
1320 21858.4
1350 22103.1
1380 22342.9
1410 22577.7
1440 22807.9
1470 23033.5
1500 23254.8
1530 23471.8
1560 23684.8
1590 23893.8
1620 24099
1650 24300.5
1680 24498.5
1710 24692.9
1740 24884.1
1770 25071.9
1800 25256.6
1830 25438.3
1860 25616.9
1860 25616.9
