0 0
30 1334.53
60 2669.06
90 4003.6
120 5338.13
150 6672.66
180 8007.21
210 9342.15
240 10679.7
270 12026
300 13389.8
330 14778.9
360 16197.9
390 17648.1
420 19128.9
450 20639
480 22176.4
510 23739.2
540 25325.3
570 26933.1
600 28560.9
630 30207.2
660 31870.5
690 33550
720 35244.3
750 36952.5
780 38673.7
810 40407.2
840 42152.1
870 43907.7
900 45673.6
930 47449.1
960 49233.8
990 51027
1020 52828.5
1050 54637.8
1080 56454.5
1110 58278.3
1140 60108.9
1170 61945.9
1200 63789.2
1230 65638.3
1260 67493.2
1290 69353.5
1320 71219
1350 73089.5
1380 74964.9
1410 76845
1440 78729.5
1470 80618.4
1500 82511.4
1530 84408.5
1560 86309.5
1590 88214.2
1620 90122.5
1650 92034.4
1680 93949.6
1710 95868.2
1740 97789.9
1770 99714.8
1800 101643
1830 103573
1860 105507
1860 105507
