0 0
30 765.468
60 1530.94
90 2296.4
120 3061.87
150 3827.34
180 4592.81
210 5358.28
240 6123.72
270 6888.86
300 7652.04
330 8408.66
360 9151.68
390 9874.36
420 10572.3
450 11243.6
480 11887.8
510 12505.7
540 13098.7
570 13668
600 14215.3
630 14742.1
660 15249.5
690 15739
720 16211.5
750 16668.3
780 17110.4
810 17538.5
840 17953.6
870 18356.3
900 18747.5
930 19127.7
960 19497.6
990 19857.5
1020 20208.1
1050 20549.6
1080 20882.7
1110 21207.6
1140 21524.9
1170 21834.7
1200 22137.4
1230 22433.3
1260 22722.8
1290 23006
1320 23283.2
1350 23554.7
1380 23820.7
1410 24081.4
1440 24336.9
1470 24587.5
1500 24833.3
1530 25074.5
1560 25311.3
1590 25543.8
1620 25772.1
1650 25996.5
1680 26216.9
1710 26433.5
1740 26646.6
1770 26856
1800 27062.1
1830 27264.8
1860 27464.2
1860 27464.2
