0 0
30 765.468
60 1530.94
90 2296.4
120 3061.87
150 3827.34
180 4592.77
210 5357.39
240 6117.24
270 6863.86
300 7587.52
330 8282.71
360 8946.24
390 9577.41
420 10177.3
450 10747.7
480 11290.7
510 11808.4
540 12303
570 12776.2
600 13229.7
630 13664.9
660 14083.2
690 14485.8
720 14873.9
750 15248.5
780 15610.3
810 15960.2
840 16299
870 16627.3
900 16945.7
930 17254.7
960 17555
990 17846.9
1020 18130.9
1050 18407.3
1080 18676.6
1110 18939.1
1140 19195.1
1170 19444.9
1200 19688.8
1230 19927
1260 20159.8
1290 20387.4
1320 20610
1350 20827.8
1380 21041
1410 21249.7
1440 21454.2
1470 21654.6
1500 21851
1530 22043.6
1560 22232.5
1590 22417.8
1620 22599.7
1650 22778.2
1680 22953.6
1710 23125.8
1740 23294.9
1770 23461.2
1800 23624.6
1830 23785.2
1860 23943.2
1860 23943.2
