0 0
30 765.468
60 1530.94
90 2296.4
120 3061.87
150 3827.34
180 4592.81
210 5358.28
240 6123.74
270 6889.2
300 7654.55
330 8419.41
360 9182.7
390 9942.35
420 10695.4
450 11438.5
480 12168.6
510 12883.5
540 13581.3
570 14261.4
600 14923.3
630 15567.1
660 16192.9
690 16801.3
720 17392.7
750 17968
780 18527.6
810 19072.2
840 19602.4
870 20118.8
900 20621.9
930 21112.4
960 21590.8
990 22057.6
1020 22513.5
1050 22958.8
1080 23393.9
1110 23819.3
1140 24235.4
1170 24642.6
1200 25041.1
1230 25431.5
1260 25813.8
1290 26188.6
1320 26555.9
1350 26916.3
1380 27269.8
1410 27616.7
1440 27957.3
1470 28291.9
1500 28620.4
1530 28943.3
1560 29260.7
1590 29572.6
1620 29879.4
1650 30181.1
1680 30477.9
1710 30769.9
1740 31057.3
1770 31340.2
1800 31618.8
1830 31893.1
1860 32163.2
1860 32163.2
