0 0
30 1334.53
60 2669.06
90 4003.6
120 5338.13
150 6672.66
180 8007.19
210 9341.8
240 10677.3
270 12016.8
300 13367
330 14735.7
360 16128.9
390 17549.7
420 18998.8
450 20475.8
480 21979.4
510 23508.3
540 25060.6
570 26635
600 28229.7
630 29843.4
660 31474.8
690 33122.7
720 34786
750 36463.8
780 38155.1
810 39859.3
840 41575.4
870 43302.8
900 45041
930 46789.3
960 48547.1
990 50314.1
1020 52089.8
1050 53873.7
1080 55665.5
1110 57464.8
1140 59271.2
1170 61084.5
1200 62904.4
1230 64730.6
1260 66562.8
1290 68400.9
1320 70244.5
1350 72093.5
1380 73947.6
1410 75806.7
1440 77670.7
1470 79539.2
1500 81412.2
1530 83289.6
1560 85171.1
1590 87056.6
1620 88946
1650 90839.2
1680 92736.1
1710 94636.4
1740 96540.3
1770 98447.4
1800 100358
1830 102271
1860 104188
1860 104188
