0 0
30 765.468
60 1530.94
90 2296.4
120 3061.87
150 3827.34
180 4592.8
210 5358.1
240 6122.23
270 6881.98
300 7631.33
330 8363.09
360 9071.3
390 9752.45
420 10405.7
450 11031.1
480 11630
510 12203.6
540 12753.7
570 13281.7
600 13789.2
630 14277.6
660 14748.2
690 15202.2
720 15640.6
750 16064.5
780 16474.7
810 16872
840 17257.2
870 17631
900 17994
930 18346.7
960 18689.7
990 19023.6
1020 19348.7
1050 19665.5
1080 19974.3
1110 20275.6
1140 20569.6
1170 20856.7
1200 21137.1
1230 21411.2
1260 21679.2
1290 21941.4
1320 22197.9
1350 22449
1380 22694.9
1410 22935.8
1440 23171.9
1470 23403.4
1500 23630.4
1530 23853
1560 24071.5
1590 24286
1620 24496.5
1650 24703.2
1680 24906.3
1710 25105.9
1740 25302
1770 25494.7
1800 25684.2
1830 25870.6
1860 26053.9
1860 26053.9
