0 0
30 1334.53
60 2669.06
90 4003.6
120 5338.13
150 6672.66
180 8007.19
210 9341.72
240 10676.3
270 12010.9
300 13346.1
330 14683.3
360 16025.6
390 17377.8
420 18744.9
450 20131.3
480 21540
510 22972.4
540 24428.7
570 25908.5
600 27410.9
630 28934.7
660 30478.9
690 32042.3
720 33623.8
750 35222.4
780 36837
810 38466.7
840 40110.7
870 41768.2
900 43438.4
930 45120.6
960 46814.3
990 48518.7
1020 50233.4
1050 51957.8
1080 53691.4
1110 55433.9
1140 57184.8
1170 58943.9
1200 60710.9
1230 62485.2
1260 64266.7
1290 66055.1
1320 67850
1350 69651.2
1380 71458.4
1410 73271.4
1440 75090.1
1470 76914.2
1500 78743.5
1530 80577.8
1560 82417
1590 84261
1620 86109.4
1650 87962.3
1680 89819.5
1710 91680.8
1740 93546.1
1770 95415.3
1800 97288.2
1830 99164.9
1860 101045
1860 101045
