0 0
30 1334.53
60 2669.06
90 4003.6
120 5338.13
150 6672.66
180 8007.19
210 9341.75
240 10676.7
270 12013.3
300 13355.1
330 14706.8
360 16073
390 17457.9
420 18863.7
450 20291.7
480 21742.2
510 23214.7
540 24708.9
570 26223.8
600 27758.6
630 29312
660 30883.3
690 32471.4
720 34075.4
750 35694.6
780 37328.3
810 38975.6
840 40635.9
870 42308.6
900 43993.1
930 45688.9
960 47395.3
990 49112
1020 50838.5
1050 52574.3
1080 54318.9
1110 56071.9
1140 57833.1
1170 59602.2
1200 61378.7
1230 63162.3
1260 64952.9
1290 66750.1
1320 68553.7
1350 70363.3
1380 72178.8
1410 73999.9
1440 75826.5
1470 77658.4
1500 79495.3
1530 81337.2
1560 83183.7
1590 85034.8
1620 86890.3
1650 88750.1
1680 90613.9
1710 92481.8
1740 94353.5
1770 96229
1800 98108.1
1830 99990.7
1860 101877
1860 101877
