0 0
30 1334.53
60 2669.06
90 4003.6
120 5338.13
150 6672.78
180 8009.67
210 9357.5
240 10729.8
270 12137.1
300 13583.9
330 15070.3
360 16594.1
390 18152.3
420 19741.6
450 21359.1
480 23001.8
510 24667.5
540 26354.1
570 28059.6
600 29782.4
630 31521
660 33274
690 35040.4
720 36819.4
750 38609.9
780 40411.2
810 42222.6
840 44043.4
870 45873
900 47711
930 49556.7
960 51409.9
990 53270
1020 55136.8
1050 57009.9
1080 58889
1110 60773.8
1140 62664
1170 64559.3
1200 66459.5
1230 68364.4
1260 70273.9
1290 72187.8
1320 74105.8
1350 76027.9
1380 77953.7
1410 79883.2
1440 81816.3
1470 83752.8
1500 85692.6
1530 87635.6
1560 89581.6
1590 91530.6
1620 93482.4
1650 95436.9
1680 97394.2
1710 99354
1740 101316
1770 103281
1800 105248
1830 107218
1860 109189
1860 109189
