0 0
30 765.468
60 1530.94
90 2296.4
120 3061.87
150 3827.34
180 4592.81
210 5358.22
240 6122.62
270 6881.36
300 7624.83
330 8342.87
360 9029.29
390 9681.59
420 10300.4
450 10887.5
480 11445.4
510 11976.4
540 12482.7
570 12966.5
600 13429.5
630 13873.5
660 14300
690 14710.2
720 15105.3
750 15486.3
780 15854.3
810 16210.2
840 16554.6
870 16888.2
900 17211.8
930 17525.9
960 17831
990 18127.6
1020 18416.2
1050 18697.2
1080 18971
1110 19237.8
1140 19498.1
1170 19752.1
1200 20000.2
1230 20242.6
1260 20479.5
1290 20711.1
1320 20937.7
1350 21159.6
1380 21376.8
1410 21589.5
1440 21798
1470 22002.3
1500 22202.7
1530 22399.2
1560 22592.1
1590 22781.4
1620 22967.2
1650 23149.7
1680 23328.9
1710 23505
1740 23678.1
1770 23848.2
1800 24015.5
1830 24180
1860 24341.9
1860 24341.9
