0 0
30 765.468
60 1530.94
90 2296.4
120 3061.87
150 3827.34
180 4592.81
210 5358.28
240 6123.71
270 6888.61
300 7650.47
330 8403.45
360 9139.8
390 9853.12
420 10539.8
450 11198.3
480 11829
510 12433.1
540 13011.8
570 13567
600 14100.1
630 14612.6
660 15106
690 15581.4
720 16040.2
750 16483.4
780 16912.1
810 17327
840 17729.1
870 18119.1
900 18497.5
930 18865.2
960 19222.7
990 19570.4
1020 19909
1050 20238.8
1080 20560.3
1110 20873.8
1140 21179.8
1170 21478.5
1200 21770.4
1230 22055.5
1260 22334.3
1290 22607.1
1320 22873.9
1350 23135.2
1380 23391.1
1410 23641.7
1440 23887.4
1470 24128.2
1500 24364.4
1530 24596.1
1560 24823.5
1590 25046.7
1620 25265.8
1650 25481
1680 25692.4
1710 25900.1
1740 26104.3
1770 26305
1800 26502.3
1830 26696.5
1860 26887.4
1860 26887.4
