0 0
30 1334.53
60 2669.06
90 4003.6
120 5338.13
150 6672.66
180 8007.19
210 9341.84
240 10677.6
270 12018.5
300 13371.3
330 14743.6
360 16141.1
390 17566.8
420 19021.4
450 20504.1
480 22013.9
510 23549.1
540 25107.9
570 26688.7
600 28290
630 29910.4
660 31548.5
690 33203.1
720 34873.1
750 36557.4
780 38255.3
810 39965.9
840 41688.4
870 43422.2
900 45166.7
930 46921.2
960 48685.3
990 50458.4
1020 52240.1
1050 54030
1080 55827.6
1110 57632.7
1140 59444.9
1170 61264
1200 63089.5
1230 64921.2
1260 66758.9
1290 68602.3
1320 70451.2
1350 72305.4
1380 74164.7
1410 76029
1440 77898
1470 79771.5
1500 81649.4
1530 83531.6
1560 85417.8
1590 87308.1
1620 89202.2
1650 91100
1680 93001.4
1710 94906.3
1740 96814.5
1770 98726
1800 100641
1830 102559
1860 104479
1860 104479
