0 0
30 1334.53
60 2669.06
90 4003.6
120 5338.13
150 6672.66
180 8007.19
210 9341.74
240 10676.5
270 12012.9
300 13355.2
330 14710.9
360 16087.2
390 17489.1
420 18918.8
450 20376.8
480 21862.2
510 23373.7
540 24909.7
570 26468.6
600 28048.8
630 29649.1
660 31267.8
690 32903.9
720 34556.1
750 36223.4
780 37905
810 39599.8
840 41307.1
870 43026.3
900 44756.5
930 46497.3
960 48248
990 50008.2
1020 51777.4
1050 53555.1
1080 55340.9
1110 57134.4
1140 58935.4
1170 60743.4
1200 62558.2
1230 64379.4
1260 66206.9
1290 68040.3
1320 69879.4
1350 71724
1380 73574
1410 75429
1440 77288.9
1470 79153.6
1500 81022.8
1530 82896.4
1560 84774.2
1590 86656.1
1620 88542.1
1650 90431.9
1680 92325.3
1710 94222.4
1740 96123
1770 98027
1800 99934.3
1830 101845
1860 103758
1860 103758
