0 0
30 1334.53
60 2669.06
90 4003.6
120 5338.13
150 6672.66
180 8007.19
210 9341.8
240 10677.5
270 12018.4
300 13373.1
330 14750.3
360 16155.8
390 17592
420 19058.9
450 20555.3
480 22079.6
510 23629.7
540 25203.8
570 26800.1
600 28416.9
630 30052.7
660 31706.2
690 33376.1
720 35061.2
750 36760.7
780 38473.5
810 40198.8
840 41936
870 43684.2
900 45442.9
930 47211.5
960 48989.4
990 50776.2
1020 52571.4
1050 54374.6
1080 56185.4
1110 58003.5
1140 59828.5
1170 61660.1
1200 63498.1
1230 65342
1260 67191.8
1290 69047.1
1320 70907.8
1350 72773.7
1380 74644.5
1410 76520
1440 78400.1
1470 80284.6
1500 82173.3
1530 84066.1
1560 85962.9
1590 87863.5
1620 89767.8
1650 91675.7
1680 93587.1
1710 95501.8
1740 97419.8
1770 99340.9
1800 101265
1830 103192
1860 105122
1860 105122
