0 0
30 765.468
60 1530.94
90 2296.4
120 3061.87
150 3827.34
180 4592.81
210 5358.23
240 6123.13
270 6885.44
300 7640.44
330 8381.45
360 9102.17
390 9798.22
420 10467.7
450 11110.4
480 11726.9
510 12318.4
540 12886.2
570 13431.8
600 13956.8
630 14462.3
660 14949.8
690 15420.4
720 15875.1
750 16314.9
780 16740.7
810 17153.4
840 17553.7
870 17942.3
900 18319.8
930 18686.8
960 19043.8
990 19391.4
1020 19730
1050 20060.1
1080 20382.1
1110 20696.2
1140 21002.8
1170 21302.4
1200 21595.2
1230 21881.4
1260 22161.4
1290 22435.3
1320 22703.4
1350 22966
1380 23223.2
1410 23475.3
1440 23722.3
1470 23964.6
1500 24202.2
1530 24435.3
1560 24664.1
1590 24888.7
1620 25109.3
1650 25325.9
1680 25538.8
1710 25748
1740 25953.6
1770 26155.8
1800 26354.6
1830 26550.1
1860 26742.5
1860 26742.5
