0 0
30 1334.53
60 2669.06
90 4003.6
120 5338.13
150 6672.66
180 8007.19
210 9341.8
240 10677
270 12015.2
300 13360.9
330 14720.1
360 16098.4
390 17499.9
420 18926.6
450 20379.1
480 21857.3
510 23360.2
540 24886.7
570 26435.3
600 28004.9
630 29594.1
660 31201.7
690 32826.3
720 34467.1
750 36123
780 37793.1
810 39476.4
840 41172.4
870 42880.3
900 44599.6
930 46329.4
960 48069.4
990 49819
1020 51577.7
1050 53345.1
1080 55120.7
1110 56904.3
1140 58695.3
1170 60493.6
1200 62298.8
1230 64110.5
1260 65928.5
1290 67752.6
1320 69582.5
1350 71418.1
1380 73259.1
1410 75105.3
1440 76956.5
1470 78812.6
1500 80673.3
1530 82538.6
1560 84408.2
1590 86282
1620 88159.9
1650 90041.6
1680 91927.2
1710 93816.5
1740 95709.3
1770 97605.7
1800 99505.4
1830 101408
1860 103314
1860 103314
