0 0
30 765.468
60 1530.94
90 2295.91
120 3053.35
150 3783.11
180 4467.04
210 5099.34
240 5682.4
270 6220.98
300 6719.97
330 7184.28
360 7618.05
390 8024.97
420 8408.13
450 8769.9
480 9112.61
510 9438.01
540 9747.69
570 10042.9
600 10324.9
630 10594.6
660 10853.2
690 11101.4
720 11340
750 11569.6
780 11790.7
810 12004
840 12210
870 12409.1
900 12601.6
930 12788
960 12968.6
990 13143.8
1020 13313.8
1050 13478.8
1080 13639.1
1110 13795
1140 13946.7
1170 14094.4
1200 14238.3
1230 14378.4
1260 14515.1
1290 14648.4
1320 14778.5
1350 14905.6
1380 15029.7
1410 15151
1440 15269.5
1470 15385.4
1500 15498.9
1530 15609.9
1560 15718.6
1590 15825
1620 15929.3
1650 16031.5
1680 16131.6
1710 16229.9
1740 16326.2
1770 16420.7
1800 16513.5
1830 16604.5
1860 16693.9
1860 16693.9
