0 0
30 765.468
60 1530.94
90 2296.4
120 3061.87
150 3827.32
180 4592.1
210 5351.95
240 6097.11
270 6816.92
300 7504.48
330 8157.21
360 8775.22
390 9360.23
420 9914.56
450 10440.7
480 10941
510 11417.5
540 11872.4
570 12307.6
600 12724.4
630 13124.4
660 13508.9
690 13878.8
720 14235.4
750 14579.5
780 14911.9
810 15233.2
840 15544.3
870 15845.6
900 16137.9
930 16421.6
960 16697.1
990 16964.9
1020 17225.3
1050 17478.8
1080 17725.6
1110 17966.1
1140 18200.6
1170 18429.3
1200 18652.6
1230 18870.5
1260 19083.5
1290 19291.5
1320 19495
1350 19693.9
1380 19888.6
1410 20079.2
1440 20265.7
1470 20448.5
1500 20627.6
1530 20803.1
1560 20975.2
1590 21144
1620 21309.6
1650 21472.1
1680 21631.7
1710 21788.2
1740 21942
1770 22093.1
1800 22241.5
1830 22387.3
1860 22530.6
1860 22530.6
