0 0
30 765.468
60 1530.94
90 2296.4
120 3061.87
150 3827.34
180 4592.81
210 5358.28
240 6123.74
270 6889.19
300 7654.51
330 8419.15
360 9181.69
390 9939.55
420 10689.2
450 11427.1
480 12150.1
510 12856
540 13543.3
570 14211.2
600 14859.5
630 15488.6
660 16098.7
690 16690.3
720 17264.1
750 17820.9
780 18361.4
810 18886.3
840 19396.4
870 19892.4
900 20375
930 20844.8
960 21302.3
990 21748.3
1020 22183.2
1050 22607.5
1080 23021.7
1110 23426.3
1140 23821.7
1170 24208.3
1200 24586.4
1230 24956.4
1260 25318.7
1290 25673.5
1320 26021.1
1350 26361.8
1380 26695.8
1410 27023.4
1440 27344.8
1470 27660.2
1500 27969.8
1530 28273.9
1560 28572.6
1590 28866.1
1620 29154.6
1650 29438.2
1680 29717
1710 29991.2
1740 30261
1770 30526.5
1800 30787.8
1830 31045
1860 31298.3
1860 31298.3
