0 0
30 1334.53
60 2669.06
90 4003.6
120 5338.18
150 6674.53
180 8021.92
210 9395.6
240 10807
270 12260.5
300 13755.8
330 15290.3
360 16860.5
390 18463
420 20094.5
450 21751.9
480 23432.6
510 25134.4
540 26855.5
570 28594.1
600 30348.6
630 32117.8
660 33900.3
690 35695.3
720 37502
750 39319.5
780 41146.9
810 42983.8
840 44829.4
870 46683.2
900 48544.8
930 50413.7
960 52289.5
990 54171.8
1020 56060.3
1050 57954.6
1080 59854.4
1110 61759.6
1140 63669.8
1170 65584.9
1200 67504.6
1230 69428.8
1260 71357.2
1290 73289.6
1320 75225.9
1350 77165.9
1380 79109.5
1410 81056.5
1440 83006.8
1470 84960.3
1500 86916.9
1530 88876.4
1560 90838.8
1590 92803.8
1620 94771.6
1650 96741.9
1680 98714.7
1710 100690
1740 102667
1770 104647
1800 106629
1830 108613
1860 110599
1860 110599
