0 0
30 1334.53
60 2669.06
90 4003.6
120 5338.13
150 6672.66
180 8007.23
210 9342.35
240 10680.4
270 12027
300 13389.4
330 14774.5
360 16186.7
390 17627.7
420 19097.6
450 20595.6
480 22119.9
510 23669
540 25241.1
570 26834.6
600 28447.8
630 30079.6
660 31728.5
690 33393.5
720 35073.4
750 36767.4
780 38474.6
810 40194.1
840 41925.3
870 43667.4
900 45419.8
930 47182.2
960 48953.7
990 50734.1
1020 52522.9
1050 54319.7
1080 56124.1
1110 57935.7
1140 59754.3
1170 61579.4
1200 63411
1230 65248.7
1260 67092.2
1290 68941.2
1320 70795.7
1350 72655.3
1380 74519.9
1410 76389.3
1440 78263.3
1470 80141.8
1500 82024.5
1530 83911.4
1560 85802.4
1590 87697.1
1620 89595.7
1650 91497.8
1680 93403.5
1710 95312.6
1740 97224.9
1770 99140.5
1800 101059
1830 102981
1860 104905
1860 104905
