0 0
30 1334.53
60 2669.06
90 4003.6
120 5338.13
150 6672.66
180 8007.19
210 9341.73
240 10676.3
270 12011.2
300 13346.8
330 14684.4
360 16025.4
390 17371.8
420 18725.5
450 20088.3
480 21461.6
510 22846.7
540 24244.7
570 25655.9
600 27081
630 28520.4
660 29974.2
690 31442.4
720 32924.8
750 34421.3
780 35931.5
810 37455.3
840 38992.1
870 40541.6
900 42103.5
930 43677.3
960 45262.7
990 46859.3
1020 48466.7
1050 50084.6
1080 51712.5
1110 53350.1
1140 54996.9
1170 56652.9
1200 58317.5
1230 59990.4
1260 61671.5
1290 63360.4
1320 65056.9
1350 66760.6
1380 68471.5
1410 70189.2
1440 71913.5
1470 73644.3
1500 75381.4
1530 77124.4
1560 78873.4
1590 80628
1620 82388.1
1650 84153.5
1680 85924.1
1710 87699.8
1740 89480.3
1770 91265.6
1800 93055.5
1830 94849.8
1860 96648.5
1860 96648.5
