0 0
30 1334.53
60 2669.06
90 4003.6
120 5338.13
150 6672.66
180 8007.19
210 9341.72
240 10676.3
270 12011.2
300 13348.1
330 14691.7
360 16049.2
390 17428.2
420 18833.7
450 20268.1
480 21731.6
510 23223.1
540 24741.2
570 26284.3
600 27850.3
630 29437.9
660 31045.5
690 32671.5
720 34314.7
750 35973.9
780 37648
810 39336.1
840 41037.3
870 42750.9
900 44476
930 46212.1
960 47958.5
990 49714.5
1020 51479.8
1050 53253.9
1080 55036.3
1110 56826.7
1140 58624.8
1170 60430.2
1200 62242.6
1230 64061.6
1260 65886.9
1290 67718.4
1320 69555.6
1350 71398.5
1380 73246.7
1410 75100
1440 76958.3
1470 78821.4
1500 80689
1530 82561
1560 84437.4
1590 86317.8
1620 88202.2
1650 90090.5
1680 91982.5
1710 93878.1
1740 95777.2
1770 97679.6
1800 99585.4
1830 101494
1860 103406
1860 103406
