0 0
30 765.468
60 1530.94
90 2296.37
120 3060.49
150 3815.74
180 4547.94
210 5244.23
240 5898.08
270 6508.31
300 7078.52
330 7613.59
360 8116.88
390 8591.42
420 9039.68
450 9464.74
480 9868.47
510 10252.8
540 10619.5
570 10970.2
600 11306
630 11628.2
660 11937.6
690 12235.3
720 12521.9
750 12798.3
780 13065.1
810 13322.8
840 13572.1
870 13813.5
900 14047.3
930 14273.9
960 14493.8
990 14707.3
1020 14914.8
1050 15116.5
1080 15312.7
1110 15503.7
1140 15689.7
1170 15870.9
1200 16047.6
1230 16220
1260 16388.2
1290 16552.5
1320 16712.9
1350 16869.7
1380 17022.9
1410 17172.8
1440 17319.4
1470 17462.9
1500 17603.4
1530 17741
1560 17875.8
1590 18007.9
1620 18137.3
1650 18264.3
1680 18388.8
1710 18511
1740 18630.8
1770 18748.5
1800 18864.1
1830 18977.5
1860 19089
1860 19089
