0 0
30 1334.53
60 2669.06
90 4003.6
120 5338.13
150 6672.66
180 8007.19
210 9341.72
240 10676.3
270 12010.8
300 13345.3
330 14679.9
360 16014.4
390 17348.9
420 18683.4
450 20018
480 21352.5
510 22687
540 24021.6
570 25356.1
600 26690.6
630 28025.2
660 29359.7
690 30694.2
720 32028.8
750 33363.3
780 34697.8
810 36032.4
840 37366.9
870 38701.5
900 40036
930 41370.6
960 42705.3
990 44040.1
1020 45375
1050 46710.2
1080 48045.7
1110 49381.6
1140 50718.2
1170 52055.6
1200 53394
1230 54733.7
1260 56074.9
1290 57417.9
1320 58763
1350 60110.6
1380 61460.9
1410 62814.2
1440 64171
1470 65531.4
1500 66895.9
1530 68264.5
1560 69637.7
1590 71015.5
1620 72398.4
1650 73786.3
1680 75179.5
1710 76578.1
1740 77982.3
1770 79392.2
1800 80807.8
1830 82229.2
1860 83656.4
1860 83656.4
