0 0
30 1334.53
60 2669.06
90 4003.6
120 5338.13
150 6672.81
180 8009.53
210 9355.88
240 10723.9
270 12123
300 13557.9
330 15029.2
360 16535.6
390 18074.6
420 19643.5
450 21239.5
480 22860.5
510 24504
540 26168.2
570 27851.3
600 29551.8
630 31268.5
660 33000
690 34745.4
720 36503.7
750 38274.1
780 40055.7
810 41847.9
840 43650
870 45461.4
900 47281.6
930 49110.2
960 50946.6
990 52790.4
1020 54641.4
1050 56499
1080 58363.1
1110 60233.2
1140 62109.2
1170 63990.8
1200 65877.6
1230 67769.6
1260 69666.4
1290 71568
1320 73474
1350 75384.4
1380 77298.9
1410 79217.4
1440 81139.7
1470 83065.7
1500 84995.3
1530 86928.4
1560 88864.8
1590 90804.3
1620 92747
1650 94692.7
1680 96641.2
1710 98592.6
1740 100547
1770 102503
1800 104463
1830 106424
1860 108388
1860 108388
