0 0
30 1334.53
60 2669.06
90 4003.6
120 5338.13
150 6672.66
180 8007.19
210 9341.72
240 10676.3
270 12011
300 13346.3
330 14683.5
360 16024.8
390 17372.6
420 18729.5
450 20097.5
480 21478.1
510 22872.2
540 24280.4
570 25702.9
600 27139.9
630 28591.6
660 30057.7
690 31538.3
720 33033.3
750 34542.3
780 36065
810 37601.1
840 39150.4
870 40712.5
900 42286.9
930 43873.2
960 45471.1
990 47080.1
1020 48699.9
1050 50330
1080 51970.2
1110 53620
1140 55279.1
1170 56947.2
1200 58623.9
1230 60308.9
1260 62001.9
1290 63702.6
1320 65410.7
1350 67126.1
1380 68848.4
1410 70577.4
1440 72312.9
1470 74054.7
1500 75802.7
1530 77556.5
1560 79316
1590 81081.1
1620 82851.6
1650 84627.3
1680 86408.1
1710 88193.8
1740 89984.2
1770 91779.3
1800 93578.9
1830 95382.9
1860 97191.1
1860 97191.1
