0 0
30 1334.53
60 2669.06
90 4003.6
120 5338.13
150 6672.66
180 8007.19
210 9341.72
240 10676.3
270 12010.8
300 13345.5
330 14680.9
360 16018.3
390 17360
420 18708.7
450 20067.5
480 21439.1
510 22825.6
540 24228.7
570 25649.5
600 27088.5
630 28546.1
660 30022
690 31516.1
720 33027.7
750 34556.4
780 36101.4
810 37662.1
840 39237.8
870 40827.8
900 42431.5
930 44048.2
960 45677.2
990 47318.1
1020 48970.3
1050 50633.2
1080 52306.5
1110 53989.5
1140 55682
1170 57383.5
1200 59093.7
1230 60812.2
1260 62538.6
1290 64272.7
1320 66014.2
1350 67762.7
1380 69518
1410 71279.8
1440 73048
1470 74822.3
1500 76602.6
1530 78388.5
1560 80179.9
1590 81976.6
1620 83778.5
1650 85585.4
1680 87397.2
1710 89213.6
1740 91034.6
1770 92860
1800 94689.7
1830 96523.6
1860 98361.5
1860 98361.5
