0 0
30 1334.53
60 2669.06
90 4003.6
120 5338.13
150 6672.66
180 8007.19
210 9341.82
240 10677.4
270 12017.4
300 13369
330 14740.4
360 16137.5
390 17563.2
420 19018.2
450 20501.8
480 22012.3
510 23548.5
540 25108.5
570 26690.7
600 28293.4
630 29915.1
660 31554.7
690 33210.7
720 34882.2
750 36568.1
780 38267.6
810 39979.7
840 41703.8
870 43439.1
900 45185
930 46941.1
960 48706.6
990 50481.2
1020 52264.4
1050 54055.7
1080 55854.8
1110 57661.4
1140 59475
1170 61295.5
1200 63122.4
1230 64955.5
1260 66794.5
1290 68639.3
1320 70489.6
1350 72345.1
1380 74205.8
1410 76071.3
1440 77941.5
1470 79816.3
1500 81695.5
1530 83578.9
1560 85466.3
1590 87357.8
1620 89253.1
1650 91152.1
1680 93054.6
1710 94960.7
1740 96870.1
1770 98782.8
1800 100699
1830 102618
1860 104539
1860 104539
