0 0
30 765.468
60 1530.94
90 2296.4
120 3061.87
150 3827.34
180 4592.81
210 5358.28
240 6123.73
270 6889.11
300 7654.22
330 8418.55
360 9181.17
390 9940.61
420 10695
450 11442.2
480 12180.2
510 12907.4
540 13622.3
570 14323.9
600 15011.7
630 15685
660 16343.6
690 16987.7
720 17617.3
750 18232.8
780 18834.2
810 19422
840 19996.5
870 20558.3
900 21107.7
930 21645.1
960 22170.8
990 22685.2
1020 23188.8
1050 23681.8
1080 24164.8
1110 24638.1
1140 25102
1170 25556.8
1200 26002.8
1230 26440.3
1260 26869.6
1290 27291
1320 27704.8
1350 28111.2
1380 28510.5
1410 28902.9
1440 29288.5
1470 29667.6
1500 30040.4
1530 30407.1
1560 30767.9
1590 31122.9
1620 31472.3
1650 31816.3
1680 32155
1710 32488.7
1740 32817.4
1770 33141.2
1800 33460.4
1830 33775
1860 34085.2
1860 34085.2
