0 0
30 1334.53
60 2669.06
90 4004.53
120 5352.53
150 6737.18
180 8174.25
210 9666.31
240 11209.2
270 12797.5
300 14425.8
330 16088.6
360 17781.2
390 19500.1
420 21242.1
450 23004.8
480 24785.8
510 26583.5
540 28396
570 30222
600 32060.4
630 33910.1
660 35770.4
690 37640.3
720 39519.2
750 41406.3
780 43301.3
810 45203.4
840 47112.4
870 49027.7
900 50949
930 52875.9
960 54808.2
990 56745.5
1020 58687.5
1050 60634.1
1080 62585
1110 64539.9
1140 66498.8
1170 68461.3
1200 70427.4
1230 72396.9
1260 74369.7
1290 76345.5
1320 78324.4
1350 80306
1380 82290.4
1410 84277.5
1440 86267
1470 88259
1500 90253.3
1530 92249.8
1560 94248.6
1590 96249.4
1620 98252.2
1650 100257
1680 102264
1710 104272
1740 106282
1770 108294
1800 110308
1830 112323
1860 114340
1860 114340
