0 0
30 765.468
60 1530.94
90 2296.4
120 3061.87
150 3827.34
180 4592.81
210 5358.26
240 6123.39
270 6886.15
300 7640.77
330 8378.85
360 9093.01
390 9778.64
420 10434.3
450 11060.3
480 11658
510 12229.2
540 12775.7
570 13299.3
600 13801.7
630 14284.4
660 14748.9
690 15196.4
720 15628.1
750 16045.1
780 16448.3
810 16838.6
840 17216.8
870 17583.6
900 17939.6
930 18285.5
960 18621.8
990 18949.1
1020 19267.7
1050 19578.1
1080 19880.7
1110 20175.9
1140 20464.1
1170 20745.5
1200 21020.4
1230 21289.2
1260 21552
1290 21809.2
1320 22060.9
1350 22307.4
1380 22548.8
1410 22785.3
1440 23017.2
1470 23244.5
1500 23467.5
1530 23686.3
1560 23901.1
1590 24111.9
1620 24319
1650 24522.5
1680 24722.4
1710 24918.9
1740 25112.1
1770 25302
1800 25488.8
1830 25672.7
1860 25853.5
1860 25853.5
