0 0
30 765.468
60 1530.94
90 2296.4
120 3061.87
150 3827.34
180 4592.81
210 5358.23
240 6122.97
270 6883.73
300 7633.16
330 8362.53
360 9065.45
390 9738.73
420 10381.9
450 10995.8
480 11582
510 12142.3
540 12678.4
570 13192.2
600 13685.2
630 14159.1
660 14615.1
690 15054.4
720 15478.1
750 15887.4
780 16283.1
810 16666.1
840 17037.1
870 17396.9
900 17746
930 18085.1
960 18414.6
990 18735.1
1020 19047.1
1050 19350.9
1080 19647
1110 19935.6
1140 20217.2
1170 20492.1
1200 20760.5
1230 21022.7
1260 21279
1290 21529.6
1320 21774.8
1350 22014.7
1380 22249.6
1410 22479.7
1440 22705.1
1470 22926
1500 23142.5
1530 23354.9
1560 23563.2
1590 23767.6
1620 23968.2
1650 24165.2
1680 24358.6
1710 24548.7
1740 24735.4
1770 24918.9
1800 25099.2
1830 25276.6
1860 25451
1860 25451
