0 0
30 765.468
60 1530.94
90 2296.4
120 3061.87
150 3827.34
180 4592.8
210 5358.15
240 6122.64
270 6883.76
300 7636.58
330 8374.38
360 9091.01
390 9782.38
420 10446.8
450 11083.9
480 11694.6
510 12280.1
540 12841.8
570 13381.3
600 13900
630 14399.4
660 14880.7
690 15345.1
720 15793.6
750 16227.3
780 16647.1
810 17053.9
840 17448.2
870 17831
900 18202.7
930 18563.9
960 18915.3
990 19257.3
1020 19590.4
1050 19915
1080 20231.4
1110 20540.1
1140 20841.3
1170 21135.5
1200 21423
1230 21703.9
1260 21978.6
1290 22247.3
1320 22510.2
1350 22767.6
1380 23019.7
1410 23266.6
1440 23508.6
1470 23745.8
1500 23978.4
1530 24206.6
1560 24430.4
1590 24650.2
1620 24865.9
1650 25077.6
1680 25285.6
1710 25490
1740 25690.8
1770 25888.2
1800 26082.2
1830 26273
1860 26460.7
1860 26460.7
