0 0
30 1334.53
60 2669.06
90 4003.6
120 5338.13
150 6672.66
180 8007.19
210 9341.75
240 10676.6
270 12013.3
300 13355.5
330 14708.8
360 16079.3
390 17471.6
420 18888.9
450 20332.1
480 21801.2
510 23295.3
540 24813.4
570 26353.9
600 27915.7
630 29497.3
660 31097.4
690 32714.8
720 34348.5
750 35997.5
780 37660.6
810 39337.3
840 41026.7
870 42728
900 44440.7
930 46164.2
960 47897.8
990 49641
1020 51393.4
1050 53154.6
1080 54924.2
1110 56701.7
1140 58486.8
1170 60279.3
1200 62078.7
1230 63884.8
1260 65697.3
1290 67516
1320 69340.6
1350 71170.9
1380 73006.7
1410 74847.8
1440 76694.1
1470 78545.2
1500 80401.1
1530 82261.6
1560 84126.6
1590 85995.8
1620 87869.2
1650 89746.6
1680 91627.9
1710 93512.9
1740 95401.7
1770 97294
1800 99189.7
1830 101089
1860 102991
1860 102991
