0 0
30 765.468
60 1530.94
90 2296.4
120 3061.87
150 3827.34
180 4592.75
210 5357.2
240 6116.4
270 6861.54
300 7583.32
330 8275.2
360 8934.5
390 9561.22
420 10156.8
450 10723.3
480 11262.8
510 11777.5
540 12269.3
570 12740.1
600 13191.5
630 13625
660 14041.8
690 14443.2
720 14830.2
750 15203.7
780 15564.6
810 15913.7
840 16251.7
870 16579.3
900 16896.9
930 17205.2
960 17504.6
990 17795.7
1020 18078.8
1050 18354.3
1080 18622.6
1110 18884.1
1140 19139
1170 19387.7
1200 19630.4
1230 19867.4
1260 20098.8
1290 20325.1
1320 20546.3
1350 20762.6
1380 20974.4
1410 21181.6
1440 21384.5
1470 21583.2
1500 21778
1530 21968.9
1560 22156
1590 22339.6
1620 22519.7
1650 22696.5
1680 22870
1710 23040.4
1740 23207.7
1770 23372.1
1800 23533.6
1830 23692.4
1860 23848.4
1860 23848.4
