0 0
30 765.468
60 1530.94
90 2296.4
120 3061.87
150 3827.34
180 4592.7
210 5356.62
240 6113.88
270 6855.44
300 7572.4
330 8259.14
360 8913.27
390 9534.94
420 10125.7
450 10687.5
480 11222.6
510 11733.1
540 12220.9
570 12687.7
600 13135.3
630 13565.1
660 13978.5
690 14376.5
720 14760.4
750 15130.9
780 15489
810 15835.6
840 16171.2
870 16496.5
900 16812.2
930 17118.7
960 17416.5
990 17706.2
1020 17988.1
1050 18262.6
1080 18530.1
1110 18790.8
1140 19045.1
1170 19293.4
1200 19535.8
1230 19772.6
1260 20004
1290 20230.3
1320 20451.6
1350 20668.2
1380 20880.3
1410 21087.9
1440 21291.3
1470 21490.6
1500 21686
1530 21877.7
1560 22065.6
1590 22250
1620 22431
1650 22608.7
1680 22783.2
1710 22954.6
1740 23122.9
1770 23288.4
1800 23451
1830 23610.9
1860 23768.1
1860 23768.1
