0 0
30 765.468
60 1530.94
90 2296.4
120 3061.87
150 3827.34
180 4592.78
210 5357.87
240 6120.95
270 6877.29
300 7618.99
330 8338.2
360 9029.94
390 9692.18
420 10324.9
450 10929.1
480 11506.2
510 12058
540 12586.4
570 13093.1
600 13579.6
630 14047.4
660 14497.8
690 14932
720 15351
750 15755.9
780 16147.4
810 16526.4
840 16893.6
870 17249.8
900 17595.5
930 17931.2
960 18257.6
990 18575
1020 18884
1050 19184.9
1080 19478.1
1110 19763.9
1140 20042.9
1170 20315
1200 20580.8
1230 20840.4
1260 21094.2
1290 21342.3
1320 21584.9
1350 21822.4
1380 22054.8
1410 22282.3
1440 22505.2
1470 22723.6
1500 22937.7
1530 23147.6
1560 23353.4
1590 23555.4
1620 23753.6
1650 23948.1
1680 24139.2
1710 24326.7
1740 24511
1770 24692.1
1800 24870
1830 25045
1860 25216.9
1860 25216.9
