0 0
30 1334.53
60 2669.06
90 4003.6
120 5338.13
150 6672.66
180 8007.19
210 9341.72
240 10676.3
270 12010.8
300 13345.6
330 14682
360 16023.3
390 17375.3
420 18743.9
450 20133.9
480 21547.8
510 22986.5
540 24450.1
570 25937.7
600 27448.3
630 28980.6
660 30533.4
690 32105.5
720 33695.7
750 35302.9
780 36926.2
810 38564.5
840 40217.1
870 41882.9
900 43561.5
930 45252
960 46953.8
990 48666.2
1020 50388.8
1050 52121.1
1080 53862.6
1110 55612.8
1140 57371.2
1170 59137.6
1200 60911.8
1230 62693.2
1260 64481.7
1290 66276.9
1320 68078.6
1350 69886.4
1380 71700.2
1410 73519.8
1440 75344.8
1470 77175.2
1500 79010.6
1530 80851
1560 82696.2
1590 84546
1620 86400.2
1650 88258.8
1680 90121.5
1710 91988.3
1740 93859
1770 95733.5
1800 97611.7
1830 99493.5
1860 101379
1860 101379
