0 0
30 1334.53
60 2669.06
90 4003.6
120 5338.13
150 6672.66
180 8007.19
210 9341.72
240 10676.3
270 12010.9
300 13346
330 14682.5
360 16022.5
390 17368.6
420 18724.2
450 20092.3
480 21475.6
510 22875.7
540 24293.9
570 25730.6
600 27185.9
630 28659.5
660 30151
690 31659.8
720 33185.4
750 34727.2
780 36284.5
810 37856.6
840 39443.1
870 41043.1
900 42656.1
930 44281.4
960 45918.6
990 47567.1
1020 49226.4
1050 50895.9
1080 52575.4
1110 54264.2
1140 55962.2
1170 57668.9
1200 59384
1230 61107.1
1260 62837.9
1290 64576.3
1320 66321.7
1350 68074.1
1380 69833.1
1410 71598.4
1440 73369.9
1470 75147.5
1500 76930.8
1530 78719.7
1560 80514
1590 82313.5
1620 84118.1
1650 85927.6
1680 87741.9
1710 89560.8
1740 91384.2
1770 93211.9
1800 95043.9
1830 96880
1860 98720.1
1860 98720.1
