0 0
30 1334.53
60 2669.06
90 4003.6
120 5338.13
150 6672.66
180 8007.2
210 9341.97
240 10678.5
270 12021
300 13376.3
330 14751.2
360 16150.7
390 17577.4
420 19032
450 20514
480 22022.3
510 23555.4
540 25111.8
570 26689.9
600 28288.1
630 29905.1
660 31539.7
690 33190.7
720 34857
750 36537.7
780 38231.8
810 39938.7
840 41657.4
870 43387.4
900 45127.9
930 46878.6
960 48638.8
990 50408.1
1020 52185.9
1050 53971.9
1080 55765.8
1110 57567
1140 59375.4
1170 61190.5
1200 63012.2
1230 64840.1
1260 66674
1290 68513.7
1320 70358.8
1350 72209.2
1380 74064.8
1410 75925.2
1440 77790.4
1470 79660.2
1500 81534.3
1530 83412.8
1560 85295.4
1590 87181.9
1620 89072.3
1650 90966.5
1680 92864.2
1710 94765.5
1740 96670.2
1770 98578.1
1800 100489
1830 102403
1860 104321
1860 104321
