0 0
30 1334.53
60 2669.06
90 4003.6
120 5338.13
150 6672.66
180 8007.19
210 9341.72
240 10676.3
270 12010.8
300 13345.5
330 14680.6
360 16017
390 17356
420 18699.7
450 20050.9
480 21412.6
510 22787.2
540 24176.9
570 25582.8
600 27005.8
630 28446.2
660 29904.2
690 31379.3
720 32871.3
750 34379.7
780 35903.8
810 37443.2
840 38997
870 40564.9
900 42146.3
930 43740.5
960 45347
990 46965.1
1020 48594.5
1050 50234.6
1080 51885
1110 53545.2
1140 55215
1170 56893.8
1200 58581.3
1230 60277.3
1260 61981.3
1290 63693.2
1320 65412.6
1350 67139.3
1380 68873
1410 70613.5
1440 72360.5
1470 74113.8
1500 75873.2
1530 77638.6
1560 79409.6
1590 81186.2
1620 82968.2
1650 84755.3
1680 86547.4
1710 88344.5
1740 90146.3
1770 91952.8
1800 93763.7
1830 95579
1860 97398.6
1860 97398.6
