0 0
30 765.468
60 1530.94
90 2296.4
120 3061.87
150 3827.34
180 4592.81
210 5358.28
240 6123.74
270 6889.21
300 7654.68
330 8420.15
360 9185.62
390 9951.08
420 10716.5
450 11482
480 12247.4
510 13012.7
540 13777.8
570 14542.6
600 15306.7
630 16069.9
660 16831.8
690 17592.1
720 18350.2
750 19105.7
780 19858.3
810 20607.4
840 21352.6
870 22093.3
900 22829.1
930 23559.5
960 24284.2
990 25002.6
1020 25714.4
1050 26419.2
1080 27116.8
1110 27806.9
1140 28489.5
1170 29164.3
1200 29831.4
1230 30490.6
1260 31141.8
1290 31785.1
1320 32420.6
1350 33048.1
1380 33667.9
1410 34279.9
1440 34884.3
1470 35481.1
1500 36070.5
1530 36652.6
1560 37227.4
1590 37794.9
1620 38355.5
1650 38909
1680 39455.8
1710 39995.8
1740 40529.2
1770 41056.1
1800 41576.6
1830 42090.9
1860 42599.1
1860 42599.1
