0 0
30 765.468
60 1530.94
90 2296.4
120 3061.87
150 3827.34
180 4592.81
210 5358.27
240 6123.53
270 6886.99
300 7643.47
330 8384.57
360 9102.36
390 9792.03
420 10451.7
450 11081.7
480 11683.1
510 12257.6
540 12807.2
570 13333.7
600 13838.8
630 14324.1
660 14790.9
690 15240.7
720 15674.6
750 16093.6
780 16498.9
810 16891.1
840 17271.1
870 17639.6
900 17997.3
930 18344.8
960 18682.7
990 19011.5
1020 19331.5
1050 19643.4
1080 19947.3
1110 20243.9
1140 20533.2
1170 20815.8
1200 21091.9
1230 21361.7
1260 21625.6
1290 21883.8
1320 22136.5
1350 22384
1380 22626.4
1410 22863.9
1440 23096.7
1470 23325
1500 23549
1530 23768.8
1560 23984.5
1590 24196.2
1620 24404.2
1650 24608.5
1680 24809.3
1710 25006.6
1740 25200.5
1770 25391.3
1800 25578.9
1830 25763.5
1860 25945.1
1860 25945.1
