0 0
30 1334.53
60 2669.06
90 4003.6
120 5338.13
150 6672.66
180 8007.19
210 9341.72
240 10676.3
270 12011
300 13347.6
330 14690.6
360 16047.8
390 17426.5
420 18831.6
450 20265.1
480 21727
510 23216.3
540 24731.6
570 26271.2
600 27833.4
630 29416.8
660 31019.7
690 32641
720 34279.2
750 35933.4
780 37602.4
810 39285.4
840 40981.4
870 42689.8
900 44409.7
930 46140.6
960 47881.9
990 49632.9
1020 51393.2
1050 53162.4
1080 54939.9
1110 56725.5
1140 58518.7
1170 60319.2
1200 62126.6
1230 63940.7
1260 65761.2
1290 67587.9
1320 69420.4
1350 71258.6
1380 73102.1
1410 74950.9
1440 76804.7
1470 78663.3
1500 80526.6
1530 82394.3
1560 84266.5
1590 86142.8
1620 88023.2
1650 89907.6
1680 91795.7
1710 93687.6
1740 95583
1770 97481.8
1800 99384
1830 101289
1860 103198
1860 103198
