0 0
30 1334.53
60 2669.06
90 4003.6
120 5338.13
150 6672.66
180 8007.2
210 9341.94
240 10677.9
270 12017.9
300 13367.9
330 14734.9
360 16125
390 17541.7
420 18986.3
450 20458.4
480 21956.9
510 23480.4
540 25027.5
570 26596.7
600 28186.3
630 29795
660 31421.6
690 33064.9
720 34723.7
750 36397.2
780 38084.4
810 39784.4
840 41496.6
870 43220.3
900 44954.9
930 46699.7
960 48454.4
990 50218.3
1020 51991
1050 53772
1080 55561.1
1110 57357.8
1140 59161.9
1170 60972.9
1200 62790.7
1230 64614.8
1260 66445.2
1290 68281.3
1320 70123.2
1350 71970.6
1380 73823.2
1410 75680.9
1440 77543.5
1470 79410.8
1500 81282.6
1530 83158.8
1560 85039.3
1590 86923.8
1620 88812.4
1650 90704.8
1680 92600.9
1710 94500.6
1740 96403.8
1770 98310.4
1800 100220
1830 102133
1860 104049
1860 104049
