0 0
30 1334.53
60 2669.06
90 4003.6
120 5338.13
150 6672.66
180 8007.19
210 9341.72
240 10676.3
270 12010.8
300 13345.6
330 14681.2
360 16019
390 17361.1
420 18710
450 20068.5
480 21438.8
510 22823.2
540 24223.5
570 25640.8
600 27076
630 28529.2
660 30000.6
690 31489.6
720 32996
750 34519.1
780 36058.2
810 37612.8
840 39182.2
870 40765.7
900 42362.8
930 43972.7
960 45595
990 47228.9
1020 48874.2
1050 50530.2
1080 52196.6
1110 53872.8
1140 55558.3
1170 57252.9
1200 58956.2
1230 60667.8
1260 62387.5
1290 64114.9
1320 65849.8
1350 67591.8
1380 69340.7
1410 71096.2
1440 72858.2
1470 74626.3
1500 76400.5
1530 78180.4
1560 79965.8
1590 81756.7
1620 83552.8
1650 85354
1680 87160.1
1710 88970.9
1740 90786.4
1770 92606.3
1800 94430.6
1830 96259.1
1860 98091.7
1860 98091.7
