0 0
30 1334.53
60 2669.06
90 4003.6
120 5338.13
150 6672.66
180 8007.19
210 9341.78
240 10677.1
270 12016.2
300 13365.9
330 14734.1
360 16126.9
390 17547.7
420 18997.2
450 20475.1
480 21979.9
510 23510
540 25063.9
570 26639.9
600 28236.4
630 29852.1
660 31485.5
690 33135.5
720 34801
750 36481.1
780 38174.7
810 39881.1
840 41599.5
870 43329.2
900 45069.7
930 46820.2
960 48580.4
990 50349.7
1020 52127.6
1050 53913.7
1080 55707.7
1110 57509.2
1140 59317.9
1170 61133.4
1200 62955.4
1230 64783.7
1260 66618
1290 68458.1
1320 70303.8
1350 72154.7
1380 74010.9
1410 75871.9
1440 77737.8
1470 79608.2
1500 81483.1
1530 83362.2
1560 85245.5
1590 87132.8
1620 89024
1650 90919
1680 92817.5
1710 94719.6
1740 96625.1
1770 98533.9
1800 100446
1830 102361
1860 104279
1860 104279
