0 0
30 1334.53
60 2669.06
90 4003.6
120 5338.13
150 6672.66
180 8007.19
210 9341.72
240 10676.3
270 12010.8
300 13345.5
330 14680.9
360 16019
390 17363.4
420 18718.7
450 20089.3
480 21478.6
510 22888.7
540 24320.6
570 25774.5
600 27249.9
630 28746.3
660 30262.8
690 31798.7
720 33352.8
750 34924.3
780 36512.3
810 38115.9
840 39734.1
870 41366.3
900 43011.6
930 44669.4
960 46339
990 48019.8
1020 49711.4
1050 51413.1
1080 53124.4
1110 54844.9
1140 56574.2
1170 58312
1200 60057.8
1230 61811.3
1260 63572.3
1290 65340.3
1320 67115.2
1350 68896.6
1380 70684.3
1410 72478.1
1440 74277.7
1470 76083
1500 77893.7
1530 79709.8
1560 81530.9
1590 83357
1620 85187.8
1650 87023.2
1680 88863.1
1710 90707.3
1740 92555.7
1770 94408.1
1800 96264.5
1830 98124.8
1860 99988.7
1860 99988.7
