0 0
30 1334.53
60 2669.06
90 4003.6
120 5338.13
150 6672.66
180 8007.21
210 9342.14
240 10679.5
270 12024.3
300 13383.7
330 14764.2
360 16170.1
390 17603.5
420 19064.9
450 20553.7
480 22068.5
510 23608
540 25170.5
570 26754.4
600 28358.2
630 29980.7
660 31620.4
690 33276.3
720 34947.4
750 36632.5
780 38331
810 40042
840 41764.6
870 43498.4
900 45242.6
930 46996.8
960 48760.3
990 50532.7
1020 52313.6
1050 54102.6
1080 55899.3
1110 57703.4
1140 59514.5
1170 61332.3
1200 63156.4
1230 64986.7
1260 66822.9
1290 68664.9
1320 70512.2
1350 72364.8
1380 74222.5
1410 76084.9
1440 77952
1470 79823.7
1500 81699.7
1530 83580
1560 85464.2
1590 87352.4
1620 89244.5
1650 91140.2
1680 93039.5
1710 94942.2
1740 96848.3
1770 98757.7
1800 100670
1830 102586
1860 104504
1860 104504
