0 0
30 765.468
60 1530.94
90 2296.4
120 3061.87
150 3827.34
180 4592.81
210 5358.28
240 6123.7
270 6888.57
300 7650.39
330 8403.5
360 9140.56
390 9855.27
420 10543.8
450 11204.6
480 11837.8
510 12444.2
540 13025.4
570 13582.9
600 14118.2
630 14632.8
660 15128.2
690 15605.6
720 16066.2
750 16511.1
780 16941.5
810 17358
840 17761.5
870 18152.9
900 18532.9
930 18901.9
960 19260.7
990 19609.8
1020 19949.7
1050 20280.9
1080 20603.6
1110 20918.5
1140 21225.7
1170 21525.8
1200 21818.9
1230 22105.3
1260 22385.5
1290 22659.5
1320 22927.7
1350 23190.4
1380 23447.6
1410 23699.6
1440 23946.7
1470 24188.9
1500 24426.5
1530 24659.6
1560 24888.5
1590 25113.1
1620 25333.7
1650 25550.4
1680 25763.3
1710 25972.5
1740 26178.1
1770 26380.3
1800 26579.2
1830 26774.8
1860 26967.3
1860 26967.3
