0 0
30 765.468
60 1530.94
90 2296.4
120 3061.87
150 3827.34
180 4592.78
210 5357.74
240 6119.88
270 6873.05
300 7608.31
330 8317.7
360 8996.71
390 9644
420 10260.2
450 10846.7
480 11405.7
510 11939.1
540 12448.9
570 12936.9
600 13404.9
630 13854.1
660 14286.1
690 14702.1
720 15103.2
750 15490.3
780 15864.5
810 16226.4
840 16576.9
870 16916.6
900 17246.1
930 17565.9
960 17876.7
990 18178.9
1020 18473
1050 18759.2
1080 19038
1110 19309.8
1140 19574.9
1170 19833.6
1200 20086.1
1230 20332.7
1260 20573.7
1290 20809.2
1320 21039.6
1350 21265.1
1380 21485.7
1410 21701.7
1440 21913.3
1470 22120.7
1500 22323.9
1530 22523.1
1560 22718.5
1590 22910.2
1620 23098.3
1650 23282.9
1680 23464.2
1710 23642.2
1740 23817
1770 23988.8
1800 24157.7
1830 24323.7
1860 24486.9
1860 24486.9
