0 0
30 1334.53
60 2669.06
90 4003.6
120 5338.13
150 6672.66
180 8007.19
210 9341.72
240 10676.3
270 12011.2
300 13348.8
330 14694.4
360 16056
390 17440.5
420 18852.3
450 20293.3
480 21763.1
510 23260.5
540 24784.1
570 26332.2
600 27903
630 29494.9
660 31106.3
690 32736
720 34382.6
750 36045
780 37722.1
810 39413.1
840 41117
870 42833.1
900 44560.8
930 46299.2
960 48047.9
990 49806.2
1020 51573.7
1050 53349.8
1080 55134.2
1110 56926.5
1140 58726.3
1170 60533.3
1200 62347.2
1230 64167.6
1260 65994.2
1290 67826.9
1320 69665.4
1350 71509.4
1380 73358.8
1410 75213.2
1440 77072.6
1470 78936.8
1500 80805.5
1530 82678.6
1560 84556
1590 86437.4
1620 88322.9
1650 90212.1
1680 92105.1
1710 94001.7
1740 95901.8
1770 97805.2
1800 99711.9
1830 101622
1860 103535
1860 103535
