0 0
30 1334.53
60 2669.06
90 4003.6
120 5338.13
150 6672.66
180 8007.19
210 9341.72
240 10676.3
270 12010.9
300 13346.6
330 14686.6
360 16037.2
390 17405.7
420 18797.5
450 20215.6
480 21660.9
510 23133
540 24630.9
570 26153.2
600 27698.2
630 29264.6
660 30851.2
690 32456.3
720 34078.9
750 35717.6
780 37371.7
810 39040
840 40721.7
870 42416.1
900 44122.4
930 45839.9
960 47568.1
990 49306.3
1020 51054.1
1050 52811
1080 54576.5
1110 56350.2
1140 58131.7
1170 59920.7
1200 61716.8
1230 63519.8
1260 65329.5
1290 67145.6
1320 68967.7
1350 70795.7
1380 72629.2
1410 74468.2
1440 76312.2
1470 78161.3
1500 80015.2
1530 81873.6
1560 83736.6
1590 85603.8
1620 87475.3
1650 89350.7
1680 91230.1
1710 93113.3
1740 95000.1
1770 96890.5
1800 98784.3
1830 100681
1860 102582
1860 102582
