0 0
30 1334.53
60 2669.06
90 4003.6
120 5338.13
150 6672.66
180 8007.21
210 9341.97
240 10678.1
270 12019.4
300 13372.4
330 14744.8
360 16142.6
390 17568.6
420 19023.8
450 20507.6
480 22018.4
510 23554.8
540 25115
570 26697.3
600 28300.1
630 29922
660 31561.7
690 33217.9
720 34889.7
750 36576
780 38275.8
810 39988.4
840 41713
870 43449
900 45195.6
930 46952.3
960 48718.6
990 50493.9
1020 52277.9
1050 54070.2
1080 55870.2
1110 57677.8
1140 59492.4
1170 61313.9
1200 63141.9
1230 64976.1
1260 66816.4
1290 68662.4
1320 70513.9
1350 72370.7
1380 74232.7
1410 76099.5
1440 77971.1
1470 79847.3
1500 81727.8
1530 83612.6
1560 85501.6
1590 87394.5
1620 89291.2
1650 91191.7
1680 93095.8
1710 95003.4
1740 96914.3
1770 98828.5
1800 100746
1830 102666
1860 104590
1860 104590
