0 0
30 765.468
60 1530.94
90 2296.4
120 3061.87
150 3827.34
180 4592.81
210 5358.28
240 6123.74
270 6889.21
300 7654.67
330 8420.08
360 9185.26
390 9949.76
420 10712.7
450 11472.6
480 12227.8
510 12976.6
540 13717.3
570 14448.7
600 15169.7
630 15879.8
660 16578.6
690 17265.9
720 17942
750 18606.9
780 19260.9
810 19904
840 20536.6
870 21158.7
900 21770.7
930 22372.7
960 22964.9
990 23547.5
1020 24120.6
1050 24684.4
1080 25239.2
1110 25785.1
1140 26322.1
1170 26850.7
1200 27370.8
1230 27882.7
1260 28386.7
1290 28882.8
1320 29371.2
1350 29852.2
1380 30325.9
1410 30792.4
1440 31251.8
1470 31704.5
1500 32150.5
1530 32589.9
1560 33023.1
1590 33450.1
1620 33871
1650 34286
1680 34695.3
1710 35098.9
1740 35496.9
1770 35889.6
1800 36277
1830 36659.3
1860 37036.6
1860 37036.6
