0 0
30 1334.53
60 2669.06
90 4003.6
120 5338.13
150 6672.97
180 8010.92
210 9360.71
240 10735.1
270 12144.2
300 13592.3
330 15079.3
360 16603.2
390 18160.9
420 19749.2
450 21365.2
480 23006.3
510 24670.2
540 26354.7
570 28058
600 29778.7
630 31515.3
660 33266.5
690 35031.2
720 36808.6
750 38597.7
780 40397.7
810 42208
840 44027.7
870 45856.4
900 47693.7
930 49538.9
960 51391.7
990 53251.6
1020 55118.3
1050 56991.5
1080 58870.7
1110 60755.7
1140 62646.2
1170 64542
1200 66442.9
1230 68348.6
1260 70258.9
1290 72173.6
1320 74092.6
1350 76015.6
1380 77942.6
1410 79873.3
1440 81807.7
1470 83745.5
1500 85686.7
1530 87631.1
1560 89578.6
1590 91529.1
1620 93482.6
1650 95438.8
1680 97397.8
1710 99359.4
1740 101324
1770 103290
1800 105259
1830 107231
1860 109204
1860 109204
