0 0
30 765.468
60 1530.94
90 2296.4
120 3061.87
150 3827.34
180 4592.81
210 5358.28
240 6123.74
270 6889.01
300 7652.85
330 8411.21
360 9157.23
390 9883.75
420 10585.9
450 11261.5
480 11910.2
510 12532.5
540 13129.6
570 13703.1
600 14254.2
630 14784.6
660 15295.5
690 15788.3
720 16264.1
750 16723.9
780 17168.9
810 17599.9
840 18017.7
870 18423.2
900 18816.8
930 19199.5
960 19571.5
990 19933.8
1020 20286.5
1050 20630.2
1080 20965.3
1110 21292.1
1140 21611.2
1170 21922.8
1200 22227.3
1230 22524.9
1260 22816
1290 23100.7
1320 23379.5
1350 23652.4
1380 23919.7
1410 24181.6
1440 24438.4
1470 24690.2
1500 24937.2
1530 25179.5
1560 25417.3
1590 25650.8
1620 25880.1
1650 26105.3
1680 26326.6
1710 26544.1
1740 26757.9
1770 26968.1
1800 27174.8
1830 27378.2
1860 27578.3
1860 27578.3
