0 0
30 1334.53
60 2669.06
90 4003.6
120 5338.14
150 6673.58
180 8016.46
210 9380.75
240 10779.5
270 12219
300 13700.5
330 15222.5
360 16781.1
390 18372.9
420 19994.7
450 21643.4
480 23316.2
510 25010.5
540 26724.5
570 28456.3
600 30204.5
630 31967.7
660 33744.5
690 35534.1
720 37335.4
750 39147.5
780 40969.7
810 42801.5
840 44642.1
870 46491.1
900 48347.8
930 50212
960 52083.1
990 53960.6
1020 55844.4
1050 57734.2
1080 59629.6
1110 61530.3
1140 63436.2
1170 65346.9
1200 67262.2
1230 69181.9
1260 71105.9
1290 73034
1320 74965.9
1350 76901.6
1380 78840.9
1410 80783.6
1440 82729.7
1470 84678.9
1500 86631.2
1530 88586.5
1560 90544.6
1590 92505.6
1620 94469.2
1650 96435.3
1680 98404
1710 100375
1740 102348
1770 104324
1800 106302
1830 108282
1860 110264
1860 110264
