0 0
30 765.468
60 1530.94
90 2296.4
120 3061.87
150 3827.34
180 4592.8
210 5358.05
240 6121.67
270 6878.98
300 7621.99
330 8342.63
360 9035.82
390 9699.36
420 10333.2
450 10938.4
480 11516.5
510 12069.4
540 12598.9
570 13106.5
600 13593.8
630 14062.3
660 14513.4
690 14948.3
720 15367.8
750 15773.2
780 16165.2
810 16544.7
840 16912.4
870 17269
900 17615.2
930 17951.4
960 18278.2
990 18596.1
1020 18905.6
1050 19207
1080 19500.8
1110 19787.2
1140 20066.6
1170 20339.4
1200 20605.8
1230 20866.1
1260 21120.6
1290 21369.4
1320 21612.8
1350 21851.1
1380 22084.3
1410 22312.8
1440 22536.6
1470 22756
1500 22971.1
1530 23182
1560 23388.9
1590 23592
1620 23791.3
1650 23987
1680 24179.2
1710 24368
1740 24553.5
1770 24735.8
1800 24915
1830 25091.3
1860 25264.6
1860 25264.6
