0 0
30 765.468
60 1530.94
90 2296.4
120 3061.87
150 3826.98
180 4588.17
210 5333.71
240 6048.43
270 6723.29
300 7355.71
330 7947.68
360 8502.5
390 9023.62
420 9514.48
450 9978.14
480 10417.4
510 10834.5
540 11231.3
570 11609.8
600 11971.6
630 12317.9
660 12650.1
690 12969.2
720 13276.1
750 13571.7
780 13856.8
810 14132.1
840 14398.2
870 14655.6
900 14904.8
930 15146.4
960 15380.7
990 15608.2
1020 15829.2
1050 16044
1080 16253
1110 16456.4
1140 16654.5
1170 16847.5
1200 17035.7
1230 17219.3
1260 17398.4
1290 17573.4
1320 17744.2
1350 17911.2
1380 18074.4
1410 18234.1
1440 18390.3
1470 18543.1
1500 18692.8
1530 18839.3
1560 18982.9
1590 19123.6
1620 19261.6
1650 19396.8
1680 19529.5
1710 19659.6
1740 19787.3
1770 19912.7
1800 20035.9
1830 20156.8
1860 20275.6
1860 20275.6
