0 0
30 1334.53
60 2669.06
90 4003.6
120 5338.13
150 6672.66
180 8007.21
210 9342.11
240 10679.1
270 12023.2
300 13382.4
330 14764.8
360 16175.7
390 17617
420 19088.7
450 20589.6
480 22118
510 23671.9
540 25249.5
570 26849.1
600 28469
630 30107.6
660 31763.7
690 33436
720 35123.5
750 36825.2
780 38540
810 40267.3
840 42006.2
870 43756.1
900 45516.4
930 47286.5
960 49065.8
990 50854
1020 52650.5
1050 54454.9
1080 56266.9
1110 58086.1
1140 59912.2
1170 61744.9
1200 63583.8
1230 65428.8
1260 67279.5
1290 69135.8
1320 70997.4
1350 72864.1
1380 74735.7
1410 76612.1
1440 78493
1470 80378.3
1500 82267.8
1530 84161.4
1560 86059
1590 87960.4
1620 89865.4
1650 91774.1
1680 93686.2
1710 95601.7
1740 97520.4
1770 99442.2
1800 101367
1830 103295
1860 105226
1860 105226
