0 0
30 1334.53
60 2669.06
90 4003.6
120 5338.13
150 6672.66
180 8007.19
210 9341.72
240 10676.3
270 12011.3
300 13349.4
330 14696.6
360 16060.8
390 17448.7
420 18863.8
450 20307.3
480 21778.6
510 23276.7
540 24799.7
570 26346.4
600 27914.9
630 29503.9
660 31111.9
690 32737.7
720 34380.1
750 36037.9
780 37710.3
810 39396.3
840 41095.2
870 42806.1
900 44528.4
930 46261.5
960 48004.9
990 49757.8
1020 51520
1050 53290.9
1080 55070.2
1110 56857.3
1140 58652.1
1170 60454.1
1200 62263
1230 64078.5
1260 65900.4
1290 67728.3
1320 69562.1
1350 71401.5
1380 73246.3
1410 75096.4
1440 76951.4
1470 78811.3
1500 80675.8
1530 82544.9
1560 84418.2
1590 86295.8
1620 88177.4
1650 90063
1680 91952.3
1710 93845.4
1740 95742
1770 97642
1800 99545.5
1830 101452
1860 103362
1860 103362
