0 0
30 1334.53
60 2669.06
90 4003.6
120 5338.13
150 6672.66
180 8007.19
210 9341.72
240 10676.3
270 12011.2
300 13348.3
330 14692.4
360 16051.3
390 17432.6
420 18841.2
450 20279.2
480 21746.6
510 23242.2
540 24764.2
570 26311.1
600 27881
630 29472.3
660 31083.3
690 32712.7
720 34359.2
750 36021.5
780 37698.8
810 39389.8
840 41094
870 42810.3
900 44538.2
930 46277
960 48026
990 49784.8
1020 51552.6
1050 53329.3
1080 55114.2
1110 56906.9
1140 58707.2
1170 60514.7
1200 62329
1230 64150
1260 65977.2
1290 67810.4
1320 69649.5
1350 71494.1
1380 73344
1410 75199.1
1440 77059
1470 78923.7
1500 80793
1530 82666.7
1560 84544.7
1590 86426.7
1620 88312.8
1650 90202.6
1680 92096.2
1710 93993.4
1740 95894
1770 97798
1800 99705.3
1830 101616
1860 103529
1860 103529
