0 0
30 765.468
60 1530.94
90 2296.4
120 3061.87
150 3827.34
180 4592.81
210 5358.27
240 6123.72
270 6889.01
300 7653.73
330 8416.91
360 9176.92
390 9931.63
420 10678.7
450 11415.8
480 12141.1
510 12852.9
540 13550.1
570 14232.1
600 14898.5
630 15549.2
660 16184.3
690 16803.9
720 17408.1
750 17997.5
780 18572.3
810 19132.9
840 19679.9
870 20213.7
900 20734.8
930 21243.8
960 21740.9
990 22226.8
1020 22701.7
1050 23166.2
1080 23620.6
1110 24065.4
1140 24500.8
1170 24927.3
1200 25345.1
1230 25754.8
1260 26156.4
1290 26550.3
1320 26936.7
1350 27316
1380 27688.4
1410 28054
1440 28413.2
1470 28766.2
1500 29113.1
1530 29454.1
1560 29789.4
1590 30119.2
1620 30443.7
1650 30763
1680 31077.2
1710 31386.6
1740 31691.2
1770 31991.2
1800 32286.7
1830 32577.9
1860 32864.9
1860 32864.9
