0 0
30 765.468
60 1530.94
90 2296.4
120 3061.87
150 3827.34
180 4592.81
210 5358.1
240 6121.75
270 6878.65
300 7620.36
330 8338.73
360 9028.56
390 9687.82
420 10316.6
450 10916.2
480 11488.5
510 12035.1
540 12557.9
570 13058.8
600 13539.4
630 14001.1
660 14445.5
690 14873.6
720 15286.4
750 15685.1
780 16070.4
810 16443.4
840 16804.7
870 17154.9
900 17494.8
930 17824.8
960 18145.5
990 18457.4
1020 18761
1050 19056.6
1080 19344.7
1110 19625.5
1140 19899.4
1170 20166.7
1200 20427.7
1230 20682.7
1260 20932
1290 21175.6
1320 21413.9
1350 21647.1
1380 21875.4
1410 22098.9
1440 22317.9
1470 22532.5
1500 22742.9
1530 22949.1
1560 23151.4
1590 23349.9
1620 23544.7
1650 23735.9
1680 23923.7
1710 24108.1
1740 24289.3
1770 24467.3
1800 24642.4
1830 24814.4
1860 24983.6
1860 24983.6
