0 0
30 765.468
60 1530.94
90 2296.4
120 3061.87
150 3827.34
180 4592.81
210 5358.27
240 6123.59
270 6887.72
300 7647.07
330 8394.89
360 9123.68
390 9827.82
420 10504.6
450 11153.2
480 11774.4
510 12369.4
540 12939.6
570 13486.7
600 14012.3
630 14517.7
660 15004.4
690 15473.5
720 15926.3
750 16363.8
780 16787
810 17196.8
840 17593.8
870 17978.9
900 18352.7
930 18715.9
960 19069
990 19412.6
1020 19747
1050 20072.8
1080 20390.4
1110 20700.1
1140 21002.3
1170 21297.4
1200 21585.7
1230 21867.4
1260 22142.8
1290 22412.2
1320 22675.8
1350 22933.9
1380 23186.7
1410 23434.2
1440 23676.9
1470 23914.7
1500 24147.9
1530 24376.7
1560 24601.1
1590 24821.4
1620 25037.7
1650 25250.1
1680 25458.7
1710 25663.7
1740 25865.2
1770 26063.2
1800 26257.9
1830 26449.4
1860 26637.8
1860 26637.8
