0 0
30 1334.53
60 2669.06
90 4003.6
120 5338.13
150 6672.66
180 8007.19
210 9341.72
240 10676.3
270 12010.8
300 13345.6
330 14681.4
360 16020.4
390 17366
420 18722.4
450 20093.8
480 21483.4
510 22893.4
540 24324.6
570 25777.5
600 27251.8
630 28746.8
660 30261.9
690 31796.1
720 33348.6
750 34918.4
780 36504.5
810 38106.1
840 39722.3
870 41352.4
900 42995.6
930 44651.2
960 46318.5
990 47997.1
1020 49686.4
1050 51385.8
1080 53094.9
1110 54813.2
1140 56540.3
1170 58275.8
1200 60019.4
1230 61770.7
1260 63529.4
1290 65295.2
1320 67067.8
1350 68846.9
1380 70632.4
1410 72423.9
1440 74221.3
1470 76024.4
1500 77832.9
1530 79646.7
1560 81465.5
1590 83289.3
1620 85117.9
1650 86951.1
1680 88788.8
1710 90630.8
1740 92477.1
1770 94327.4
1800 96181.6
1830 98039.7
1860 99901.5
1860 99901.5
