0 0
30 1334.53
60 2669.06
90 4003.6
120 5338.13
150 6672.66
180 8007.19
210 9341.73
240 10676.5
270 12012.5
300 13353.5
330 14705.3
360 16074.8
390 17467
420 18884.8
450 20329
480 21799.3
510 23294.8
540 24814.3
570 26356.2
600 27919.2
630 29501.9
660 31103.2
690 32721.8
720 34356.6
750 36006.7
780 37671
810 39348.8
840 41039.3
870 42741.7
900 44455.5
930 46180
960 47914.6
990 49659
1020 51412.5
1050 53174.7
1080 54945.3
1110 56723.8
1140 58510
1170 60303.4
1200 62103.8
1230 63910.9
1260 65724.4
1290 67544.1
1320 69369.6
1350 71200.9
1380 73037.6
1410 74879.7
1440 76726.8
1470 78578.8
1500 80435.5
1530 82296.8
1560 84162.5
1590 86032.5
1620 87906.6
1650 89784.8
1680 91666.8
1710 93552.6
1740 95442.1
1770 97335.1
1800 99231.5
1830 101131
1860 103034
1860 103034
