0 0
30 1334.53
60 2669.06
90 4003.6
120 5338.13
150 6672.66
180 8007.19
210 9341.72
240 10676.3
270 12011
300 13346.3
330 14683.5
360 16024.7
390 17373
420 18731.6
450 20103.3
480 21490.4
510 22894.6
540 24316.7
570 25757
600 27215.7
630 28692.4
660 30186.9
690 31698.4
720 33226.6
750 34770.5
780 36329.7
810 37903.6
840 39491.7
870 41093.1
900 42707.3
930 44333.8
960 45971.9
990 47621.4
1020 49281.6
1050 50952.1
1080 52632.6
1110 54322.4
1140 56021.3
1170 57728.9
1200 59444.9
1230 61168.9
1260 62900.6
1290 64639.8
1320 66386.2
1350 68139.3
1380 69899.1
1410 71665.3
1440 73437.5
1470 75215.8
1500 76999.8
1530 78789.4
1560 80584.3
1590 82384.5
1620 84189.8
1650 85999.9
1680 87814.7
1710 89634.2
1740 91458.1
1770 93286.4
1800 95118.8
1830 96955.4
1860 98795.9
1860 98795.9
