0 0
30 1334.53
60 2669.06
90 4003.6
120 5338.13
150 6672.66
180 8007.19
210 9341.72
240 10676.3
270 12011.1
300 13347.6
330 14690.4
360 16046.8
390 17423.9
420 18826.6
450 20257.1
480 21715.9
510 23201.9
540 24713.9
570 26250.2
600 27809.2
630 29389.4
660 30989.3
690 32607.5
720 34242.9
750 35894.2
780 37560.5
810 39240.8
840 40934.2
870 42640
900 44357.5
930 46085.9
960 47824.8
990 49573.6
1020 51331.7
1050 53098.8
1080 54874.2
1110 56657.7
1140 58448.9
1170 60247.5
1200 62053.1
1230 63865.4
1260 65684.2
1290 67509.1
1320 69339.9
1350 71176.5
1380 73018.5
1410 74865.8
1440 76718.1
1470 78575.3
1500 80437.2
1530 82303.6
1560 84174.4
1590 86049.4
1620 87928.5
1650 89811.5
1680 91698.4
1710 93588.9
1740 95483
1770 97380.6
1800 99281.6
1830 101186
1860 103093
1860 103093
