0 0
30 765.309
60 1505.25
90 2161.09
120 2722.69
150 3207.01
180 3635.74
210 4018.96
240 4364.76
270 4679.21
300 4967.25
330 5232.91
360 5479.39
390 5709.17
420 5924.33
450 6126.65
480 6317.31
510 6497.48
540 6668.26
570 6830.48
600 6984.94
630 7132.28
660 7273.12
690 7407.97
720 7537.18
750 7661.16
780 7780.24
810 7894.72
840 8004.86
870 8110.87
900 8212.93
930 8311.15
960 8405.39
990 8496.76
1020 8586.24
1050 8673.83
1080 8759.42
1110 8843.02
1140 8924.66
1170 9004.39
1200 9082.26
1230 9158.32
1260 9232.65
1290 9305.32
1320 9376.37
1350 9445.85
1380 9513.82
1410 9580.32
1440 9645.41
1470 9709.14
1500 9771.56
1530 9832.72
1560 9892.66
1590 9951.42
1620 10009
1650 10065.5
1680 10121
1710 10175.4
1740 10228.8
1770 10281.2
1800 10332.7
1830 10383.2
1860 10432.9
1860 10432.9
