0 0
30 765.468
60 1530.94
90 2296.4
120 3061.55
150 3823.47
180 4573.96
210 5301.86
240 5998.03
270 6658.14
300 7281.31
330 7869.1
360 8424.21
390 8949.45
420 9447.39
450 9920.14
480 10370
510 10799.1
540 11209.1
570 11601.4
600 11977.6
630 12338.7
660 12686
690 13020.5
720 13342.9
750 13654
780 13954.6
810 14245.2
840 14526.5
870 14798.9
900 15063.1
930 15319.4
960 15568.3
990 15810.2
1020 16045.4
1050 16274.2
1080 16497
1110 16714
1140 16925.4
1170 17131.6
1200 17332.8
1230 17529.2
1260 17720.9
1290 17908.3
1320 18091.4
1350 18270.4
1380 18445.5
1410 18616.7
1440 18784.4
1470 18948.5
1500 19109.3
1530 19266.8
1560 19421.1
1590 19572.5
1620 19720.8
1650 19866.4
1680 20009.2
1710 20149.4
1740 20287
1770 20422.1
1800 20554.8
1830 20685.2
1860 20813.4
1860 20813.4
