0 0
30 765.468
60 1530.94
90 2296.4
120 3061.87
150 3827.34
180 4592.78
210 5357.87
240 6121.03
270 6877.83
300 7620.95
330 8342.83
360 9038.38
390 9705.33
420 10343.4
450 10953.3
480 11536.6
510 12095
540 12630.1
570 13143.5
600 13636.7
630 14111.1
660 14568.1
690 15008.8
720 15434.3
750 15845.7
780 16243.7
810 16629
840 17002.5
870 17364.8
900 17716.5
930 18058.2
960 18390.4
990 18713.6
1020 19028.3
1050 19334.7
1080 19633.4
1110 19924.6
1140 20208.8
1170 20486.1
1200 20757
1230 21021.6
1260 21280.2
1290 21533.1
1320 21780.5
1350 22022.6
1380 22259.7
1410 22491.8
1440 22719.2
1470 22942
1500 23160.4
1530 23374.6
1560 23584.7
1590 23790.8
1620 23993.1
1650 24191.6
1680 24386.6
1710 24578.1
1740 24766.3
1770 24951.2
1800 25132.9
1830 25311.6
1860 25487.3
1860 25487.3
