0 0
30 953.238
60 1906.48
90 2859.71
120 3812.95
150 4766.19
180 5719.48
210 6672.96
240 7627.29
270 8584.23
300 9546.77
330 10518.2
360 11501.3
390 12497.9
420 13508.9
450 14534.9
480 15575.7
510 16631.1
540 17700.5
570 18783.3
600 19879
630 20986.9
660 22106.4
690 23237
720 24378.1
750 25529.5
780 26690.4
810 27860.4
840 29039.1
870 30226.1
900 31420.9
930 32623.2
960 33832.6
990 35048.8
1020 36271.4
1050 37500.3
1080 38735
1110 39975.4
1140 41221.2
1170 42472.2
1200 43728.2
1230 44988.9
1260 46254.3
1290 47524
1320 48798.1
1350 50076.2
1380 51358.3
1410 52644.3
1440 53933.9
1470 55227.2
1500 56523.9
1530 57823.9
1560 59127.2
1590 60433.6
1620 61743.1
1650 63055.5
1680 64370.8
1710 65688.9
1740 67009.7
1770 68333.1
1800 69659.1
1830 70987.5
1860 72318.3
1860 72318.3
