0 0
30 546.762
60 1093.52
90 1640.29
120 2187.05
150 2733.8
180 3280.45
210 3826.51
240 4370.96
270 4912.38
300 5449.31
330 5980.6
360 6505.39
390 7023.13
420 7533.49
450 8036.22
480 8531.11
510 9017.98
540 9496.6
570 9966.75
600 10428.2
630 10880.9
660 11324.7
690 11759.4
720 12185.1
750 12602.1
780 13010.3
810 13410.2
840 13801.9
870 14185.7
900 14561.8
930 14930.6
960 15292.2
990 15647.1
1020 15995.2
1050 16337
1080 16672.6
1110 17002.3
1140 17326.3
1170 17644.7
1200 17957.8
1230 18265.7
1260 18568.7
1290 18866.9
1320 19160.5
1350 19449.5
1380 19734.2
1410 20014.7
1440 20291.1
1470 20563.5
1500 20832.1
1530 21097
1560 21358.3
1590 21616
1620 21870.3
1650 22121.3
1680 22369
1710 22613.6
1740 22855.1
1770 23093.6
1800 23329.1
1830 23561.9
1860 23791.9
1860 23791.9
