0 0
30 953.238
60 1906.48
90 2859.71
120 3812.95
150 4766.19
180 5719.43
210 6672.67
240 7625.9
270 8579.14
300 9532.39
330 10485.7
360 11439.3
390 12393.5
420 13349.1
450 14307.2
480 15268.8
510 16235.2
540 17207.3
570 18186.1
600 19172.2
630 20166.2
660 21168.6
690 22179.4
720 23198.7
750 24226.7
780 25263.2
810 26308.1
840 27361.1
870 28422.2
900 29491
930 30567.6
960 31651.6
990 32742.8
1020 33841.1
1050 34946.3
1080 36058.2
1110 37176.5
1140 38301.1
1170 39431.8
1200 40568.3
1230 41710.7
1260 42858.8
1290 44012.3
1320 45171.2
1350 46335.2
1380 47504.3
1410 48678.3
1440 49857
1470 51040.4
1500 52228.3
1530 53420.5
1560 54617.1
1590 55817.7
1620 57022.5
1650 58231.2
1680 59443.8
1710 60660.1
1740 61880.1
1770 63103.7
1800 64330.8
1830 65561.3
1860 66795.1
1860 66795.1
