0 0
30 953.238
60 1906.48
90 2859.71
120 3812.95
150 4766.19
180 5719.47
210 6673.31
240 7629.57
270 8591.47
300 9562.25
330 10544.2
360 11538.6
390 12546.1
420 13566.6
450 14599.9
480 15645.5
510 16703
540 17771.8
570 18851.5
600 19941.7
630 21042
660 22152.2
690 23271.8
720 24400.6
750 25538.4
780 26684.9
810 27839.9
840 29003
870 30174
900 31352.7
930 32538.7
960 33731.6
990 34931.2
1020 36137.3
1050 37349.7
1080 38568.2
1110 39792.6
1140 41022.6
1170 42258
1200 43498.7
1230 44744.4
1260 45995
1290 47250.3
1320 48510.1
1350 49774.4
1380 51042.9
1410 52315.6
1440 53592.2
1470 54872.8
1500 56157.1
1530 57445.1
1560 58736.6
1590 60031.6
1620 61329.9
1650 62631.4
1680 63936.1
1710 65243.8
1740 66554.5
1770 67868.1
1800 69184.5
1830 70503.6
1860 71825.3
1860 71825.3
