0 0
30 953.238
60 1906.48
90 2859.74
120 3813.71
150 4770.55
180 5732.75
210 6702.03
240 7679.14
270 8664.16
300 9656.86
330 10657
360 11664.4
390 12679.6
420 13702.9
450 14735.1
480 15776.6
510 16827.9
540 17889
570 18960
600 20040.7
630 21131.2
660 22231.2
690 23340.4
720 24458.5
750 25585.1
780 26720
810 27862.9
840 29013.3
870 30171.1
900 31336
930 32507.5
960 33685.8
990 34870.4
1020 36061.1
1050 37257.7
1080 38460
1110 39667.7
1140 40880.8
1170 42099.1
1200 43322.3
1230 44550.3
1260 45782.9
1290 47020
1320 48261.4
1350 49507
1380 50756.7
1410 52010.3
1440 53267.7
1470 54528.7
1500 55793.4
1530 57061.4
1560 58332.8
1590 59607.5
1620 60885.4
1650 62166.3
1680 63450.3
1710 64737.2
1740 66027
1770 67319.6
1800 68614.9
1830 69912.9
1860 71213.4
1860 71213.4
