0 0
30 953.238
60 1906.48
90 2859.71
120 3812.95
150 4766.19
180 5719.48
210 6673.14
240 7628.22
270 8586.51
300 9550.21
330 10521.3
360 11501.3
390 12491.6
420 13492.9
450 14505.4
480 15529.4
510 16565.1
540 17612.5
570 18671.2
600 19741.2
630 20822
660 21913.5
690 23015.3
720 24127
750 25248.4
780 26379
810 27518.5
840 28666.8
870 29823.3
900 30987.8
930 32160.1
960 33339.9
990 34526.9
1020 35720.9
1050 36921.6
1080 38128.9
1110 39342.3
1140 40561.9
1170 41787.2
1200 43018
1230 44254.3
1260 45495.8
1290 46742.3
1320 47993.6
1350 49249.7
1380 50510.3
1410 51775.3
1440 53044.5
1470 54317.8
1500 55595
1530 56876.1
1560 58160.9
1590 59449.4
1620 60741.3
1650 62036.7
1680 63335.4
1710 64637.2
1740 65942.3
1770 67250.3
1800 68561.3
1830 69875.1
1860 71191.8
1860 71191.8
