0 0
30 546.762
60 1093.52
90 1640.29
120 2187.05
150 2733.81
180 3280.52
210 3827.04
240 4372.71
270 4915.77
300 5453.24
330 5981.81
360 6498.73
390 7002.13
420 7491.08
450 7965.09
480 8424.28
510 8868.92
540 9299.54
570 9716.69
600 10121
630 10513.1
660 10893.6
690 11263
720 11621.9
750 11970.5
780 12309.6
810 12639.6
840 12960.9
870 13273.9
900 13579.1
930 13876.8
960 14167.4
990 14451.2
1020 14728.6
1050 14999.7
1080 15265
1110 15524.6
1140 15778.8
1170 16027.8
1200 16271.8
1230 16511.1
1260 16745.7
1290 16976
1320 17201.9
1350 17423.8
1380 17641.7
1410 17855.7
1440 18066.1
1470 18272.8
1500 18476.1
1530 18676.1
1560 18872.8
1590 19066.4
1620 19256.9
1650 19444.5
1680 19629.2
1710 19811.1
1740 19990.3
1770 20166.9
1800 20340.9
1830 20512.5
1860 20681.7
1860 20681.7
