0 0
30 546.762
60 1093.52
90 1640.29
120 2187.05
150 2733.81
180 3280.57
210 3827.26
240 4373.42
270 4917.61
300 5457.45
330 5990.28
360 6513.56
390 7025.57
420 7525.23
450 8012.03
480 8485.91
510 8947.04
540 9395.81
570 9832.69
600 10258.2
630 10672.7
660 11076.7
690 11470.6
720 11854.8
750 12229.9
780 12596.2
810 12954.2
840 13304.3
870 13646.8
900 13982
930 14310.4
960 14632.1
990 14947.4
1020 15256.7
1050 15560.1
1080 15857.9
1110 16150.3
1140 16437.4
1170 16719.5
1200 16996.7
1230 17269.4
1260 17537.5
1290 17801.3
1320 18060.9
1350 18316.5
1380 18568
1410 18815.7
1440 19059.8
1470 19300.2
1500 19537.1
1530 19770.7
1560 20000.9
1590 20228
1620 20451.9
1650 20672.8
1680 20890.8
1710 21105.9
1740 21318.3
1770 21527.8
1800 21734.8
1830 21939.2
1860 22141
1860 22141
