0 0
30 546.762
60 1093.52
90 1640.29
120 2187.05
150 2733.81
180 3280.57
210 3827.33
240 4374.1
270 4920.86
300 5467.62
330 6014.38
360 6561.09
390 7107.61
420 7653.57
450 8198.25
480 8740.63
510 9279.49
540 9813.6
570 10341.8
600 10863.2
630 11377
660 11882.8
690 12380.2
720 12869
750 13349.2
780 13820.7
810 14283.4
840 14737.5
870 15183.1
900 15620.2
930 16049.2
960 16470.1
990 16883
1020 17288.4
1050 17686.3
1080 18076.9
1110 18460.6
1140 18837.5
1170 19207.8
1200 19571.6
1230 19929.2
1260 20280.8
1290 20626.5
1320 20966.4
1350 21300.9
1380 21629.9
1410 21953.7
1440 22272.5
1470 22586.3
1500 22895.2
1530 23199.6
1560 23499.3
1590 23794.7
1620 24085.8
1650 24372.7
1680 24655.5
1710 24934.3
1740 25209.3
1770 25480.5
1800 25748
1830 26012
1860 26272.4
1860 26272.4
