0 0
30 546.762
60 1093.52
90 1640.29
120 2187.05
150 2733.81
180 3280.33
210 3824.74
240 4362.33
270 4887.31
300 5395.54
330 5885.01
360 6355.14
390 6806.32
420 7239.43
450 7655.54
480 8055.77
510 8441.03
540 8812.11
570 9170
600 9515.59
630 9849.66
660 10173
690 10486.2
720 10790.1
750 11085.1
780 11371.7
810 11650.4
840 11921.6
870 12185.7
900 12443
930 12693.9
960 12938.6
990 13177.6
1020 13411
1050 13639.2
1080 13862.2
1110 14080.4
1140 14293.9
1170 14503
1200 14707.8
1230 14908.5
1260 15105.2
1290 15298.2
1320 15487.4
1350 15673.1
1380 15855.3
1410 16034.3
1440 16210
1470 16382.7
1500 16552.3
1530 16719.1
1560 16883
1590 17044.2
1620 17202.8
1650 17358.7
1680 17512.3
1710 17663.4
1740 17812.2
1770 17958.7
1800 18103
1830 18245.1
1860 18385.2
1860 18385.2
