0 0
30 953.238
60 1906.48
90 2859.71
120 3812.95
150 4766.19
180 5719.43
210 6672.67
240 7625.9
270 8579.14
300 9532.38
330 10485.6
360 11439
390 12392.6
420 13346.8
450 14302.4
480 15260.1
510 16221
540 17186
570 18156.1
600 19132.1
630 20114.9
660 21105
690 22102.9
720 23109
750 24123.6
780 25146.8
810 26178.7
840 27219.2
870 28268.4
900 29326.1
930 30392.1
960 31466.4
990 32548.8
1020 33639.2
1050 34737.3
1080 35843.1
1110 36956.2
1140 38076.5
1170 39203.8
1200 40337.8
1230 41478.5
1260 42625.5
1290 43778.6
1320 44937.8
1350 46102.8
1380 47273.4
1410 48449.4
1440 49630.8
1470 50817.3
1500 52008.8
1530 53205.1
1560 54406.2
1590 55611.8
1620 56821.9
1650 58036.2
1680 59254.7
1710 60477.3
1740 61703.9
1770 62934.3
1800 64168.5
1830 65406.3
1860 66647.8
1860 66647.8
