0 0
30 953.238
60 1906.48
90 2859.71
120 3812.95
150 4766.19
180 5719.43
210 6672.67
240 7625.9
270 8579.14
300 9532.38
330 10485.6
360 11438.9
390 12392.4
420 13346
450 14300.2
480 15255.1
510 16211.4
540 17169.7
570 18130.7
600 19095.3
630 20064.3
660 21038.4
690 22018.3
720 23004.4
750 23997.1
780 24996.8
810 26003.7
840 27017.9
870 28039.4
900 29068.3
930 30104.6
960 31148.1
990 32198.9
1020 33256.8
1050 34321.7
1080 35393.5
1110 36471.9
1140 37557
1170 38648.4
1200 39746.1
1230 40849.9
1260 41959.6
1290 43075.2
1320 44196.4
1350 45323.2
1380 46455.3
1410 47592.6
1440 48735.1
1470 49882.5
1500 51034.8
1530 52191.9
1560 53353.6
1590 54519.8
1620 55690.4
1650 56865.2
1680 58044.2
1710 59227.3
1740 60414.5
1770 61605.5
1800 62800.3
1830 63998.8
1860 65200.9
1860 65200.9
