0 0
30 546.762
60 1093.52
90 1640.29
120 2187.05
150 2733.81
180 3280.57
210 3827.33
240 4374.09
270 4920.8
300 5467.19
330 6012.64
360 6556.04
390 7096.09
420 7631.54
450 8161.39
480 8684.91
510 9201.66
540 9711.16
570 10213.2
600 10707.6
630 11194.4
660 11673.6
690 12145
720 12608.7
750 13064.8
780 13513.3
810 13954.4
840 14388.3
870 14815
900 15234.7
930 15647.6
960 16053.8
990 16453.4
1020 16846.6
1050 17233.7
1080 17614.7
1110 17989.8
1140 18359.2
1170 18722.9
1200 19081.2
1230 19434.1
1260 19781.8
1290 20124.5
1320 20462.3
1350 20795.3
1380 21123.7
1410 21447.6
1440 21767.1
1470 22082.4
1500 22393.5
1530 22700.5
1560 23003.6
1590 23302.9
1620 23598.4
1650 23890.3
1680 24178.6
1710 24463.5
1740 24744.9
1770 25023.1
1800 25298
1830 25569.8
1860 25838.4
1860 25838.4
