0 0
30 953.238
60 1906.48
90 2859.71
120 3812.95
150 4766.19
180 5719.43
210 6672.67
240 7625.9
270 8579.14
300 9532.39
330 10485.7
360 11439.3
390 12393.8
420 13350.2
450 14309.8
480 15274.3
510 16244.9
540 17222.9
570 18209
600 19204
630 20208.2
660 21222
690 22245.5
720 23278.4
750 24320.9
780 25372.7
810 26433.8
840 27503.8
870 28582.7
900 29670.2
930 30765.9
960 31869.8
990 32981.6
1020 34101
1050 35227.8
1080 36361.7
1110 37502.6
1140 38650
1170 39803.9
1200 40964
1230 42130.1
1260 43302.2
1290 44479.8
1320 45663
1350 46851.5
1380 48045.2
1410 49243.8
1440 50447.2
1470 51655.4
1500 52868.1
1530 54085.2
1560 55306.6
1590 56532.2
1620 57761.9
1650 58995.4
1680 60232.8
1710 61474
1740 62718.7
1770 63967
1800 65218.7
1830 66473.8
1860 67732
1860 67732
