0 0
30 953.238
60 1906.48
90 2859.71
120 3812.95
150 4766.19
180 5719.43
210 6672.67
240 7625.9
270 8579.14
300 9532.38
330 10485.6
360 11438.9
390 12392.1
420 13345.6
450 14299.4
480 15254
510 16210.2
540 17168.8
570 18131
600 19097.5
630 20069.4
660 21047.4
690 22032.3
720 23024.6
750 24024.7
780 25033
810 26049.5
840 27074.5
870 28107.8
900 29149.4
930 30199.4
960 31257.6
990 32323.8
1020 33397.8
1050 34479.6
1080 35568.7
1110 36665.2
1140 37768.6
1170 38879.1
1200 39996.2
1230 41119.8
1260 42249.8
1290 43385.9
1320 44528
1350 45676
1380 46829.6
1410 47988.7
1440 49153.1
1470 50322.7
1500 51497.3
1530 52676.7
1560 53861
1590 55050
1620 56243.4
1650 57441.3
1680 58643.4
1710 59849.7
1740 61059.9
1770 62274.2
1800 63492.3
1830 64714.1
1860 65939.6
1860 65939.6
