0 0
30 953.238
60 1906.48
90 2859.71
120 3812.95
150 4766.19
180 5719.44
210 6672.83
240 7627.12
270 8584.05
300 9546.16
330 10516
360 11495.8
390 12487.4
420 13492.1
450 14510.3
480 15542.4
510 16588.3
540 17647.5
570 18720.1
600 19805.4
630 20903
660 22010.9
690 23129.1
720 24257.3
750 25395.1
780 26542
810 27697.7
840 28861.8
870 30033.8
900 31213.6
930 32400.6
960 33594.6
990 34795.2
1020 36002.2
1050 37215.2
1080 38433.9
1110 39658.2
1140 40887.6
1170 42122.1
1200 43361.3
1230 44605
1260 45853.2
1290 47105.6
1320 48362.1
1350 49622.4
1380 50886.5
1410 52154.1
1440 53425.2
1470 54699.7
1500 55977.4
1530 57258.2
1560 58542
1590 59828.6
1620 61118.1
1650 62410.4
1680 63705.2
1710 65002.7
1740 66302.7
1770 67605.1
1800 68909.8
1830 70216.8
1860 71526
1860 71526
