0 0
30 953.238
60 1906.48
90 2859.71
120 3812.95
150 4766.19
180 5719.43
210 6672.67
240 7625.9
270 8579.15
300 9532.47
330 10486.1
360 11440.7
390 12397.1
420 13356.8
450 14321.2
480 15291.6
510 16269.1
540 17254.6
570 18248.8
600 19252.3
630 20265.2
660 21287.7
690 22319.8
720 23361.3
750 24412.1
780 25471.9
810 26540.5
840 27617.8
870 28703.3
900 29796.9
930 30898.4
960 32007.4
990 33123.8
1020 34247.2
1050 35377.5
1080 36514.4
1110 37657.9
1140 38807.5
1170 39963.2
1200 41124.7
1230 42291.9
1260 43464.5
1290 44642.5
1320 45825.6
1350 47013.8
1380 48206.7
1410 49404.4
1440 50606.6
1470 51813.2
1500 53024.2
1530 54239.4
1560 55458.6
1590 56681.9
1620 57909
1650 59139.9
1680 60374.5
1710 61612.6
1740 62854.3
1770 64099.3
1800 65347.7
1830 66599.2
1860 67853.9
1860 67853.9
