0 0
30 546.762
60 1093.52
90 1639.22
120 2181.17
150 2716.63
180 3244.11
210 3763.43
240 4274.92
270 4779.13
300 5276.7
330 5767.8
360 6251.95
390 6728.3
420 7195.81
450 7653.53
480 8100.71
510 8536.9
540 8961.99
570 9375.88
600 9778.7
630 10170.8
660 10552.4
690 10923.7
720 11285.1
750 11636.9
780 11979.4
810 12313.1
840 12638.5
870 12955.8
900 13265.4
930 13567.6
960 13862.7
990 14151.1
1020 14433
1050 14708.6
1080 14978.3
1110 15242.2
1140 15500.6
1170 15753.7
1200 16001.8
1230 16245
1260 16483.5
1290 16717.6
1320 16947.2
1350 17172.7
1380 17394.1
1410 17611.5
1440 17825.2
1470 18035.2
1500 18241.6
1530 18444.6
1560 18644.3
1590 18840.7
1620 19033.9
1650 19224.1
1680 19411.4
1710 19595.8
1740 19777.4
1770 19956.3
1800 20132.6
1830 20306.4
1860 20477.7
1860 20477.7
