0 0
30 546.762
60 1093.52
90 1640.29
120 2187.05
150 2733.81
180 3280.57
210 3827.33
240 4374.1
270 4920.86
300 5467.62
330 6014.38
360 6561.13
390 7107.8
420 7654.17
450 8199.79
480 8743.83
510 9285.19
540 9822.61
570 10354.8
600 10880.7
630 11399.2
660 11909.8
690 12412
720 12905.3
750 13389.7
780 13865.1
810 14331.4
840 14788.8
870 15237.4
900 15677.3
930 16108.8
960 16532.1
990 16947.3
1020 17354.7
1050 17754.5
1080 18146.8
1110 18532
1140 18910.1
1170 19281.6
1200 19646.6
1230 20005.2
1260 20357.8
1290 20704.3
1320 21045.1
1350 21380.3
1380 21710.1
1410 22034.6
1440 22354.1
1470 22668.6
1500 22978.2
1530 23283.2
1560 23583.7
1590 23879.8
1620 24171.6
1650 24459.2
1680 24742.8
1710 25022.4
1740 25298.2
1770 25570.2
1800 25838.6
1830 26103.4
1860 26364.7
1860 26364.7
