0 0
30 953.238
60 1906.62
90 2861.65
120 3819.63
150 4780.92
180 5745.66
210 6713.6
240 7684.84
270 8660.96
300 9645.07
330 10640.6
360 11650.3
390 12675.9
420 13717.9
450 14776.3
480 15850.7
510 16940.6
540 18045.3
570 19163.9
600 20295.6
630 21440
660 22596
690 23763.3
720 24941
750 26128.6
780 27325.3
810 28530.8
840 29744.5
870 30966.2
900 32195.4
930 33431.7
960 34674.9
990 35924.7
1020 37180.5
1050 38442.3
1080 39709.8
1110 40982.6
1140 42260.6
1170 43543.5
1200 44831.1
1230 46123.2
1260 47419.6
1290 48720.1
1320 50024.7
1350 51333.1
1380 52645.2
1410 53960.8
1440 55280
1470 56602.4
1500 57928
1530 59256.7
1560 60588.4
1590 61923
1620 63260.4
1650 64600.5
1680 65943.2
1710 67288.4
1740 68636.1
1770 69986.2
1800 71338.7
1830 72693.4
1860 74050.3
1860 74050.3
