0 0
30 953.238
60 1906.48
90 2859.71
120 3812.95
150 4766.19
180 5719.43
210 6672.67
240 7625.93
270 8579.3
300 9532.96
330 10487.3
360 11442.6
390 12399.6
420 13358.5
450 14320
480 15284.5
510 16252.2
540 17223.6
570 18199.2
600 19179.5
630 20164.8
660 21155.8
690 22152.8
720 23156.4
750 24166.7
780 25184.2
810 26209
840 27241.1
870 28280.6
900 29327.6
930 30382
960 31443.9
990 32513
1020 33589.3
1050 34672.6
1080 35762.8
1110 36859.8
1140 37963.4
1170 39073.4
1200 40189.7
1230 41312.2
1260 42440.6
1290 43574.9
1320 44714.9
1350 45860.4
1380 47011.2
1410 48167.3
1440 49328.5
1470 50494.6
1500 51665.5
1530 52841.2
1560 54021.4
1590 55206.2
1620 56395.3
1650 57588.7
1680 58786.2
1710 59987.8
1740 61193.2
1770 62402.5
1800 63615.5
1830 64832.1
1860 66052.4
1860 66052.4
