0 0
30 953.238
60 1906.55
90 2861.17
120 3819.46
150 4783.12
180 5752.87
210 6728.83
240 7710.95
270 8699.68
300 9696.38
330 10703.2
360 11722.4
390 12755
420 13801.7
450 14862.7
480 15937.9
510 17026.6
540 18128.5
570 19243.2
600 20370
630 21508.4
660 22657.7
690 23817.4
720 24987
750 26165.9
780 27353.7
810 28549.9
840 29754.1
870 30965.9
900 32185
930 33411
960 34643.5
990 35882.5
1020 37127.5
1050 38378.4
1080 39635
1110 40896.9
1140 42164
1170 43436.1
1200 44712.9
1230 45994.3
1260 47280.1
1290 48570.2
1320 49864.4
1350 51162.5
1380 52464.4
1410 53769.9
1440 55079
1470 56391.5
1500 57707.4
1530 59026.4
1560 60348.6
1590 61673.7
1620 63001.7
1650 64332.4
1680 65665.9
1710 67002.1
1740 68340.8
1770 69681.9
1800 71025.6
1830 72371.5
1860 73719.8
1860 73719.8
