0 0
30 546.762
60 1093.52
90 1640.29
120 2186.93
150 2732.58
180 3275.25
210 3812.66
240 4343.05
270 4865.27
300 5378.31
330 5881.03
360 6372.11
390 6850.45
420 7315.39
450 7766.86
480 8204.69
510 8629.32
540 9041.05
570 9440.45
600 9828.14
630 10204.6
660 10570.4
690 10926.1
720 11272.2
750 11609.2
780 11937.5
810 12257.5
840 12569.7
870 12874.4
900 13172
930 13462.9
960 13747.3
990 14025.5
1020 14297.7
1050 14564.3
1080 14825.5
1110 15081.5
1140 15332.5
1170 15578.8
1200 15820.4
1230 16057.6
1260 16290.5
1290 16519.2
1320 16744
1350 16964.9
1380 17182.2
1410 17395.8
1440 17606.1
1470 17812.9
1500 18016.5
1530 18217
1560 18414.5
1590 18609
1620 18800.6
1650 18989.4
1680 19175.5
1710 19358.9
1740 19539.7
1770 19718.1
1800 19894.1
1830 20067.7
1860 20239
1860 20239
