0 0
30 953.238
60 1906.48
90 2859.71
120 3812.95
150 4766.19
180 5719.43
210 6672.67
240 7625.97
270 8579.68
300 9534.73
330 10492.7
360 11455.7
390 12425.7
420 13404.6
450 14394
480 15395.1
510 16408.6
540 17435
570 18474.3
600 19526.5
630 20591.4
660 21668.6
690 22757.7
720 23858.2
750 24969.5
780 26091.1
810 27222.6
840 28363.6
870 29513.4
900 30671.9
930 31838.6
960 33013.2
990 34195.3
1020 35384.6
1050 36580.9
1080 37783.9
1110 38993.2
1140 40208.8
1170 41430.3
1200 42657.5
1230 43890.2
1260 45128.2
1290 46371.2
1320 47619.2
1350 48871.8
1380 50128.9
1410 51390.5
1440 52656.2
1470 53925.9
1500 55199.5
1530 56477
1560 57758
1590 59042.6
1620 60330.5
1650 61621.8
1680 62916.3
1710 64213.9
1740 65514.4
1770 66817.9
1800 68124.2
1830 69433.3
1860 70745
1860 70745
