0 0
30 953.238
60 1906.69
90 2863.23
120 3825.87
150 4795.68
180 5772.39
210 6755.5
240 7744.35
270 8738.86
300 9739.54
330 10747.9
360 11765.7
390 12794.9
420 13836.5
450 14891.3
480 15959.7
510 17041.5
540 18136.6
570 19244.4
600 20364.7
630 21496.8
660 22640.1
690 23794
720 24957.9
750 26131.4
780 27314
810 28505.4
840 29705.2
870 30913
900 32128.4
930 33351.1
960 34580.6
990 35816.8
1020 37059.2
1050 38307.6
1080 39561.6
1110 40821.2
1140 42086.1
1170 43355.9
1200 44630.6
1230 45909.8
1260 47193.6
1290 48481.7
1320 49773.9
1350 51070.1
1380 52370.1
1410 53673.8
1440 54981
1470 56291.8
1500 57605.8
1530 58923.1
1560 60243.4
1590 61566.8
1620 62893.1
1650 64222.2
1680 65554.1
1710 66888.6
1740 68225.7
1770 69565.3
1800 70907.3
1830 72251.7
1860 73598.4
1860 73598.4
