0 0
30 546.762
60 1093.52
90 1639.61
120 2182.61
150 2720.35
180 3251.74
210 3776.53
240 4295.16
270 4807.76
300 5314.01
330 5812.97
360 6303.06
390 6782.57
420 7250.15
450 7704.94
480 8146.36
510 8574.35
540 8989.08
570 9390.91
600 9780.28
630 10157.8
660 10524
690 10879.4
720 11224.4
750 11559.7
780 11885.5
810 12202.4
840 12510.7
870 12810.9
900 13103.3
930 13388.3
960 13666.3
990 13937.5
1020 14202.4
1050 14461.1
1080 14713.9
1110 14961.2
1140 15203.1
1170 15439.8
1200 15671.7
1230 15898.9
1260 16121.4
1290 16339.5
1320 16553.4
1350 16763.1
1380 16969
1410 17171.1
1440 17369.5
1470 17564.3
1500 17755.8
1530 17943.9
1560 18128.8
1590 18310.7
1620 18489.5
1650 18665.4
1680 18838.5
1710 19008.8
1740 19176.5
1770 19341.6
1800 19504.2
1830 19664.4
1860 19822.2
1860 19822.2
