0 0
30 953.238
60 1906.48
90 2859.71
120 3812.95
150 4766.3
180 5720.25
210 6675.6
240 7633.32
270 8594.24
300 9558.97
330 10527.9
360 11501.3
390 12479.3
420 13462.3
450 14450.5
480 15444.6
510 16445.2
540 17453.1
570 18469.1
600 19493.7
630 20527.2
660 21570.2
690 22622.6
720 23684.4
750 24755.7
780 25836.1
810 26925.5
840 28023.5
870 29130.1
900 30244.9
930 31367.8
960 32498.4
990 33636.5
1020 34781.9
1050 35934.2
1080 37093.2
1110 38258.6
1140 39430.4
1170 40608.2
1200 41791.8
1230 42981.2
1260 44176
1290 45376.1
1320 46581.3
1350 47791.4
1380 49006.3
1410 50225.9
1440 51449.9
1470 52678.4
1500 53911.1
1530 55148
1560 56388.8
1590 57633.5
1620 58882
1650 60134.2
1680 61390.1
1710 62649.3
1740 63912
1770 65177.9
1800 66447.1
1830 67719.3
1860 68994.7
1860 68994.7
