0 0
30 545.577
60 1077.52
90 1592.93
120 2094.85
150 2586.22
180 3069.17
210 3545.19
240 4015.18
270 4480.15
300 4940.56
330 5396.09
360 5845.66
390 6287.73
420 6720.8
450 7143.69
480 7555.69
510 7956.39
540 8345.75
570 8723.92
600 9091.2
630 9447.83
660 9794.24
690 10130.9
720 10458.3
750 10776.9
780 11086.9
810 11388.9
840 11683
870 11969.6
900 12249.1
930 12521.7
960 12787.8
990 13047.6
1020 13301.5
1050 13549.6
1080 13792.4
1110 14029.8
1140 14262.4
1170 14490
1200 14713.1
1230 14931.6
1260 15145.9
1290 15356.1
1320 15562.2
1350 15764.4
1380 15963
1410 16157.9
1440 16349.4
1470 16537.6
1500 16722.4
1530 16904.2
1560 17082.8
1590 17258.6
1620 17431.5
1650 17601.6
1680 17769
1710 17933.9
1740 18096.2
1770 18256
1800 18413.4
1830 18568.5
1860 18721.3
1860 18721.3
