0 0
30 953.238
60 1906.57
90 2861.19
120 3818.03
150 4777.27
180 5738.8
210 6703.45
240 7674.9
270 8658.84
300 9660.05
330 10681.2
360 11723.2
390 12785.9
420 13868.8
450 14970.5
480 16090
510 17225.6
540 18376.4
570 19541.2
600 20719.2
630 21909.4
660 23110.8
690 24322.7
720 25544.4
750 26775.3
780 28014.7
810 29262.1
840 30517
870 31779
900 33047.7
930 34322.7
960 35603.7
990 36890.4
1020 38182.6
1050 39479.9
1080 40782.2
1110 42089.2
1140 43400.7
1170 44716.5
1200 46036.4
1230 47360.2
1260 48687.9
1290 50019.1
1320 51353.9
1350 52691.9
1380 54033.2
1410 55377.5
1440 56724.8
1470 58075
1500 59427.9
1530 60783.6
1560 62141.8
1590 63502.5
1620 64865.7
1650 66231.2
1680 67598.9
1710 68968.8
1740 70340.8
1770 71714.9
1800 73091
1830 74468.9
1860 75848.8
1860 75848.8
