0 0
30 953.238
60 1906.48
90 2859.71
120 3812.95
150 4766.19
180 5719.43
210 6672.67
240 7625.9
270 8579.14
300 9532.38
330 10485.6
360 11438.9
390 12392.3
420 13346.1
450 14300.6
480 15256.5
510 16214.4
540 17175.2
570 18139.6
600 19108.7
630 20083.2
660 21063.6
690 22050.6
720 23044.5
750 24045.6
780 25054.2
810 26070.3
840 27094.1
870 28125.6
900 29164.7
930 30211.3
960 31265.5
990 32327
1020 33395.8
1050 34471.6
1080 35554.5
1110 36644.1
1140 37740.4
1170 38843.2
1200 39952.2
1230 41067.5
1260 42188.7
1290 43315.7
1320 44448.4
1350 45586.7
1380 46730.3
1410 47879.3
1440 49033.4
1470 50192.4
1500 51356.4
1530 52525.1
1560 53698.5
1590 54876.4
1620 56058.6
1650 57245.2
1680 58435.9
1710 59630.7
1740 60829.5
1770 62032.2
1800 63238.6
1830 64448.7
1860 65662.4
1860 65662.4
