0 0
30 543.693
60 1066.92
90 1566.35
120 2046.7
150 2511.97
180 2965.46
210 3409.5
240 3845.77
270 4275.49
300 4699.31
330 5116.9
360 5527.53
390 5930.12
420 6323.73
450 6707.68
480 7081.62
510 7445.56
540 7799.52
570 8143.59
600 8477.89
630 8802.69
660 9118.31
690 9425.13
720 9723.53
750 10013.9
780 10296.6
810 10572.1
840 10840.6
870 11102.5
900 11358.2
930 11607.6
960 11851.3
990 12089.5
1020 12322.3
1050 12550
1080 12772.9
1110 12991.1
1140 13204.8
1170 13414.3
1200 13619.7
1230 13821
1260 14018.5
1290 14212.3
1320 14402.5
1350 14589.3
1380 14772.8
1410 14953
1440 15130.2
1470 15304.4
1500 15475.6
1530 15644.1
1560 15809.8
1590 15973
1620 16133.5
1650 16291.6
1680 16447.3
1710 16600.7
1740 16751.8
1770 16900.7
1800 17047.5
1830 17192.2
1860 17334.8
1860 17334.8
