0 0
30 953.238
60 1906.48
90 2859.71
120 3812.95
150 4766.19
180 5719.43
210 6672.67
240 7625.9
270 8579.14
300 9532.38
330 10485.6
360 11438.9
390 12392.2
420 13345.6
450 14299.5
480 15254.2
510 16210.5
540 17169.3
570 18131.5
600 19098
630 20069.7
660 21047.3
690 22031.3
720 23022
750 24019.7
780 25024.8
810 26037.3
840 27057.4
870 28085
900 29120.2
930 30162.8
960 31212.9
990 32270.2
1020 33334.7
1050 34406.1
1080 35484.4
1110 36569.5
1140 37661.1
1170 38759.1
1200 39863.4
1230 40973.8
1260 42090.2
1290 43212.4
1320 44340.2
1350 45473.5
1380 46612.2
1410 47756.1
1440 48905
1470 50058.9
1500 51217.7
1530 52381.2
1560 53549.3
1590 54721.9
1620 55899
1650 57080.3
1680 58265.8
1710 59455.4
1740 60649.1
1770 61846.7
1800 63048.1
1830 64253.1
1860 65461.7
1860 65461.7
