0 0
30 953.238
60 1906.48
90 2859.71
120 3812.95
150 4766.19
180 5719.43
210 6672.67
240 7625.9
270 8579.14
300 9532.38
330 10485.6
360 11438.9
390 12392.1
420 13345.4
450 14298.9
480 15252.7
510 16207.1
540 17162.7
570 18119.9
600 19079.6
630 20042.5
660 21009.2
690 21980.6
720 22957.1
750 23939.3
780 24927.8
810 25922.7
840 26924.2
870 27932.6
900 28947.8
930 29970
960 30999
990 32034.9
1020 33077.6
1050 34127.2
1080 35183.5
1110 36246.4
1140 37315.8
1170 38391.4
1200 39473.2
1230 40561
1260 41654.7
1290 42754.1
1320 43859.1
1350 44969.6
1380 46085.3
1410 47206.3
1440 48332.3
1470 49463.1
1500 50598.8
1530 51739.2
1560 52884.3
1590 54033.8
1620 55187.8
1650 56346.1
1680 57508.5
1710 58674.9
1740 59845.4
1770 61019.7
1800 62197.9
1830 63379.7
1860 64565.2
1860 64565.2
