0 0
30 546.762
60 1093.52
90 1640.29
120 2187.05
150 2733.81
180 3280.57
210 3827.33
240 4374.08
270 4920.71
300 5466.8
330 6011.39
360 6552.97
390 7089.75
420 7620
450 8142.33
480 8655.76
510 9159.63
540 9653.55
570 10137.3
600 10610.9
630 11074.2
660 11527.3
690 11970.5
720 12404.1
750 12828.4
780 13243.7
810 13650.3
840 14048.5
870 14438.6
900 14820.8
930 15195.6
960 15563.1
990 15923.7
1020 16277.4
1050 16624.6
1080 16965.4
1110 17300.1
1140 17629
1170 17952.1
1200 18269.7
1230 18581.9
1260 18888.9
1290 19190.9
1320 19488
1350 19780.4
1380 20068.3
1410 20351.8
1440 20630.9
1470 20905.9
1500 21176.8
1530 21443.7
1560 21706.9
1590 21966.3
1620 22222
1650 22474.2
1680 22723
1710 22968.5
1740 23210.7
1770 23449.7
1800 23685.6
1830 23918.5
1860 24148.4
1860 24148.4
