0 0
30 546.762
60 1093.52
90 1639.12
120 2174.3
150 2685.15
180 3163.44
210 3606.66
240 4017.11
270 4398.47
300 4754.59
330 5088.55
360 5402.81
390 5699.82
420 5981.44
450 6249.11
480 6504.15
510 6747.7
540 6980.85
570 7204.3
600 7418.85
630 7625.15
660 7823.73
690 8015.12
720 8199.79
750 8378.16
780 8550.65
810 8717.6
840 8879.32
870 9036.09
900 9188.19
930 9335.87
960 9479.34
990 9618.82
1020 9754.51
1050 9886.57
1080 10015.2
1110 10140.5
1140 10262.7
1170 10381.9
1200 10498.2
1230 10611.7
1260 10722.5
1290 10830.8
1320 10936.6
1350 11040.1
1380 11141.3
1410 11240.3
1440 11337.2
1470 11432.1
1500 11525
1530 11616
1560 11705.1
1590 11792.5
1620 11878.2
1650 11962.2
1680 12044.7
1710 12125.6
1740 12205
1770 12282.9
1800 12359.5
1830 12434.7
1860 12508.6
1860 12508.6
