0 0
30 546.762
60 1093.52
90 1640.29
120 2187.05
150 2733.56
180 3276.94
210 3809.32
240 4322.35
270 4811.03
300 5274.38
330 5713.39
360 6128.88
390 6522.37
420 6895.74
450 7250.65
480 7588.65
510 7911.29
540 8220.04
570 8515.8
600 8799.65
630 9072.44
660 9335.02
690 9588.18
720 9832.56
750 10068.8
780 10297.3
810 10518.6
840 10733.2
870 10941.4
900 11143.8
930 11340.5
960 11532
990 11718.4
1020 11900
1050 12077.1
1080 12249.9
1110 12418.5
1140 12583.2
1170 12744.1
1200 12901.4
1230 13055.1
1260 13205.6
1290 13352.9
1320 13497
1350 13638.3
1380 13776.6
1410 13912.2
1440 14045.1
1470 14175.5
1500 14303.4
1530 14429
1560 14552.2
1590 14673.2
1620 14792.1
1650 14908.8
1680 15023.6
1710 15136.4
1740 15247.3
1770 15356.4
1800 15463.7
1830 15569.2
1860 15673.2
1860 15673.2
