0 0
30 546.762
60 1093.52
90 1640.29
120 2187.05
150 2733.81
180 3280.57
210 3827.33
240 4374.08
270 4920.76
300 5467.17
330 6012.99
360 6557.73
390 7100.78
420 7641.43
450 8178.91
480 8712.4
510 9241.08
540 9764.23
570 10281.2
600 10791.5
630 11294.8
660 11790.8
690 12279.3
720 12760.2
750 13233.3
780 13698.8
810 14156.5
840 14606.6
870 15049.1
900 15484.1
930 15911.8
960 16332.3
990 16745.9
1020 17152.6
1050 17552.7
1080 17946.3
1110 18333.5
1140 18714.5
1170 19089.6
1200 19458.7
1230 19822.2
1260 20180.1
1290 20532.7
1320 20880
1350 21222.1
1380 21559.3
1410 21891.6
1440 22219.2
1470 22542.2
1500 22860.7
1530 23174.9
1560 23484.8
1590 23790.6
1620 24092.3
1650 24390.2
1680 24684.2
1710 24974.5
1740 25261.1
1770 25544.3
1800 25823.9
1830 26100.3
1860 26373.3
1860 26373.3
