0 0
30 546.762
60 1093.52
90 1640.29
120 2187.05
150 2733.81
180 3280.57
210 3827.33
240 4374.1
270 4920.86
300 5467.6
330 6014.3
360 6560.88
390 7107.22
420 7653.08
450 8198.12
480 8741.74
510 9283.16
540 9821.41
570 10355.4
600 10884.3
630 11406.9
660 11922.5
690 12430.6
720 12930.6
750 13422.3
780 13905.4
810 14379.8
840 14845.5
870 15302.6
900 15751.2
930 16191.4
960 16623.4
990 17047.3
1020 17463.5
1050 17872
1080 18273
1110 18666.8
1140 19053.5
1170 19433.3
1200 19806.6
1230 20173.4
1260 20534
1290 20888.5
1320 21237.2
1350 21580.2
1380 21917.6
1410 22249.7
1440 22576.6
1470 22898.4
1500 23215.3
1530 23527.5
1560 23834.9
1590 24137.9
1620 24436.5
1650 24730.8
1680 25020.9
1710 25307
1740 25589.2
1770 25867.4
1800 26142
1830 26412.9
1860 26680.3
1860 26680.3
