0 0
30 953.238
60 1906.48
90 2859.71
120 3812.95
150 4766.19
180 5719.43
210 6672.67
240 7625.99
270 8579.56
300 9533.86
330 10489.9
360 11449
390 12413.2
420 13384
450 14363.1
480 15351.5
510 16350.3
540 17359.9
570 18380.5
600 19412.1
630 20454.8
660 21508.2
690 22572.2
720 23646.5
750 24730.6
780 25824.3
810 26927.2
840 28039.1
870 29159.5
900 30288.2
930 31424.8
960 32569.1
990 33720.7
1020 34879.4
1050 36044.9
1080 37216.8
1110 38395.1
1140 39579.4
1170 40769.5
1200 41965.3
1230 43166.4
1260 44372.9
1290 45584.5
1320 46801
1350 48022.4
1380 49248.3
1410 50478.7
1440 51713.5
1470 52952.5
1500 54195.5
1530 55442.5
1560 56693.3
1590 57947.8
1620 59206
1650 60467.6
1680 61732.6
1710 63000.9
1740 64272.5
1770 65547.2
1800 66824.9
1830 68105.6
1860 69389.1
1860 69389.1
