0 0
30 545.415
60 1075.29
90 1586.26
120 2081.6
150 2564.4
180 3037.03
210 3501.26
240 3958.55
270 4409.76
300 4855.83
330 5297.22
360 5734.18
390 6166.56
420 6593.81
450 7015.12
480 7429.63
510 7836.57
540 8235.36
570 8625.68
600 9007.37
630 9380.29
660 9744.38
690 10099.7
720 10446.4
750 10784.6
780 11114.6
810 11436.7
840 11751.2
870 12058.4
900 12358.6
930 12652
960 12938.9
990 13219.6
1020 13494.3
1050 13763.1
1080 14026.5
1110 14284.5
1140 14537.4
1170 14785.4
1200 15028.6
1230 15267.3
1260 15501.5
1290 15731.3
1320 15957.1
1350 16178.9
1380 16396.8
1410 16610.9
1440 16821.4
1470 17028.5
1500 17232.2
1530 17432.5
1560 17629.7
1590 17823.7
1620 18014.7
1650 18202.8
1680 18388.1
1710 18570.6
1740 18750.5
1770 18927.7
1800 19102.3
1830 19274.5
1860 19444.3
1860 19444.3
