0 0
30 953.238
60 1906.48
90 2859.71
120 3812.95
150 4766.19
180 5719.43
210 6672.67
240 7625.9
270 8579.15
300 9532.47
330 10486.1
360 11440.4
390 12396.4
420 13355.1
450 14317.5
480 15284.9
510 16258
540 17237.6
570 18224.5
600 19219
630 20221.6
660 21232.6
690 22252
720 23279.9
750 24316.3
780 25361.3
810 26414.6
840 27476.3
870 28546.2
900 29624.1
930 30710.1
960 31803.8
990 32905.3
1020 34014.2
1050 35130.5
1080 36253.9
1110 37384.2
1140 38521.4
1170 39665.1
1200 40815.1
1230 41971.4
1260 43133.6
1290 44301.6
1320 45475.4
1350 46654.7
1380 47839.3
1410 49029.2
1440 50224
1470 51423.8
1500 52628.4
1530 53837.5
1560 55051.2
1590 56269.3
1620 57491.6
1650 58718.2
1680 59948.7
1710 61183.3
1740 62421.7
1770 63663.8
1800 64909.6
1830 66158.9
1860 67411.7
1860 67411.7
