0 0
30 546.762
60 1093.52
90 1640.29
120 2187.05
150 2733.81
180 3280.57
210 3827.33
240 4374.1
270 4920.86
300 5467.62
330 6014.38
360 6561.09
390 7107.67
420 7653.89
450 8199.36
480 8743.51
510 9285.59
540 9824.84
570 10360.4
600 10891.3
630 11416.8
660 11936.4
690 12449.4
720 12955.5
750 13454.4
780 13945.8
810 14429.7
840 14905.9
870 15374.4
900 15835.3
930 16288.7
960 16734.5
990 17173
1020 17604.2
1050 18028.4
1080 18445.5
1110 18855.9
1140 19259.6
1170 19656.8
1200 20047.8
1230 20432.5
1260 20811.3
1290 21184.3
1320 21551.6
1350 21913.3
1380 22269.7
1410 22620.7
1440 22966.6
1470 23307.6
1500 23643.6
1530 23974.9
1560 24301.5
1590 24623.6
1620 24941.4
1650 25254.8
1680 25564.1
1710 25869.3
1740 26170.5
1770 26467.8
1800 26761.4
1830 27051.3
1860 27337.6
1860 27337.6
