0 0
30 546.762
60 1093.52
90 1640.29
120 2187.05
150 2733.81
180 3280.57
210 3827.33
240 4374.1
270 4920.86
300 5467.62
330 6014.38
360 6561.14
390 7107.86
420 7654.44
450 8200.65
480 8746.01
510 9289.81
540 9831.16
570 10369.1
600 10902.5
630 11430.6
660 11952.6
690 12467.7
720 12975.4
750 13475.3
780 13967
810 14450.5
840 14925.5
870 15392.3
900 15850.6
930 16300.6
960 16742.4
990 17176.2
1020 17602.2
1050 18020.4
1080 18431.3
1110 18834.8
1140 19231.4
1170 19620.9
1200 20003.8
1230 20380.2
1260 20750.2
1290 21114.1
1320 21472
1350 21824
1380 22170.4
1410 22511.3
1440 22846.9
1470 23177.3
1500 23502.7
1530 23823.3
1560 24139
1590 24450
1620 24756.6
1650 25058.7
1680 25356.6
1710 25650.3
1740 25940.1
1770 26225.8
1800 26507.7
1830 26785.9
1860 27060.4
1860 27060.4
