0 0
30 953.238
60 1908.2
90 2875.45
120 3861.84
150 4868.96
180 5894.84
210 6936.79
240 7992.47
270 9059.77
300 10137.2
330 11223.6
360 12317.9
390 13419
420 14526.3
450 15639.1
480 16756.9
510 17879.4
540 19006.3
570 20137.8
600 21273.6
630 22414
660 23559
690 24708.7
720 25863.2
750 27022.6
780 28187
810 29356.4
840 30530.7
870 31709.9
900 32894
930 34083
960 35276.9
990 36475.5
1020 37678.8
1050 38886.6
1080 40098.8
1110 41315.5
1140 42536.3
1170 43761.3
1200 44990.4
1230 46223.4
1260 47460.3
1290 48700.9
1320 49945.1
1350 51192.9
1380 52444.1
1410 53698.8
1440 54956.8
1470 56218
1500 57482.3
1530 58749.6
1560 60019.9
1590 61293.1
1620 62569.1
1650 63847.9
1680 65129.4
1710 66413.5
1740 67700.2
1770 68989.3
1800 70280.9
1830 71574.9
1860 72871.2
1860 72871.2
