0 0
30 953.238
60 1906.48
90 2859.71
120 3812.95
150 4766.19
180 5719.43
210 6672.67
240 7625.9
270 8579.15
300 9532.41
330 10485.8
360 11439.6
390 12394.5
420 13351.5
450 14311.8
480 15276.7
510 16247.4
540 17224.9
570 18210
600 19203.3
630 20205
660 21215.5
690 22234.8
720 23262.9
750 24299.8
780 25345.3
810 26399.2
840 27461.5
870 28532.2
900 29610.9
930 30697.4
960 31791.5
990 32893.2
1020 34002.1
1050 35118.1
1080 36240.9
1110 37370.4
1140 38506.4
1170 39648.8
1200 40797.3
1230 41951.8
1260 43112.1
1290 44278
1320 45449.5
1350 46626.2
1380 47808.1
1410 48994.9
1440 50186.7
1470 51383.1
1500 52584.2
1530 53789.8
1560 54999.8
1590 56214
1620 57432.3
1650 58654.7
1680 59880.9
1710 61111
1740 62344.8
1770 63582.2
1800 64823.1
1830 66067.4
1860 67315.1
1860 67315.1
