0 0
30 953.238
60 1906.48
90 2859.71
120 3812.95
150 4766.19
180 5719.43
210 6672.67
240 7625.9
270 8579.15
300 9532.42
330 10485.9
360 11440
390 12395.4
420 13353.5
450 14315.5
480 15282.8
510 16256.8
540 17238.3
570 18228.2
600 19227.3
630 20235.7
660 21253.8
690 22281.6
720 23319
750 24366.1
780 25422.3
810 26487.7
840 27561.9
870 28644.8
900 29736
930 30835.2
960 31942.2
990 33056.7
1020 34178.5
1050 35307.5
1080 36443.2
1110 37585.6
1140 38734.4
1170 39889.4
1200 41050.3
1230 42217.1
1260 43389.5
1290 44567.3
1320 45750.4
1350 46938.7
1380 48132
1410 49330.1
1440 50532.9
1470 51740.2
1500 52951.9
1530 54167.9
1560 55388.1
1590 56612.3
1620 57840.6
1650 59072.6
1680 60308.4
1710 61547.9
1740 62790.9
1770 64037.4
1800 65287.2
1830 66540.4
1860 67796.7
1860 67796.7
