0 0
30 953.238
60 1906.48
90 2859.71
120 3812.95
150 4766.19
180 5719.43
210 6672.67
240 7625.9
270 8579.15
300 9532.41
330 10485.8
360 11439.7
390 12394.8
420 13352.2
450 14313.1
480 15278.8
510 16250.6
540 17229.4
570 18216.2
600 19211.4
630 20215.6
660 21228.9
690 22251.4
720 23283.3
750 24324.4
780 25374.6
810 26433.6
840 27501.3
870 28577.6
900 29662
930 30754.4
960 31854.6
990 32962.3
1020 34077.3
1050 35199.3
1080 36328.1
1110 37463.6
1140 38605.3
1170 39753.3
1200 40907.3
1230 42067.1
1260 43232.5
1290 44403.5
1320 45579.7
1350 46761.1
1380 47947.5
1410 49138.8
1440 50334.8
1470 51535.3
1500 52740.2
1530 53949.4
1560 55162.8
1590 56380.2
1620 57601.6
1650 58826.8
1680 60055.8
1710 61288.5
1740 62524.7
1770 63764.4
1800 65007.5
1830 66253.9
1860 67503.5
1860 67503.5
