0 0
30 546.762
60 1093.52
90 1640.29
120 2187.05
150 2733.81
180 3280.57
210 3827.33
240 4374.1
270 4920.83
300 5467.36
330 6013.1
360 6556.85
390 7096.87
420 7631.28
450 8158.36
480 8676.86
510 9185.72
540 9684.42
570 10172.7
600 10650.5
630 11117.7
660 11574.6
690 12021.3
720 12458.2
750 12885.6
780 13303.6
810 13712.5
840 14112.7
870 14504.4
900 14887.9
930 15263.5
960 15631.3
990 15991.7
1020 16345
1050 16691.4
1080 17031.2
1110 17364.5
1140 17691.7
1170 18012.9
1200 18328.3
1230 18638.1
1260 18942.6
1290 19241.8
1320 19536
1350 19825.3
1380 20109.9
1410 20389.9
1440 20665.4
1470 20936.6
1500 21203.6
1530 21466.5
1560 21725.5
1590 21980.6
1620 22231.9
1650 22479.6
1680 22723.9
1710 22964.6
1740 23202.1
1770 23436.3
1800 23667.4
1830 23895.3
1860 24120.3
1860 24120.3
