0 0
30 953.238
60 1906.48
90 2859.71
120 3812.95
150 4766.19
180 5719.43
210 6672.7
240 7626.3
270 8581.21
300 9539.19
330 10502.2
360 11472
390 12449.7
420 13436
450 14431.6
480 15436.6
510 16451.3
540 17475.7
570 18509.7
600 19553.4
630 20606.6
660 21669.1
690 22740.8
720 23821.4
750 24910.6
780 26008.2
810 27113.9
840 28227.4
870 29348.5
900 30476.8
930 31612.2
960 32754.4
990 33903.3
1020 35058.5
1050 36220.1
1080 37387.7
1110 38561.3
1140 39740.6
1170 40925.4
1200 42115.7
1230 43311.3
1260 44511.9
1290 45717.5
1320 46928
1350 48143.1
1380 49362.8
1410 50586.9
1440 51815.4
1470 53048
1500 54284.7
1530 55525.5
1560 56770.1
1590 58018.4
1620 59270.5
1650 60526.1
1680 61785.2
1710 63047.7
1740 64313.5
1770 65582.4
1800 66854.6
1830 68129.8
1860 69408
1860 69408
