0 0
30 546.762
60 1093.52
90 1640.29
120 2187.05
150 2733.76
180 3280.18
210 3825.9
240 4370.16
270 4911.19
300 5445.68
330 5969.84
360 6480.67
390 6976.44
420 7456.32
450 7919.96
480 8367.71
510 8800.17
540 9217.99
570 9621.81
600 10012.3
630 10390.3
660 10756.3
690 11111
720 11455
750 11789.1
780 12113.5
810 12429
840 12736
870 13034.8
900 13326.1
930 13610
960 13886.9
990 14157.2
1020 14421
1050 14678.8
1080 14930.7
1110 15177.1
1140 15418.1
1170 15654
1200 15885
1230 16111.3
1260 16332.9
1290 16550.2
1320 16763.3
1350 16972.2
1380 17177.1
1410 17378.3
1440 17575.7
1470 17769.7
1500 17960.2
1530 18147.4
1560 18331.4
1590 18512.3
1620 18690.2
1650 18865.1
1680 19037.3
1710 19206.7
1740 19373.5
1770 19537.7
1800 19699.4
1830 19858.7
1860 20015.6
1860 20015.6
