0 0
30 953.238
60 1906.48
90 2859.84
120 3815.68
150 4782.52
180 5770.66
210 6785.68
240 7829.01
270 8899.47
300 9994.59
330 11111.9
360 12249.6
390 13405.3
420 14577.2
450 15764
480 16964.3
510 18177.2
540 19401.6
570 20636.6
600 21881.6
630 23135.7
660 24398.4
690 25669.1
720 26947.4
750 28232.9
780 29525.2
810 30823.7
840 32128.2
870 33438.5
900 34754.1
930 36074.9
960 37400.5
990 38730.8
1020 40065.5
1050 41404.5
1080 42747.5
1110 44094.4
1140 45445
1170 46799.1
1200 48156.6
1230 49517.5
1260 50881.4
1290 52248.4
1320 53618.4
1350 54991.1
1380 56366.5
1410 57744.5
1440 59125
1470 60507.9
1500 61893.1
1530 63280.5
1560 64670.2
1590 66061.9
1620 67455.7
1650 68851.5
1680 70249.2
1710 71648.7
1740 73050
1770 74453
1800 75857.7
1830 77264
1860 78671.9
1860 78671.9
