0 0
30 546.72
60 1087.98
90 1614.45
120 2126.6
150 2627.42
180 3119.44
210 3605
240 4085.25
270 4560.11
300 5029.12
330 5490.63
360 5942.6
390 6383.26
420 6811.37
450 7226.38
480 7628.09
510 8016.57
540 8392.24
570 8755.59
600 9107.16
630 9447.51
660 9777.24
690 10096.9
720 10406.9
750 10707.8
780 11000.1
810 11284.2
840 11560.6
870 11829.6
900 12091.6
930 12346.9
960 12595.8
990 12838.5
1020 13075.3
1050 13306.4
1080 13532.2
1110 13752.8
1140 13968.5
1170 14179.4
1200 14385.8
1230 14587.9
1260 14785.8
1290 14979.7
1320 15169.8
1350 15356.1
1380 15538.9
1410 15718.2
1440 15894.2
1470 16067
1500 16236.6
1530 16403.3
1560 16567.2
1590 16728.2
1620 16886.5
1650 17042.2
1680 17195.3
1710 17346
1740 17494.2
1770 17640.1
1800 17783.8
1830 17925.2
1860 18064.6
1860 18064.6
