0 0
30 546.762
60 1093.52
90 1640.29
120 2187.05
150 2733.81
180 3280.57
210 3827.32
240 4373.93
270 4919.88
300 5463.98
330 6004.43
360 6539.27
390 7066.49
420 7584.67
450 8092.83
480 8590.46
510 9077.33
540 9553.38
570 10018.7
600 10473.7
630 10918.6
660 11353.8
690 11779.5
720 12196.2
750 12604.2
780 13003.8
810 13395.4
840 13779.2
870 14155.4
900 14524.5
930 14886.5
960 15241.6
990 15590
1020 15931.8
1050 16267.3
1080 16596.5
1110 16919.7
1140 17237
1170 17548.7
1200 17854.8
1230 18155.6
1260 18451.2
1290 18741.7
1320 19027.3
1350 19308.2
1380 19584.4
1410 19856.1
1440 20123.5
1470 20386.6
1500 20645.5
1530 20900.4
1560 21151.4
1590 21398.6
1620 21642.1
1650 21882
1680 22118.3
1710 22351.3
1740 22581
1770 22807.3
1800 23030.5
1830 23250.6
1860 23467.6
1860 23467.6
