0 0
30 546.762
60 1093.52
90 1640.21
120 2184.83
150 2719.85
180 3236.56
210 3730.55
240 4200.77
270 4648.24
300 5074.04
330 5479.75
360 5866.92
390 6236.98
420 6591.26
450 6930.78
480 7256.51
510 7569.37
540 7870.24
570 8159.86
600 8439.01
630 8708.28
660 8968.23
690 9219.3
720 9462.07
750 9697.12
780 9924.93
810 10146.1
840 10361
870 10569.8
900 10772.8
930 10970.3
960 11162.6
990 11349.9
1020 11532.3
1050 11710
1080 11883.4
1110 12052.4
1140 12217.4
1170 12378.4
1200 12535.6
1230 12689.2
1260 12839.4
1290 12986.3
1320 13129.9
1350 13270.4
1380 13407.9
1410 13542.6
1440 13674.5
1470 13803.7
1500 13930.3
1530 14054.3
1560 14175.9
1590 14295.2
1620 14412.2
1650 14527
1680 14639.7
1710 14750.3
1740 14858.9
1770 14965.5
1800 15070.3
1830 15173.2
1860 15274.4
1860 15274.4
