0 0
30 954.423
60 1922.48
90 2907.07
120 3905.15
150 4913.78
180 5930.83
210 6954.81
240 7984.82
270 9019.84
300 10059.4
330 11103.9
360 12154.3
390 13212.3
420 14279.2
450 15356.3
480 16444.3
510 17543.6
540 18654.2
570 19776.1
600 20908.8
630 22052.2
660 23205.8
690 24369.1
720 25541.7
750 26723.1
780 27913.1
810 29111.1
840 30317
870 31530.4
900 32750.9
930 33978.3
960 35212.2
990 36452.4
1020 37698.5
1050 38950.3
1080 40207.6
1110 41470.2
1140 42737.6
1170 44010
1200 45286.9
1230 46568.3
1260 47854.1
1290 49143.9
1320 50437.8
1350 51735.6
1380 53037
1410 54342.1
1440 55650.6
1470 56962.4
1500 58277.6
1530 59595.8
1560 60917.2
1590 62241.4
1620 63568.5
1650 64898.4
1680 66231
1710 67566.1
1740 68903.8
1770 70244
1800 71586.6
1830 72931.5
1860 74278.7
1860 74278.7
