0 0
30 546.762
60 1093.52
90 1640.29
120 2187.05
150 2733.81
180 3280.51
210 3826.79
240 4371.52
270 4912.71
300 5447.83
330 5974.58
360 6491.3
390 6996.89
420 7490.73
450 7972.61
480 8442.63
510 8900.93
540 9347.72
570 9783.4
600 10208.2
630 10622.4
660 11026.2
690 11419.9
720 11804
750 12178.7
780 12544.3
810 12901.1
840 13249.4
870 13589.5
900 13921.7
930 14246.2
960 14563.3
990 14873.4
1020 15176.7
1050 15473.4
1080 15763.8
1110 16048
1140 16326.3
1170 16599
1200 16866.2
1230 17128.1
1260 17384.9
1290 17636.8
1320 17883.9
1350 18126.5
1380 18364.6
1410 18598.4
1440 18828
1470 19053.6
1500 19275.4
1530 19493.3
1560 19707.7
1590 19918.5
1620 20125.8
1650 20329.8
1680 20530.6
1710 20728.2
1740 20922.7
1770 21114.2
1800 21302.8
1830 21488.6
1860 21671.6
1860 21671.6
