0 0
30 953.238
60 1906.48
90 2859.71
120 3812.95
150 4766.19
180 5719.44
210 6672.73
240 7626.19
270 8580.04
300 9534.82
330 10491.5
360 11451.5
390 12416.6
420 13388.6
450 14369.1
480 15359.3
510 16360.4
540 17372.7
570 18396.6
600 19432
630 20479
660 21537.3
690 22606.4
720 23686.2
750 24776.2
780 25876.1
810 26985.4
840 28103.8
870 29231
900 30366.7
930 31510.4
960 32661.9
990 33820.9
1020 34987.1
1050 36160.3
1080 37340
1110 38526.2
1140 39718.5
1170 40916.7
1200 42120.5
1230 43329.8
1260 44544.4
1290 45764.1
1320 46988.7
1350 48218.1
1380 49452.1
1410 50690.5
1440 51933.2
1470 53180.2
1500 54431
1530 55685.9
1560 56944.5
1590 58206.8
1620 59472.7
1650 60742
1680 62014.7
1710 63290.7
1740 64569.9
1770 65852.2
1800 67137.5
1830 68425.7
1860 69716.8
1860 69716.8
