0 0
30 953.238
60 1906.48
90 2859.71
120 3812.95
150 4766.19
180 5719.43
210 6672.67
240 7625.92
270 8579.34
300 9533.57
330 10490.2
360 11451.5
390 12420.1
420 13398
450 14386.6
480 15386.8
510 16399
540 17423.3
570 18459.8
600 19508
630 20567.6
660 21638
690 22718.8
720 23809.7
750 24910.3
780 26020.1
810 27138.7
840 28265.6
870 29400.4
900 30543
930 31692.9
960 32850
990 34013.7
1020 35184.1
1050 36360.6
1080 37543.2
1110 38731.7
1140 39925.7
1170 41125.2
1200 42329.9
1230 43539.7
1260 44754.5
1290 45974
1320 47198
1350 48426.6
1380 49659.4
1410 50896.4
1440 52137.4
1470 53382.4
1500 54631.2
1530 55883.7
1560 57139.7
1590 58399.3
1620 59662.2
1650 60928.5
1680 62197.9
1710 63470.5
1740 64746.2
1770 66024.9
1800 67306.4
1830 68590.8
1860 69877.9
1860 69877.9
