0 0
30 546.762
60 1093.52
90 1640.29
120 2187.05
150 2733.81
180 3280.57
210 3827.33
240 4374.1
270 4920.86
300 5467.61
330 6014.31
360 6560.74
390 7106.33
420 7650.02
450 8190.36
480 8725.73
510 9254.66
540 9775.88
570 10288.5
600 10791.8
630 11285.6
660 11769.5
690 12243.6
720 12707.9
750 13162.7
780 13608
810 14044.3
840 14471.8
870 14890.6
900 15301
930 15703.4
960 16097.8
990 16484.7
1020 16864.2
1050 17236.4
1080 17601.7
1110 17960.4
1140 18312.6
1170 18658.5
1200 18998.5
1230 19332.7
1260 19661.2
1290 19984.1
1320 20301.8
1350 20614.3
1380 20921.7
1410 21224.4
1440 21522.3
1470 21815.7
1500 22104.6
1530 22389.1
1560 22669.4
1590 22945.7
1620 23217.9
1650 23486.3
1680 23750.9
1710 24011.7
1740 24269.1
1770 24522.9
1800 24773.4
1830 25020.5
1860 25264.4
1860 25264.4
