0 0
30 546.762
60 1093.52
90 1640.29
120 2187.05
150 2733.81
180 3280.57
210 3827.33
240 4374.09
270 4920.77
300 5467.05
330 6012.02
360 6554.19
390 7091.83
420 7623.36
450 8147.71
480 8663.95
510 9171.66
540 9670.63
570 10160.8
600 10642
630 11114.4
660 11578.1
690 12032.9
720 12479.1
750 12916.8
780 13346.1
810 13767.2
840 14180.2
870 14585.3
900 14982.8
930 15372.7
960 15755.4
990 16131
1020 16499.7
1050 16861.8
1080 17217.4
1110 17566.8
1140 17910.1
1170 18247.5
1200 18579.2
1230 18905.4
1260 19226.1
1290 19541.7
1320 19852.1
1350 20157.7
1380 20458.5
1410 20754.6
1440 21046.2
1470 21333.5
1500 21616.5
1530 21895.4
1560 22170.3
1590 22441.3
1620 22708.5
1650 22972.1
1680 23232.1
1710 23488.5
1740 23741.6
1770 23991.4
1800 24238
1830 24481.4
1860 24721.7
1860 24721.7
