0 0
30 953.238
60 1906.48
90 2859.71
120 3813.07
150 4767.42
180 5724.75
210 6687.34
240 7656.95
270 8634.74
300 9621.69
330 10619
360 11627.9
390 12649.5
420 13684.6
450 14733.1
480 15795.3
510 16870.7
540 17959
570 19059.6
600 20171.9
630 21295.4
660 22429.6
690 23573.9
720 24727.8
750 25890.8
780 27062.5
810 28242.5
840 29430.3
870 30625.6
900 31828
930 33037.1
960 34252.7
990 35474.5
1020 36702.3
1050 37935.7
1080 39174.5
1110 40418.5
1140 41667.5
1170 42921.2
1200 44179.6
1230 45442.4
1260 46709.5
1290 47980.8
1320 49256
1350 50535.1
1380 51817.8
1410 53104.2
1440 54393.9
1470 55687.1
1500 56983.5
1530 58283
1560 59585.5
1590 60891
1620 62199.4
1650 63510.6
1680 64824.5
1710 66141.1
1740 67460.2
1770 68781.9
1800 70105.9
1830 71432.3
1860 72761
1860 72761
