0 0
30 546.762
60 1093.52
90 1640.29
120 2187.05
150 2733.81
180 3280.57
210 3827.33
240 4374.1
270 4920.86
300 5467.62
330 6014.38
360 6561.14
390 7107.85
420 7654.4
450 8200.55
480 8745.81
510 9289.48
540 9830.7
570 10368.5
600 10902
630 11430.3
660 11952.7
690 12468.7
720 12978
750 13480.3
780 13975.2
810 14462.7
840 14942.6
870 15415
900 15879.8
930 16337.2
960 16787.1
990 17229.8
1020 17665.3
1050 18093.9
1080 18515.6
1110 18930.5
1140 19338.9
1170 19740.9
1200 20136.6
1230 20526.2
1260 20909.8
1290 21287.6
1320 21659.8
1350 22026.5
1380 22387.8
1410 22743.9
1440 23095
1470 23441.1
1500 23782.3
1530 24118.8
1560 24450.7
1590 24778.1
1620 25101
1650 25419.7
1680 25734.2
1710 26044.6
1740 26350.9
1770 26653.3
1800 26951.9
1830 27246.9
1860 27538.3
1860 27538.3
