0 0
30 953.238
60 1906.48
90 2859.71
120 3812.95
150 4766.19
180 5719.43
210 6672.67
240 7625.91
270 8579.21
300 9532.9
330 10487.9
360 11446
390 12409.3
420 13380.4
450 14361
480 15352.6
510 16356.1
540 17372
570 18400.2
600 19440.8
630 20493.3
660 21557.3
690 22632.4
720 23718
750 24813.7
780 25919
810 27033.5
840 28156.7
870 29288.1
900 30427.5
930 31574.4
960 32728.4
990 33889.4
1020 35056.8
1050 36230.6
1080 37410.4
1110 38596.1
1140 39787.3
1170 40983.9
1200 42185.7
1230 43392.4
1260 44603.9
1290 45820.1
1320 47040.8
1350 48265.8
1380 49495
1410 50728.4
1440 51965.8
1470 53207
1500 54451.9
1530 55700.5
1560 56952.6
1590 58208.2
1620 59467.1
1650 60729.3
1680 61994.7
1710 63263.2
1740 64534.8
1770 65809.3
1800 67086.8
1830 68367
1860 69650.1
1860 69650.1
