0 0
30 546.762
60 1093.52
90 1640.29
120 2187.05
150 2733.81
180 3280.51
210 3826.6
240 4370.41
270 4909.32
300 5440.64
330 5962.29
360 6472.9
390 6971.63
420 7458
450 7932.07
480 8394.11
510 8844.41
540 9283.26
570 9711.07
600 10128.3
630 10535.2
660 10932.1
690 11319.3
720 11697.4
750 12066.5
780 12427.2
810 12779.6
840 13124.1
870 13460.9
900 13790.3
930 14112.4
960 14427.5
990 14735.8
1020 15037.6
1050 15333.2
1080 15622.7
1110 15906.3
1140 16184.2
1170 16456.7
1200 16724
1230 16986.2
1260 17243.4
1290 17495.9
1320 17743.8
1350 17987.2
1380 18226.4
1410 18461.4
1440 18692.4
1470 18919.4
1500 19142.7
1530 19362.3
1560 19578.4
1590 19791
1620 20000.2
1650 20206.2
1680 20409
1710 20608.7
1740 20805.4
1770 20999.3
1800 21190.2
1830 21378.4
1860 21563.9
1860 21563.9
