0 0
30 546.762
60 1093.52
90 1640.29
120 2187.05
150 2733.81
180 3280.57
210 3827.33
240 4374.03
270 4920.27
300 5464.7
330 6004.86
360 6537.89
390 7061.31
420 7573.35
450 8073.05
480 8560.07
510 9034.21
540 9495.66
570 9944.84
600 10382.2
630 10808.3
660 11223.6
690 11628.6
720 12023.7
750 12409.4
780 12786.1
810 13154.2
840 13514
870 13866
900 14210.5
930 14547.8
960 14878.2
990 15202
1020 15519.3
1050 15830.5
1080 16135.7
1110 16435.3
1140 16729.3
1170 17018.1
1200 17301.8
1230 17580.5
1260 17854.6
1290 18124.1
1320 18389.3
1350 18650.3
1380 18907.1
1410 19160
1440 19409.1
1470 19654.4
1500 19896.1
1530 20134.3
1560 20369.1
1590 20600.5
1620 20828.8
1650 21053.9
1680 21275.9
1710 21495
1740 21711.2
1770 21924.5
1800 22135.2
1830 22343.2
1860 22548.5
1860 22548.5
