0 0
30 546.762
60 1093.52
90 1640.29
120 2187.05
150 2733.81
180 3280.49
210 3826.5
240 4370.23
270 4909.22
300 5440.77
330 5962.51
360 6472.82
390 6970.67
420 7455.37
450 7926.73
480 8384.96
510 8830.47
540 9263.65
570 9684.99
600 10094.9
630 10493.9
660 10882.5
690 11261.2
720 11630.6
750 11991.1
780 12343.1
810 12687
840 13023.2
870 13352
900 13673.9
930 13988.9
960 14297.5
990 14599.8
1020 14896.2
1050 15187.1
1080 15472.4
1110 15752.4
1140 16027.3
1170 16297.4
1200 16562.9
1230 16823.8
1260 17080.4
1290 17332.8
1320 17581.1
1350 17825.5
1380 18066.2
1410 18303.2
1440 18536.7
1470 18766.8
1500 18993.5
1530 19217.1
1560 19437.5
1590 19654.9
1620 19869.4
1650 20081
1680 20289.9
1710 20496
1740 20699.5
1770 20900.4
1800 21098.9
1830 21294.8
1860 21488.4
1860 21488.4
