0 0
30 953.238
60 1906.48
90 2859.71
120 3812.95
150 4766.19
180 5719.43
210 6672.67
240 7625.9
270 8579.15
300 9532.42
330 10485.9
360 11440.3
390 12396.9
420 13357.5
450 14323.7
480 15297.2
510 16278.9
540 17269.5
570 18269.3
600 19278.4
630 20296.8
660 21324.3
690 22360.9
720 23406.3
750 24460.5
780 25523.1
810 26594.1
840 27673.4
870 28760.7
900 29855.8
930 30958.5
960 32068.6
990 33185.9
1020 34310.2
1050 35441.3
1080 36579
1110 37723.2
1140 38873.6
1170 40030
1200 41192.4
1230 42360.4
1260 43534
1290 44713
1320 45897.2
1350 47086.5
1380 48280.8
1410 49479.8
1440 50683.6
1470 51891.8
1500 53104.4
1530 54321.3
1560 55542.4
1590 56767.5
1620 57996.6
1650 59229.5
1680 60466.1
1710 61706.3
1740 62950.1
1770 64197.3
1800 65447.8
1830 66701.6
1860 67958.5
1860 67958.5
