0 0
30 546.762
60 1093.52
90 1640.29
120 2187.05
150 2733.81
180 3280.57
210 3827.33
240 4374.1
270 4920.85
300 5467.49
330 6013.58
360 6558.06
390 7099.23
420 7635.19
450 8164.31
480 8685.41
510 9197.77
540 9700.98
570 10194.9
600 10679.5
630 11155.1
660 11621.8
690 12079.7
720 12529
750 12969.9
780 13402.6
810 13827.4
840 14244.3
870 14653.4
900 15055.1
930 15449.5
960 15836.8
990 16217.2
1020 16590.7
1050 16957.6
1080 17318.1
1110 17672.4
1140 18020.5
1170 18362.8
1200 18699.2
1230 19030.1
1260 19355.6
1290 19675.7
1320 19990.8
1350 20300.9
1380 20606
1410 20906.5
1440 21202.3
1470 21493.7
1500 21780.6
1530 22063.4
1560 22341.9
1590 22616.5
1620 22887.1
1650 23154
1680 23417.1
1710 23676.7
1740 23932.7
1770 24185.4
1800 24434.7
1830 24680.7
1860 24923.6
1860 24923.6
