0 0
30 546.762
60 1093.52
90 1640.29
120 2187.05
150 2733.81
180 3280.57
210 3827.33
240 4374.08
270 4920.77
300 5467.29
330 6013.48
360 6559
390 7103.26
420 7645.37
450 8184.12
480 8718.13
510 9246.11
540 9766.92
570 10279.7
600 10784
630 11279.2
660 11765.2
690 12241.7
720 12708.8
750 13166.5
780 13614.7
810 14053.7
840 14483.8
870 14905.1
900 15318.1
930 15722.8
960 16119.5
990 16508.5
1020 16889.9
1050 17264.1
1080 17631.2
1110 17991.7
1140 18345.5
1170 18693.1
1200 19034.5
1230 19370.1
1260 19699.9
1290 20024.2
1320 20343
1350 20656.6
1380 20965.2
1410 21268.8
1440 21567.7
1470 21862.1
1500 22151.9
1530 22437.4
1560 22718.6
1590 22995.8
1620 23268.9
1650 23538.1
1680 23803.5
1710 24065.1
1740 24323.2
1770 24577.7
1800 24828.8
1830 25076.6
1860 25321.1
1860 25321.1
