0 0
30 546.762
60 1093.52
90 1640.29
120 2187.05
150 2733.81
180 3280.53
210 3826.69
240 4370.43
270 4908.53
300 5437.75
330 5955.78
360 6461.35
390 6953.9
420 7433.37
450 7900.11
480 8354.48
510 8797
540 9228.19
570 9648.49
600 10058.3
630 10458
660 10847.8
690 11228.2
720 11599.4
750 11961.6
780 12315.1
810 12660.1
840 12997
870 13326
900 13647.3
930 13961.3
960 14268.4
990 14568.8
1020 14862.7
1050 15150.3
1080 15431.8
1110 15707.4
1140 15977.4
1170 16242
1200 16501.3
1230 16755.6
1260 17005
1290 17249.7
1320 17489.9
1350 17725.6
1380 17957.1
1410 18184.4
1440 18407.8
1470 18627.2
1500 18842.9
1530 19054.9
1560 19263.4
1590 19468.4
1620 19670.1
1650 19868.6
1680 20063.9
1710 20256.2
1740 20445.5
1770 20631.9
1800 20815.5
1830 20996.4
1860 21174.7
1860 21174.7
