0 0
30 953.238
60 1906.48
90 2859.71
120 3812.95
150 4766.19
180 5719.43
210 6672.67
240 7625.9
270 8579.14
300 9532.39
330 10485.7
360 11439.2
390 12393.4
420 13348.9
450 14306.7
480 15267.9
510 16233.8
540 17205.4
570 18183.7
600 19169.6
630 20163.5
660 21166
690 22177.1
720 23197.1
750 24225.9
780 25263.5
810 26309.6
840 27364.2
870 28426.9
900 29497.7
930 30576.3
960 31662.6
990 32756.4
1020 33857.4
1050 34965.4
1080 36080.1
1110 37201.5
1140 38329.2
1170 39463.2
1200 40603.1
1230 41749
1260 42900.6
1290 44057.7
1320 45220.2
1350 46388
1380 47560.8
1410 48738.5
1440 49921.1
1470 51108.3
1500 52300.1
1530 53496.3
1560 54696.8
1590 55901.5
1620 57110.2
1650 58322.8
1680 59539.3
1710 60759.6
1740 61983.6
1770 63211.2
1800 64442.3
1830 65676.8
1860 66914.7
1860 66914.7
