0 0
30 953.238
60 1906.48
90 2859.73
120 3813.29
150 4767.81
180 5723.92
210 6682.16
240 7643.51
270 8610.16
300 9585.34
330 10572.3
360 11573.2
390 12589.7
420 13622.2
450 14671.1
480 15735.8
510 16815.8
540 17910.3
570 19018.7
600 20140.1
630 21273.9
660 22419.4
690 23575.9
720 24742.9
750 25920
780 27106.4
810 28301.7
840 29505.3
870 30717
900 31936.2
930 33162.6
960 34395.9
990 35635.6
1020 36881.5
1050 38133.4
1080 39390.9
1110 40653.8
1140 41921.8
1170 43194.8
1200 44472.5
1230 45754.8
1260 47041.4
1290 48332.3
1320 49627.2
1350 50926
1380 52228.5
1410 53534.6
1440 54844.2
1470 56157.1
1500 57473.4
1530 58792.8
1560 60115.2
1590 61440.5
1620 62768.7
1650 64099.6
1680 65433.3
1710 66769.6
1740 68108.3
1770 69449.6
1800 70793.2
1830 72139.1
1860 73487.2
1860 73487.2
