0 0
30 953.238
60 1906.48
90 2859.71
120 3812.95
150 4766.19
180 5719.43
210 6672.67
240 7625.91
270 8579.23
300 9533.04
330 10488.4
360 11447.2
390 12411.4
420 13383.1
450 14363.7
480 15354.2
510 16355.3
540 17367.2
570 18390
600 19423.8
630 20468.3
660 21523.3
690 22588.6
720 23663.8
750 24748.7
780 25842.9
810 26946.1
840 28058
870 29178.3
900 30306.7
930 31442.7
960 32586.2
990 33736.8
1020 34894.3
1050 36058.4
1080 37228.8
1110 38405.3
1140 39587.8
1170 40776.1
1200 41969.8
1230 43168.9
1260 44373.1
1290 45582.3
1320 46796.2
1350 48014.7
1380 49237.7
1410 50465.1
1440 51696.7
1470 52932.4
1500 54172.1
1530 55415.6
1560 56662.8
1590 57913.6
1620 59168
1650 60425.8
1680 61686.9
1710 62951.3
1740 64218.8
1770 65489.4
1800 66763
1830 68039.5
1860 69318.7
1860 69318.7
