0 0
30 953.238
60 1906.48
90 2859.71
120 3812.95
150 4766.19
180 5719.43
210 6672.67
240 7625.9
270 8579.16
300 9532.51
330 10486.1
360 11440.3
390 12395.6
420 13352.8
450 14313
480 15277.4
510 16247.3
540 17223.8
570 18207.9
600 19200.6
630 20202.2
660 21213.3
690 22233.9
720 23264.1
750 24303.8
780 25352.8
810 26410.9
840 27477.9
870 28553.6
900 29637.7
930 30730
960 31830.1
990 32937.8
1020 34052.9
1050 35175.1
1080 36304.1
1110 37439.8
1140 38582
1170 39730.3
1200 40884.5
1230 42044.6
1260 43210.3
1290 44381.4
1320 45557.8
1350 46739.3
1380 47925.6
1410 49116.7
1440 50312.4
1470 51512.5
1500 52717.1
1530 53925.9
1560 55138.8
1590 56355.8
1620 57576.7
1650 58801.4
1680 60029.8
1710 61261.7
1740 62497.1
1770 63736
1800 64978.2
1830 66223.6
1860 67472.1
1860 67472.1
