0 0
30 546.762
60 1093.52
90 1640.29
120 2187.05
150 2733.81
180 3280.57
210 3827.33
240 4374.1
270 4920.86
300 5467.62
330 6014.38
360 6561.14
390 7107.83
420 7654.32
450 8200.23
480 8744.91
510 9287.4
540 9826.58
570 10361.3
600 10890.4
630 11413.1
660 11928.6
690 12436.3
720 12936
750 13427.3
780 13910
810 14384.1
840 14849.7
870 15306.8
900 15755.6
930 16196
960 16628.4
990 17052.8
1020 17469.4
1050 17878.6
1080 18280.4
1110 18675
1140 19062.6
1170 19443.4
1200 19817.6
1230 20185.4
1260 20547
1290 20902.6
1320 21252.3
1350 21596.4
1380 21935
1410 22268.2
1440 22596.2
1470 22919.2
1500 23237.2
1530 23550.5
1560 23859.1
1590 24163.3
1620 24463.1
1650 24758.7
1680 25050.1
1710 25337.5
1740 25621
1770 25900.7
1800 26176.6
1830 26448.9
1860 26717.6
1860 26717.6
