0 0
30 953.238
60 1906.48
90 2859.71
120 3812.95
150 4766.19
180 5719.43
210 6672.67
240 7625.9
270 8579.14
300 9532.38
330 10485.6
360 11439
390 12392.5
420 13346.7
450 14302.2
480 15260
510 16221.1
540 17186.7
570 18157.8
600 19135.2
630 20119.8
660 21111.8
690 22112
720 23120.4
750 24137.3
780 25162.8
810 26196.6
840 27238.9
870 28289.3
900 29347.9
930 30414.5
960 31488.8
990 32570.8
1020 33660.3
1050 34756.9
1080 35860.6
1110 36971.1
1140 38088.2
1170 39211.7
1200 40341.5
1230 41477.3
1260 42619.1
1290 43766.7
1320 44919.8
1350 46078.4
1380 47242.2
1410 48411.2
1440 49585.2
1470 50764
1500 51947.5
1530 53135.6
1560 54328.1
1590 55524.9
1620 56725.9
1650 57931
1680 59140.1
1710 60353.1
1740 61569.9
1770 62790.3
1800 64014.4
1830 65242.1
1860 66473.1
1860 66473.1
