0 0
30 953.238
60 1906.48
90 2859.71
120 3812.95
150 4766.28
180 5720.04
210 6674.86
240 7631.55
270 8590.93
300 9553.73
330 10520.5
360 11491.6
390 12467.6
420 13449
450 14436.6
480 15431.6
510 16434.9
540 17447.2
570 18469.4
600 19501.5
630 20544
660 21596.8
690 22660.1
720 23733.7
750 24817.2
780 25910.4
810 27013
840 28124.8
870 29245.4
900 30374.5
930 31511.8
960 32656.9
990 33809.5
1020 34969.3
1050 36136.1
1080 37309.5
1110 38489.4
1140 39675.5
1170 40867.7
1200 42065.6
1230 43269
1260 44477.8
1290 45691.8
1320 46910.8
1350 48134.8
1380 49363.4
1410 50596.5
1440 51834
1470 53075.8
1500 54321.7
1530 55571.7
1560 56825.5
1590 58083.1
1620 59344.3
1650 60609.1
1680 61877.3
1710 63148.9
1740 64423.6
1770 65701.6
1800 66982.6
1830 68266.7
1860 69553.7
1860 69553.7
