0 0
30 490.494
60 910.842
90 1303.66
120 1680.53
150 2047.68
180 2408.6
210 2765.27
240 3118.89
270 3470.24
300 3819.74
330 4167.28
360 4512.1
390 4852.99
420 5188.66
450 5518.04
480 5840.36
510 6155.1
540 6462.03
570 6761.11
600 7052.45
630 7336.26
660 7612.71
690 7882.12
720 8144.79
750 8400.99
780 8650.99
810 8895.02
840 9133.34
870 9366.15
900 9593.73
930 9816.27
960 10034.1
990 10247.2
1020 10455.9
1050 10660.4
1080 10860.7
1110 11057
1140 11249.6
1170 11438.3
1200 11623.5
1230 11805.1
1260 11983.4
1290 12158.5
1320 12330.3
1350 12499
1380 12664.8
1410 12827.6
1440 12987.7
1470 13145
1500 13299.6
1530 13451.7
1560 13601.2
1590 13748.3
1620 13893
1650 14035.5
1680 14175.6
1710 14313.7
1740 14449.6
1770 14583.4
1800 14715.3
1830 14845.2
1860 14973.3
1860 14973.3
