0 0
30 546.762
60 1093.52
90 1640.29
120 2187.05
150 2733.81
180 3280.57
210 3827.33
240 4374.1
270 4920.86
300 5467.58
330 6014.12
360 6560.08
390 7104.64
420 7646.63
450 8184.68
480 8717.44
510 9243.69
540 9762.49
570 10273.1
600 10774.8
630 11267.3
660 11750.5
690 12224.3
720 12688.5
750 13143.4
780 13589
810 14025.8
840 14453.9
870 14873.4
900 15284.7
930 15688
960 16083.6
990 16471.7
1020 16852.6
1050 17226.5
1080 17593.6
1110 17954.1
1140 18308.4
1170 18656.4
1200 18998.5
1230 19334.8
1260 19665.5
1290 19990.7
1320 20310.7
1350 20625.5
1380 20935.4
1410 21240.5
1440 21541
1470 21836.9
1500 22128.5
1530 22415.9
1560 22699.1
1590 22978.3
1620 23253.5
1650 23524.9
1680 23792.6
1710 24056.7
1740 24317.2
1770 24574.3
1800 24828.1
1830 25078.6
1860 25325.9
1860 25325.9
