0 0
30 546.762
60 1093.52
90 1640.29
120 2187.05
150 2733.81
180 3280.57
210 3827.33
240 4374.02
270 4920.51
300 5466.46
330 6011.2
360 6553.56
390 7092
420 7624.83
450 8150.44
480 8667.46
510 9174.88
540 9672.06
570 10158.7
600 10634.4
630 11099.3
660 11553.4
690 11997
720 12430.2
750 12853.2
780 13266.4
810 13670.2
840 14065
870 14450.9
900 14828.4
930 15197.8
960 15559.3
990 15913.2
1020 16259.9
1050 16599.6
1080 16932.5
1110 17259
1140 17579.3
1170 17893.6
1200 18202
1230 18504.9
1260 18802.2
1290 19094.4
1320 19381.4
1350 19663.6
1380 19941
1410 20213.7
1440 20482
1470 20746
1500 21005.7
1530 21261.3
1560 21513.1
1590 21761
1620 22005.2
1650 22245.9
1680 22483
1710 22716.8
1740 22947.3
1770 23174.6
1800 23398.7
1830 23619.9
1860 23838
1860 23838
