0 0
30 953.238
60 1906.48
90 2859.73
120 3813.18
150 4767.17
180 5721.95
210 6677.77
240 7634.86
270 8593.93
300 9556.82
330 10526.6
360 11506.5
390 12499
420 13506
450 14528.2
480 15566
510 16619.3
540 17687.5
570 18770.1
600 19866.6
630 20976.1
660 22098.1
690 23232
720 24377
750 25532.6
780 26698.2
810 27873.2
840 29057.3
870 30249.9
900 31450.6
930 32659
960 33874.8
990 35097.7
1020 36327.3
1050 37563.4
1080 38805.7
1110 40053.9
1140 41307.8
1170 42567.2
1200 43831.8
1230 45101.5
1260 46375.9
1290 47655
1320 48938.5
1350 50226.3
1380 51518.2
1410 52814.2
1440 54114
1470 55417.5
1500 56724.6
1530 58035.1
1560 59349
1590 60666
1620 61986.2
1650 63309.4
1680 64635.5
1710 65964.5
1740 67296.3
1770 68630.7
1800 69967.7
1830 71307.2
1860 72649.2
1860 72649.2
