0 0
30 546.762
60 1093.52
90 1640.29
120 2187.05
150 2733.81
180 3280.57
210 3827.33
240 4374.1
270 4920.83
300 5467.4
330 6013.32
360 6557.66
390 7099.13
420 7636.32
450 8167.98
480 8693.08
510 9210.88
540 9720.86
570 10222.6
600 10716
630 11200.9
660 11677.4
690 12145.4
720 12605.1
750 13056.5
780 13500
810 13935.5
840 14363.3
870 14783.5
900 15196.5
930 15602.3
960 16001.2
990 16393.2
1020 16778.7
1050 17157.8
1080 17530.7
1110 17897.5
1140 18258.5
1170 18613.7
1200 18963.3
1230 19307.5
1260 19646.5
1290 19980.4
1320 20309.4
1350 20633.7
1380 20953.3
1410 21268.3
1440 21579
1470 21885.3
1500 22187.4
1530 22485.3
1560 22779.4
1590 23069.6
1620 23356.1
1650 23638.9
1680 23918.1
1710 24193.8
1740 24466.1
1770 24735
1800 25000.8
1830 25263.4
1860 25523
1860 25523
