0 0
30 953.238
60 1906.48
90 2859.71
120 3812.95
150 4766.19
180 5719.43
210 6672.67
240 7625.9
270 8579.15
300 9532.42
330 10485.9
360 11439.9
390 12395.5
420 13353.6
450 14315.5
480 15282.3
510 16254.6
540 17233.1
570 18218
600 19209.5
630 20207.8
660 21212.9
690 22224.7
720 23243.5
750 24269
780 25301.4
810 26340.5
840 27386.3
870 28438.7
900 29497.6
930 30563.1
960 31634.9
990 32713.1
1020 33797.6
1050 34888.3
1080 35985.1
1110 37088
1140 38196.9
1170 39311.6
1200 40432.1
1230 41558.4
1260 42690.2
1290 43827.5
1320 44970.3
1350 46118.3
1380 47271.5
1410 48429.8
1440 49593.1
1470 50761.3
1500 51934.2
1530 53111.8
1560 54293.8
1590 55480.3
1620 56671.1
1650 57866
1680 59065.1
1710 60268.2
1740 61475.2
1770 62686.1
1800 63900.7
1830 65118.9
1860 66340.7
1860 66340.7
