0 0
30 546.762
60 1093.52
90 1640.29
120 2187.05
150 2733.81
180 3280.57
210 3827.33
240 4374.1
270 4920.86
300 5467.62
330 6014.37
360 6561.04
390 7107.44
420 7653.18
450 8197.62
480 8739.89
510 9279.03
540 9814.02
570 10343.9
600 10867.9
630 11385.1
660 11895
690 12397.1
720 12891
750 13376.4
780 13853.2
810 14321.3
840 14780.8
870 15231.6
900 15673.9
930 16107.9
960 16533.6
990 16951.2
1020 17360.8
1050 17762.7
1080 18156.9
1110 18543.8
1140 18923.5
1170 19296.2
1200 19662.2
1230 20021.5
1260 20374.5
1290 20721.4
1320 21062.2
1350 21397.2
1380 21726.6
1410 22050.6
1440 22369.2
1470 22682.7
1500 22991.2
1530 23294.9
1560 23593.8
1590 23888.2
1620 24178.1
1650 24463.8
1680 24745.3
1710 25022.7
1740 25296.1
1770 25565.7
1800 25831.5
1830 26093.7
1860 26352.2
1860 26352.2
