0 0
30 953.238
60 1906.81
90 2864.32
120 3828.89
150 4801.51
180 5781.92
210 6769.21
240 7762.79
270 8762.67
300 9769.96
330 10786.5
360 11814.2
390 12854.5
420 13908.6
450 14976.7
480 16058.8
510 17154.5
540 18263.5
570 19385.2
600 20519
630 21664.2
660 22820.3
690 23986.7
720 25162.8
750 26348.3
780 27542.6
810 28745.3
840 29955.9
870 31174.2
900 32399.7
930 33632.1
960 34871.1
990 36116.4
1020 37367.6
1050 38624.5
1080 39886.8
1110 41154.4
1140 42427
1170 43704.4
1200 44986.4
1230 46272.9
1260 47563.6
1290 48858.4
1320 50157.2
1350 51459.7
1380 52765.8
1410 54075.6
1440 55388.6
1470 56705
1500 58024.5
1530 59347.2
1560 60672.8
1590 62001.3
1620 63332.7
1650 64666.7
1680 66003.3
1710 67342.5
1740 68684.2
1770 70028.3
1800 71374.7
1830 72723.3
1860 74074.2
1860 74074.2
