0 0
30 518.895
60 987.381
90 1428.97
120 1854.39
150 2268.29
180 2673.5
210 3071.82
240 3464.53
270 3852.54
300 4236.44
330 4616.14
360 4991.09
390 5360.32
420 5722.79
450 6077.68
480 6424.45
510 6762.81
540 7092.68
570 7414.22
600 7727.61
630 8033.02
660 8330.65
690 8620.67
720 8903.33
750 9178.96
780 9447.84
810 9710.25
840 9966.47
870 10216.7
900 10461.2
930 10700.2
960 10934
990 11162.8
1020 11386.9
1050 11606.4
1080 11821.3
1110 12032
1140 12238.6
1170 12441.2
1200 12640
1230 12835.1
1260 13026.6
1290 13214.7
1320 13399.5
1350 13581.1
1380 13759.5
1410 13935
1440 14107.5
1470 14277.2
1500 14444.2
1530 14608.5
1560 14770.3
1590 14929.7
1620 15086.6
1650 15241.1
1680 15393.4
1710 15543.5
1740 15691.5
1770 15837.4
1800 15981.2
1830 16123.1
1860 16263
1860 16263
