0 0
30 953.268
60 1909.92
90 2876.32
120 3855.29
150 4846.91
180 5849.96
210 6863.06
240 7884.72
270 8913.85
300 9949.76
330 10992.2
360 12042.1
390 13100.2
420 14168
450 15246.3
480 16335.7
510 17436.5
540 18548.7
570 19672.1
600 20806.3
630 21951
660 23105.8
690 24270.3
720 25444.2
750 26627.2
780 27818.7
810 29018.4
840 30225.9
870 31440.9
900 32663
930 33891.8
960 35127.1
990 36368.5
1020 37615.8
1050 38868.8
1080 40127.1
1110 41390.5
1140 42658.9
1170 43932
1200 45209.8
1230 46491.8
1260 47778.1
1290 49068.4
1320 50362.7
1350 51660.6
1380 52962.2
1410 54267.3
1440 55575.8
1470 56887.6
1500 58202.5
1530 59520.5
1560 60841.4
1590 62165.2
1620 63491.8
1650 64821.1
1680 66153
1710 67487.5
1740 68824.4
1770 70163.6
1800 71505.2
1830 72849.1
1860 74195.2
1860 74195.2
