0 0
30 953.238
60 1906.48
90 2859.71
120 3812.95
150 4766.19
180 5719.43
210 6672.67
240 7625.92
270 8579.24
300 9532.83
330 10487
360 11442.3
390 12399.2
420 13358.6
450 14321.1
480 15287.6
510 16258.9
540 17235.8
570 18218.8
600 19208.5
630 20205.2
660 21209.2
690 22220.7
720 23239.8
750 24266.7
780 25301.2
810 26343.5
840 27393.4
870 28450.9
900 29515.9
930 30588.2
960 31667.7
990 32754.1
1020 33847.4
1050 34947.3
1080 36053.7
1110 37166.5
1140 38285.5
1170 39410.4
1200 40541.3
1230 41677.8
1260 42819.9
1290 43967.3
1320 45120
1350 46277.9
1380 47440.7
1410 48608.4
1440 49780.8
1470 50957.8
1500 52139.3
1530 53325.1
1560 54515.2
1590 55709.4
1620 56907.7
1650 58109.9
1680 59315.8
1710 60525.5
1740 61738.9
1770 62955.7
1800 64176.1
1830 65399.7
1860 66626.7
1860 66626.7
