0 0
30 546.762
60 1093.52
90 1640.29
120 2187.05
150 2733.7
180 3279.75
210 3824.4
240 4366.68
270 4905.76
300 5441.03
330 5972.1
360 6498.72
390 7020.68
420 7537.73
450 8049.49
480 8555.4
510 9054.81
540 9546.89
570 10030.9
600 10506.3
630 10972.8
660 11429.8
690 11877.4
720 12315.6
750 12744.3
780 13163.9
810 13574.5
840 13976.5
870 14369.9
900 14755.1
930 15132.2
960 15501.6
990 15863.5
1020 16218.1
1050 16565.8
1080 16906.8
1110 17241.4
1140 17569.6
1170 17891.8
1200 18208.2
1230 18518.8
1260 18824
1290 19123.9
1320 19418.7
1350 19708.6
1380 19993.7
1410 20274.1
1440 20550.1
1470 20821.6
1500 21088.9
1530 21352
1560 21611.2
1590 21866.5
1620 22118
1650 22365.8
1680 22609.9
1710 22850.7
1740 23088
1770 23322.1
1800 23552.9
1830 23780.7
1860 24005.3
1860 24005.3
