0 0
30 956.625
60 1935.95
90 2941.05
120 3966.66
150 5008.49
180 6063
210 7127.65
240 8200.53
270 9280.4
300 10366.5
330 11459.2
360 12559
390 13666.8
420 14783.5
450 15909.6
480 17045.2
510 18190.7
540 19346.1
570 20511.1
600 21685.7
630 22869.4
660 24062
690 25263
720 26472.1
750 27688.9
780 28913.1
810 30144.4
840 31382.5
870 32627
900 33877.6
930 35134.3
960 36396.6
990 37664.2
1020 38937.1
1050 40214.9
1080 41497.3
1110 42784.4
1140 44075.8
1170 45371.5
1200 46671.2
1230 47974.8
1260 49282.1
1290 50593.1
1320 51907.5
1350 53225.3
1380 54546.3
1410 55870.4
1440 57197.6
1470 58527.6
1500 59860.5
1530 61196.1
1560 62534.3
1590 63875.1
1620 65218.4
1650 66564.1
1680 67912.1
1710 69262.3
1740 70614.8
1770 71969.5
1800 73326.2
1830 74685
1860 76045.8
1860 76045.8
