0 0
30 546.762
60 1093.52
90 1640.29
120 2187.05
150 2733.8
180 3280.4
210 3826.04
240 4368.8
270 4906.04
300 5434.81
330 5952.64
360 6457.9
390 6949.78
420 7427.93
450 7892.23
480 8342.82
510 8780.19
540 9204.89
570 9617.52
600 10018.5
630 10408.4
660 10787.6
690 11156.9
720 11516.8
750 11867.6
780 12209.9
810 12544
840 12870.4
870 13189.4
900 13501.4
930 13806.7
960 14105.5
990 14398.3
1020 14685.2
1050 14966.3
1080 15242.1
1110 15512.7
1140 15778.3
1170 16039.1
1200 16295.4
1230 16547.2
1260 16794.7
1290 17038.1
1320 17277.6
1350 17513.2
1380 17745.1
1410 17973.4
1440 18198.3
1470 18419.8
1500 18638.1
1530 18853.3
1560 19065.4
1590 19274.6
1620 19480.9
1650 19684.5
1680 19885.3
1710 20083.6
1740 20279.3
1770 20472.5
1800 20663.3
1830 20851.8
1860 21037.9
1860 21037.9
