0 0
30 953.238
60 1906.48
90 2859.71
120 3812.95
150 4766.19
180 5719.49
210 6673.46
240 7630.34
270 8593.89
300 9567.92
330 10555.2
360 11557.4
390 12574.9
420 13607.9
450 14655.8
480 15718.3
510 16794.7
540 17884.3
570 18986.6
600 20100.8
630 21226.4
660 22362.9
690 23509.6
720 24666.2
750 25831.9
780 27006.4
810 28189.3
840 29380.2
870 30578.7
900 31784.5
930 32997.3
960 34216.8
990 35442.6
1020 36674.5
1050 37912.3
1080 39155.6
1110 40404.3
1140 41658.3
1170 42917.3
1200 44181.1
1230 45449.6
1260 46722.6
1290 48000
1320 49281.6
1350 50567.2
1380 51856.8
1410 53150.1
1440 54447.1
1470 55747.7
1500 57051.7
1530 58359.1
1560 59669.7
1590 60983.4
1620 62300.1
1650 63619.8
1680 64942.3
1710 66267.6
1740 67595.6
1770 68926.2
1800 70259.3
1830 71594.9
1860 72932.9
1860 72932.9
