0 0
30 953.238
60 1906.48
90 2859.71
120 3812.95
150 4766.2
180 5719.55
210 6673.49
240 7629.04
270 8587.62
300 9550.69
330 10519.4
360 11494.6
390 12476.9
420 13466.5
450 14463.8
480 15468.9
510 16482
540 17503.4
570 18533.3
600 19571.8
630 20619.1
660 21675.3
690 22740.6
720 23814.9
750 24897.9
780 25989.7
810 27089.8
840 28198.1
870 29314.3
900 30438.2
930 31569.4
960 32707.8
990 33852.9
1020 35004.8
1050 36163
1080 37327.4
1110 38497.7
1140 39673.7
1170 40855.3
1200 42042.2
1230 43234.3
1260 44431.3
1290 45633.1
1320 46839.5
1350 48050.5
1380 49265.8
1410 50485.3
1440 51708.9
1470 52936.5
1500 54167.9
1530 55403
1560 56641.7
1590 57884
1620 59129.7
1650 60378.7
1680 61631
1710 62886.4
1740 64144.9
1770 65406.4
1800 66670.9
1830 67938.1
1860 69208.1
1860 69208.1
