384
1 1 130
97 1 130
193 1 130
289 1 130
385 1 130
481 1 130
577 1 130
673 1 130
769 1 130
865 1 130
961 1 130
1057 1 130
1153 1 130
1249 1 130
1345 1 130
1441 1 130
1537 1 130
1633 1 130
1729 1 130
1825 1 130
1921 1 130
2017 1 130
2113 1 130
2209 1 130
2305 1 130
2401 1 130
2497 1 130
2593 1 130
2689 1 130
2785 1 130
2881 1 130
2977 1 130
3073 1 130
3169 1 130
3265 1 130
3361 1 130
3457 1 130
3553 1 130
3649 1 130
3745 1 130
3841 1 130
3937 1 130
4033 1 130
4129 1 130
4225 1 130
4321 1 130
4417 1 130
4513 1 130
4609 1 130
4705 1 130
4801 1 130
4897 1 130
4993 1 130
5089 1 130
5185 1 130
5281 1 130
5377 1 130
5473 1 130
5569 1 130
5665 1 130
5761 1 130
5857 1 130
5953 1 130
6049 1 130
6145 1 130
6241 1 130
6337 1 130
6433 1 130
6529 1 130
6625 1 130
6721 1 130
6817 1 130
6913 1 130
7009 1 130
7105 1 130
7201 1 130
7297 1 130
7393 1 130
7489 1 130
7585 1 130
7681 1 130
7777 1 130
7873 1 130
7969 1 130
8065 1 130
8161 1 130
8257 1 130
8353 1 130
8449 1 130
8545 1 130
8641 1 130
8737 1 130
8833 1 130
8929 1 130
9025 1 130
9121 1 130
96 2 130
192 2 130
288 2 130
384 2 130
480 2 130
576 2 130
672 2 130
768 2 130
864 2 130
960 2 130
1056 2 130
1152 2 130
1248 2 130
1344 2 130
1440 2 130
1536 2 130
1632 2 130
1728 2 130
1824 2 130
1920 2 130
2016 2 130
2112 2 130
2208 2 130
2304 2 130
2400 2 130
2496 2 130
2592 2 130
2688 2 130
2784 2 130
2880 2 130
2976 2 130
3072 2 130
3168 2 130
3264 2 130
3360 2 130
3456 2 130
3552 2 130
3648 2 130
3744 2 130
3840 2 130
3936 2 130
4032 2 130
4128 2 130
4224 2 130
4320 2 130
4416 2 130
4512 2 130
4608 2 130
4704 2 130
4800 2 130
4896 2 130
4992 2 130
5088 2 130
5184 2 130
5280 2 130
5376 2 130
5472 2 130
5568 2 130
5664 2 130
5760 2 130
5856 2 130
5952 2 130
6048 2 130
6144 2 130
6240 2 130
6336 2 130
6432 2 130
6528 2 130
6624 2 130
6720 2 130
6816 2 130
6912 2 130
7008 2 130
7104 2 130
7200 2 130
7296 2 130
7392 2 130
7488 2 130
7584 2 130
7680 2 130
7776 2 130
7872 2 130
7968 2 130
8064 2 130
8160 2 130
8256 2 130
8352 2 130
8448 2 130
8544 2 130
8640 2 130
8736 2 130
8832 2 130
8928 2 130
9024 2 130
9120 2 130
9216 2 130
1 3 130
2 3 130
3 3 130
4 3 130
5 3 130
6 3 130
7 3 130
8 3 130
9 3 130
10 3 130
11 3 130
12 3 130
13 3 130
14 3 130
15 3 130
16 3 130
17 3 130
18 3 130
19 3 130
20 3 130
21 3 130
22 3 130
23 3 130
24 3 130
25 3 130
26 3 130
27 3 130
28 3 130
29 3 130
30 3 130
31 3 130
32 3 130
33 3 130
34 3 130
35 3 130
36 3 130
37 3 130
38 3 130
39 3 130
40 3 130
41 3 130
42 3 130
43 3 130
44 3 130
45 3 130
46 3 130
47 3 130
48 3 130
49 3 130
50 3 130
51 3 130
52 3 130
53 3 130
54 3 130
55 3 130
56 3 130
57 3 130
58 3 130
59 3 130
60 3 130
61 3 130
62 3 130
63 3 130
64 3 130
65 3 130
66 3 130
67 3 130
68 3 130
69 3 130
70 3 130
71 3 130
72 3 130
73 3 130
74 3 130
75 3 130
76 3 130
77 3 130
78 3 130
79 3 130
80 3 130
81 3 130
82 3 130
83 3 130
84 3 130
85 3 130
86 3 130
87 3 130
88 3 130
89 3 130
90 3 130
91 3 130
92 3 130
93 3 130
94 3 130
95 3 130
96 3 130
9121 4 130
9122 4 130
9123 4 130
9124 4 130
9125 4 130
9126 4 130
9127 4 130
9128 4 130
9129 4 130
9130 4 130
9131 4 130
9132 4 130
9133 4 130
9134 4 130
9135 4 130
9136 4 130
9137 4 130
9138 4 130
9139 4 130
9140 4 130
9141 4 130
9142 4 130
9143 4 130
9144 4 130
9145 4 130
9146 4 130
9147 4 130
9148 4 130
9149 4 130
9150 4 130
9151 4 130
9152 4 130
9153 4 130
9154 4 130
9155 4 130
9156 4 130
9157 4 130
9158 4 130
9159 4 130
9160 4 130
9161 4 130
9162 4 130
9163 4 130
9164 4 130
9165 4 130
9166 4 130
9167 4 130
9168 4 130
9169 4 130
9170 4 130
9171 4 130
9172 4 130
9173 4 130
9174 4 130
9175 4 130
9176 4 130
9177 4 130
9178 4 130
9179 4 130
9180 4 130
9181 4 130
9182 4 130
9183 4 130
9184 4 130
9185 4 130
9186 4 130
9187 4 130
9188 4 130
9189 4 130
9190 4 130
9191 4 130
9192 4 130
9193 4 130
9194 4 130
9195 4 130
9196 4 130
9197 4 130
9198 4 130
9199 4 130
9200 4 130
9201 4 130
9202 4 130
9203 4 130
9204 4 130
9205 4 130
9206 4 130
9207 4 130
9208 4 130
9209 4 130
9210 4 130
9211 4 130
9212 4 130
9213 4 130
9214 4 130
9215 4 130
9216 4 130
