0 0
30 656.115
60 1312.23
90 1968.35
120 2624.46
150 3280.57
180 3936.69
210 4592.8
240 5248.92
270 5905.03
300 6561.15
330 7217.26
360 7873.36
390 8529.39
420 9185.17
450 9840.36
480 10494.3
510 11146.1
540 11794.6
570 12438.6
600 13076.9
630 13708.3
660 14332.1
690 14947.3
720 15553.5
750 16150.1
780 16736.9
810 17313.8
840 17880.7
870 18437.6
900 18984.4
930 19521.3
960 20048.5
990 20566
1020 21074
1050 21572.8
1080 22062.5
1110 22543.2
1140 23015.3
1170 23479
1200 23934.5
1230 24382
1260 24821.9
1290 25254.2
1320 25679.2
1350 26097.2
1380 26508.3
1410 26912.7
1440 27310.6
1470 27702.3
1500 28087.7
1530 28467.3
1560 28841
1590 29209.1
1620 29571.8
1650 29929.1
1680 30281.2
1710 30628.3
1740 30970.5
1770 31307.8
1800 31640.5
1830 31968.6
1860 32292.3
1860 32292.3
