0 0
30 1143.88
60 2287.77
90 3431.65
120 4575.54
150 5719.43
180 6863.36
210 8007.7
240 9153.47
270 10302.4
300 11456.4
330 12617.3
360 13786.8
390 14965.9
420 16155.3
450 17355.7
480 18567.6
510 19791.3
540 21026.8
570 22274.1
600 23533.2
630 24803.8
660 26085.8
690 27378.9
720 28682.8
750 29997.3
780 31322
810 32656.8
840 34001.2
870 35355
900 36717.9
930 38089.5
960 39469.7
990 40858
1020 42254.3
1050 43658.1
1080 45069.2
1110 46487.5
1140 47912.5
1170 49344.2
1200 50782.2
1230 52226.4
1260 53676.6
1290 55132.6
1320 56594.4
1350 58061.6
1380 59534
1410 61011.6
1440 62494.2
1470 63981.5
1500 65473.5
1530 66970
1560 68470.9
1590 69976
1620 71485.4
1650 72998.7
1680 74516
1710 76037
1740 77561.8
1770 79090.3
1800 80622.2
1830 82157.6
1860 83696.3
1860 83696.3
