0 0
30 1143.88
60 2287.77
90 3431.65
120 4575.54
150 5719.43
180 6863.31
210 8007.2
240 9151.19
270 10295.6
300 11441.3
330 12589.6
360 13742.3
390 14901.7
420 16069.6
450 17247.7
480 18437.4
510 19639.6
540 20854.8
570 22083.5
600 23325.4
630 24580.5
660 25848.6
690 27129.5
720 28422.9
750 29728.2
780 31045.2
810 32373.6
840 33712.7
870 35062.3
900 36421.9
930 37791.2
960 39169.8
990 40557.4
1020 41953.5
1050 43357.9
1080 44770.4
1110 46190.6
1140 47618.2
1170 49052.9
1200 50494.6
1230 51942.9
1260 53397.6
1290 54858.5
1320 56325.4
1350 57798.1
1380 59276.5
1410 60760.3
1440 62249.3
1470 63743.5
1500 65242.6
1530 66746.4
1560 68254.8
1590 69767.7
1620 71285
1650 72806.5
1680 74332
1710 75861.6
1740 77395
1770 78932.2
1800 80473
1830 82017.4
1860 83565.3
1860 83565.3
