0 0
30 656.115
60 1312.23
90 1968.35
120 2624.46
150 3280.57
180 3936.69
210 4592.8
240 5248.87
270 5904.72
300 6559.86
330 7213.43
360 7864.36
390 8511.6
420 9154.2
450 9791.4
480 10422.6
510 11047.3
540 11665.1
570 12275.8
600 12878.9
630 13474.3
660 14061.9
690 14641.4
720 15212.8
750 15776
780 16331
810 16877.9
840 17416.8
870 17947.7
900 18470.9
930 18986.3
960 19494.3
990 19994.7
1020 20487.7
1050 20973.5
1080 21452.3
1110 21924.1
1140 22389.1
1170 22847.5
1200 23299.4
1230 23744.9
1260 24184.1
1290 24617.3
1320 25044.6
1350 25466
1380 25881.7
1410 26291.8
1440 26696.6
1470 27095.9
1500 27490.1
1530 27879.1
1560 28263.2
1590 28642.4
1620 29016.8
1650 29386.5
1680 29751.6
1710 30112.2
1740 30468.4
1770 30820.3
1800 31168
1830 31511.6
1860 31851.2
1860 31851.2
