0 0
30 1143.88
60 2287.77
90 3431.65
120 4575.54
150 5719.43
180 6863.31
210 8007.19
240 9151.08
270 10295
300 11438.9
330 12583
360 13727.7
390 14873.5
420 16021.1
450 17171.6
480 18325.9
510 19485.1
540 20650.1
570 21821.8
600 23001.1
630 24188.6
660 25385.1
690 26590.8
720 27806
750 29031
780 30265.8
810 31510.4
840 32764.7
870 34028.6
900 35302.1
930 36584.9
960 37876.8
990 39177.8
1020 40487.8
1050 41806.3
1080 43133.3
1110 44468.3
1140 45811.2
1170 47161.8
1200 48519.9
1230 49885.2
1260 51257.5
1290 52636.7
1320 54022.5
1350 55414.8
1380 56813.5
1410 58218.2
1440 59629
1470 61045.5
1500 62467.6
1530 63895.3
1560 65328.3
1590 66766.5
1620 68209.7
1650 69657.9
1680 71110.9
1710 72568.5
1740 74030.6
1770 75497.2
1800 76968.1
1830 78443.2
1860 79922.4
1860 79922.4
