0 0
30 1143.88
60 2287.77
90 3431.65
120 4575.54
150 5719.43
180 6863.31
210 8007.2
240 9151.19
270 10295.5
300 11440.5
330 12586.8
360 13735
390 14885.8
420 16039.9
450 17197.8
480 18360.1
510 19527.4
540 20700.4
570 21879.9
600 23066.6
630 24261.2
660 25464.2
690 26676.1
720 27897.1
750 29127.7
780 30367.8
810 31617.6
840 32877.1
870 34146.2
900 35424.9
930 36712.9
960 38010.1
990 39316.2
1020 40631.2
1050 41954.8
1080 43286.9
1110 44627.1
1140 45975.3
1170 47331.2
1200 48694.7
1230 50065.5
1260 51443.3
1290 52828.1
1320 54219.6
1350 55617.5
1380 57021.8
1410 58432.3
1440 59848.7
1470 61271
1500 62698.9
1530 64132.2
1560 65570.9
1590 67014.8
1620 68463.7
1650 69917.5
1680 71376.1
1710 72839.4
1740 74307.2
1770 75779.4
1800 77255.9
1830 78736.5
1860 80221.3
1860 80221.3
