0 0
30 656.115
60 1312.23
90 1968.35
120 2624.46
150 3280.57
180 3936.69
210 4592.8
240 5248.92
270 5905.03
300 6561.13
330 7217.15
360 7872.95
390 8528.26
420 9182.68
450 9835.68
480 10486.7
510 11135.2
540 11780.6
570 12422.5
600 13060.2
630 13693.4
660 14321.6
690 14944.1
720 15560.4
750 16170.1
780 16772.7
810 17367.8
840 17954.9
870 18533.8
900 19104.3
930 19666.2
960 20219.4
990 20763.8
1020 21299.5
1050 21826.3
1080 22344.4
1110 22853.9
1140 23354.8
1170 23847.2
1200 24331.2
1230 24807.1
1260 25275.1
1290 25735.2
1320 26187.7
1350 26632.7
1380 27070.6
1410 27501.4
1440 27925.5
1470 28343
1500 28754
1530 29158.7
1560 29557.3
1590 29949.9
1620 30336.8
1650 30717.9
1680 31093.6
1710 31463.9
1740 31829
1770 32189
1800 32544.1
1830 32894.3
1860 33239.8
1860 33239.8
