0 0
30 656.115
60 1312.23
90 1968.35
120 2624.46
150 3280.57
180 3936.65
210 4592.49
240 5247.5
270 5900.53
300 6549.91
330 7193.66
360 7829.89
390 8456.91
420 9073.38
450 9678.25
480 10270.8
510 10850.5
540 11417.3
570 11971.2
600 12512.1
630 13040.2
660 13555.8
690 14059.2
720 14550.9
750 15031.1
780 15500.3
810 15958.8
840 16407
870 16845.3
900 17274
930 17693.5
960 18104.1
990 18506.1
1020 18899.9
1050 19285.7
1080 19663.8
1110 20034.5
1140 20398.1
1170 20754.6
1200 21104.5
1230 21447.8
1260 21784.9
1290 22115.9
1320 22441
1350 22760.5
1380 23074.5
1410 23383.3
1440 23686.9
1470 23985.4
1500 24279.1
1530 24568.1
1560 24852.6
1590 25132.6
1620 25408.2
1650 25679.8
1680 25947.3
1710 26210.8
1740 26470.5
1770 26726.4
1800 26978.7
1830 27227.5
1860 27472.8
1860 27472.8
