0 0
30 656.115
60 1312.23
90 1968.35
120 2624.46
150 3280.57
180 3936.69
210 4592.8
240 5248.92
270 5905.03
300 6561.15
330 7217.23
360 7873.19
390 8528.79
420 9183.55
450 9836.74
480 10487.4
510 11134.4
540 11776.4
570 12412.4
600 13041.3
630 13662.1
660 14274.3
690 14877.2
720 15470.5
750 16053.9
780 16627.4
810 17190.9
840 17744.7
870 18288.8
900 18823.2
930 19348.3
960 19864.2
990 20371.1
1020 20869.2
1050 21358.7
1080 21839.9
1110 22312.8
1140 22777.8
1170 23235.1
1200 23684.8
1230 24127.2
1260 24562.3
1290 24990.4
1320 25411.7
1350 25826.3
1380 26234.5
1410 26636.4
1440 27032.1
1470 27421.8
1500 27805.7
1530 28183.9
1560 28556.6
1590 28923.8
1620 29285.8
1650 29642.6
1680 29994.4
1710 30341.4
1740 30683.5
1770 31021.1
1800 31354.1
1830 31682.8
1860 32007.1
1860 32007.1
