0 0
30 656.115
60 1312.23
90 1968.35
120 2624.46
150 3280.57
180 3936.69
210 4592.8
240 5248.92
270 5905.03
300 6561.06
330 7216.85
360 7871.97
390 8525.78
420 9177.46
450 9826.11
480 10470.9
510 11111.3
540 11746.6
570 12376.4
600 13000.2
630 13617.6
660 14228.3
690 14831.9
720 15428.1
750 16016.5
780 16597
810 17169.2
840 17733.2
870 18288.7
900 18835.7
930 19374.2
960 19904.2
990 20425.8
1020 20939.1
1050 21444.2
1080 21941.3
1110 22430.4
1140 22911.8
1170 23385.6
1200 23851.8
1230 24310.5
1260 24762.1
1290 25206.5
1320 25644
1350 26074.6
1380 26498.6
1410 26916.1
1440 27327.3
1470 27732.3
1500 28131.2
1530 28524.2
1560 28911.5
1590 29293.1
1620 29669.3
1650 30040.1
1680 30405.8
1710 30766.4
1740 31122
1770 31472.8
1800 31818.9
1830 32160.5
1860 32497.6
1860 32497.6
