0 0
30 1143.88
60 2287.78
90 3432.73
120 4582.28
150 5740.38
180 6909.79
210 8092.08
240 9287.89
270 10497.3
300 11720.1
330 12955.9
360 14204.2
390 15464.2
420 16735.3
450 18016.6
480 19307.6
510 20607.5
540 21916.1
570 23232.7
600 24557.1
630 25889.2
660 27228.7
690 28575.5
720 29929.6
750 31291
780 32659.6
810 34035.6
840 35418.8
870 36809.1
900 38206.6
930 39611.1
960 41022.6
990 42440.7
1020 43865.5
1050 45296.8
1080 46734.4
1110 48178.2
1140 49627.9
1170 51083.5
1200 52544.8
1230 54011.7
1260 55484
1290 56961.6
1320 58444.3
1350 59931.9
1380 61424.4
1410 62921.7
1440 64423.4
1470 65929.6
1500 67440.1
1530 68954.8
1560 70473.6
1590 71996.3
1620 73523
1650 75053.4
1680 76587.6
1710 78125.3
1740 79666.6
1770 81211.3
1800 82759.3
1830 84310.6
1860 85865
1860 85865
