0 0
30 1143.88
60 2287.77
90 3431.65
120 4575.54
150 5719.43
180 6863.31
210 8007.23
240 9151.36
270 10296.3
300 11443.2
330 12593.6
360 13749.4
390 14912.3
420 16083.8
450 17265
480 18457
510 19660.3
540 20875.3
570 22102.4
600 23341.3
630 24592.2
660 25854.9
690 27129.1
720 28414.7
750 29711.2
780 31018.4
810 32336.1
840 33663.9
870 35001.5
900 36348.5
930 37704.7
960 39069.7
990 40443.2
1020 41824.9
1050 43214.7
1080 44612.1
1110 46016.8
1140 47428.7
1170 48847.5
1200 50272.9
1230 51704.7
1260 53142.7
1290 54586.8
1320 56036.7
1350 57492.3
1380 58953.5
1410 60419.9
1440 61891.6
1470 63368.2
1500 64849.7
1530 66335.9
1560 67826.7
1590 69321.8
1620 70821.4
1650 72325.1
1680 73832.9
1710 75344.7
1740 76860.4
1770 78379.9
1800 79903
1830 81429.7
1860 82959.9
1860 82959.9
