0 0
30 656.115
60 1312.23
90 1968.35
120 2624.46
150 3280.57
180 3936.69
210 4592.79
240 5248.75
270 5904.17
300 6558.21
330 7209.58
360 7856.63
390 8497.57
420 9130.66
450 9754.4
480 10367.5
510 10968.9
540 11558.2
570 12134.9
600 12698.7
630 13249.7
660 13787.8
690 14313.5
720 14826.8
750 15328
780 15817.4
810 16295.4
840 16762.4
870 17218.8
900 17665
930 18101.3
960 18528
990 18945.6
1020 19354.3
1050 19754.4
1080 20146.2
1110 20530.1
1140 20906.4
1170 21275.2
1200 21636.8
1230 21991.4
1260 22339.3
1290 22680.7
1320 23015.9
1350 23345
1380 23668.2
1410 23985.8
1440 24297.8
1470 24604.5
1500 24906.1
1530 25202.7
1560 25494.5
1590 25781.6
1620 26064.1
1650 26342.2
1680 26616
1710 26885.5
1740 27151
1770 27412.4
1800 27670.1
1830 27924
1860 28174.2
1860 28174.2
