0 0
30 1143.88
60 2287.77
90 3431.65
120 4575.54
150 5719.43
180 6863.32
210 8007.28
240 9151.69
270 10297.4
300 11445.8
330 12598.5
360 13757
390 14922.6
420 16096.3
450 17278.8
480 18470.7
510 19672.3
540 20884.2
570 22106.4
600 23339.4
630 24583.2
660 25837.9
690 27103.5
720 28379.9
750 29667
780 30964.6
810 32272.5
840 33590.6
870 34918.7
900 36256.5
930 37603.7
960 38960.1
990 40325.3
1020 41699.1
1050 43081.1
1080 44471.1
1110 45868.9
1140 47274.1
1170 48686.5
1200 50106
1230 51532.3
1260 52965.2
1290 54404.3
1320 55849.6
1350 57300.8
1380 58757.8
1410 60220.3
1440 61688.3
1470 63161.5
1500 64639.7
1530 66122.9
1560 67610.9
1590 69103.5
1620 70600.7
1650 72102.2
1680 73608
1710 75118
1740 76632.1
1770 78150.1
1800 79671.9
1830 81197.4
1860 82726.5
1860 82726.5
