0 0
30 1143.88
60 2287.77
90 3431.65
120 4575.54
150 5719.57
180 6864.4
210 8011.4
240 9162.35
270 10319
300 11482.9
330 12655.5
360 13837.5
390 15029.8
420 16232.7
450 17446.4
480 18671.1
510 19906.8
540 21153.6
570 22411.4
600 23680.1
630 24959.7
660 26250
690 27550.9
720 28862.2
750 30183.6
780 31515
810 32856
840 34206.4
870 35565.8
900 36934.1
930 38310.9
960 39696
990 41089
1020 42489.7
1050 43897.8
1080 45313.3
1110 46735.8
1140 48165.2
1170 49601.1
1200 51043.5
1230 52491.9
1260 53946.3
1290 55406.4
1320 56872.2
1350 58343.4
1380 59819.8
1410 61301.2
1440 62787.6
1470 64278.8
1500 65774.6
1530 67275
1560 68779.7
1590 70288.7
1620 71801.8
1650 73318.9
1680 74840
1710 76364.9
1740 77893.6
1770 79425.8
1800 80961.6
1830 82500.8
1860 84043.4
1860 84043.4
