0 0
30 656.115
60 1312.23
90 1968.35
120 2624.46
150 3280.57
180 3936.69
210 4592.8
240 5248.91
270 5904.96
300 6560.75
330 7215.82
360 7869.36
390 8520.46
420 9168.27
450 9811.91
480 10450.7
510 11084
540 11711.8
570 12333.6
600 12949.4
630 13559.1
660 14162.4
690 14759.2
720 15349.3
750 15932.5
780 16508.6
810 17077.5
840 17639.1
870 18193.3
900 18740
930 19279.3
960 19811.1
990 20335.4
1020 20852.4
1050 21362
1080 21864.4
1110 22359.6
1140 22847.7
1170 23328.8
1200 23803.2
1230 24270.8
1260 24731.8
1290 25186.4
1320 25634.7
1350 26076.9
1380 26513
1410 26943.3
1440 27367.9
1470 27786.9
1500 28200.3
1530 28608.3
1560 29011.1
1590 29408.8
1620 29801.4
1650 30189.1
1680 30572
1710 30950.3
1740 31324
1770 31693.2
1800 32058
1830 32418.6
1860 32775
1860 32775
