0 0
30 1143.88
60 2287.77
90 3431.65
120 4575.54
150 5719.43
180 6863.31
210 8007.19
240 9151.08
270 10295
300 11438.9
330 12582.7
360 13726.7
390 14870.7
420 16015.1
450 17160.2
480 18306.7
510 19455.5
540 20607.6
570 21764.2
600 22926.4
630 24095.4
660 25271.9
690 26456.9
720 27650.8
750 28854.2
780 30067.5
810 31290.9
840 32524.6
870 33768.6
900 35022.9
930 36287.4
960 37562
990 38846.5
1020 40140.8
1050 41444.5
1080 42757.4
1110 44079.4
1140 45410.2
1170 46749.4
1200 48096.9
1230 49452.4
1260 50815.7
1290 52186.5
1320 53564.5
1350 54949.7
1380 56341.8
1410 57740.7
1440 59146
1470 60557.6
1500 61975.4
1530 63399
1560 64828.5
1590 66263.5
1620 67704.1
1650 69149.9
1680 70600.9
1710 72056.9
1740 73517.8
1770 74983.4
1800 76453.6
1830 77928.4
1860 79407.5
1860 79407.5
