0 0
30 656.115
60 1312.23
90 1968.35
120 2624.46
150 3280.57
180 3936.69
210 4592.8
240 5248.92
270 5905.03
300 6561.14
330 7217.18
360 7873.03
390 8528.36
420 9182.7
450 9835.34
480 10485.5
510 11132.2
540 11774.6
570 12411.8
600 13042.9
630 13667
660 14283.4
690 14891.6
720 15491.1
750 16081.4
780 16662.2
810 17233.4
840 17794.8
870 18346.3
900 18888.1
930 19420
960 19942.3
990 20455.1
1020 20958.5
1050 21452.8
1080 21938.1
1110 22414.6
1140 22882.5
1170 23342
1200 23793.5
1230 24237.2
1260 24673.2
1290 25101.8
1320 25523.2
1350 25937.6
1380 26345.1
1410 26746
1440 27140.5
1470 27528.8
1500 27910.9
1530 28287.2
1560 28657.7
1590 29022.6
1620 29382.2
1650 29736.5
1680 30085.6
1710 30429.8
1740 30769.2
1770 31103.8
1800 31433.8
1830 31759.3
1860 32080.4
1860 32080.4
