0 0
30 1143.88
60 2287.77
90 3431.65
120 4575.54
150 5719.43
180 6863.31
210 8007.19
240 9151.08
270 10295
300 11438.9
330 12582.7
360 13726.6
390 14870.5
420 16014.5
450 17158.6
480 18302.9
510 19447.9
540 20593.7
570 21740.8
600 22889.7
630 24041.1
660 25195.4
690 26353.2
720 27515.1
750 28681.5
780 29852.7
810 31029.3
840 32211.4
870 33399.3
900 34593.3
930 35793.6
960 37000.4
990 38213.9
1020 39434.1
1050 40661.3
1080 41895.3
1110 43136.3
1140 44384.3
1170 45639.3
1200 46901.3
1230 48170.2
1260 49445.9
1290 50728.3
1320 52017.5
1350 53313.3
1380 54615.6
1410 55924.4
1440 57239.6
1470 58560.9
1500 59888.4
1530 61221.9
1560 62561.2
1590 63906.3
1620 65257.1
1650 66613.3
1680 67975
1710 69342.1
1740 70714.3
1770 72091.6
1800 73473.9
1830 74861.1
1860 76253
1860 76253
