0 0
30 656.115
60 1312.23
90 1968.35
120 2624.46
150 3280.57
180 3936.69
210 4592.8
240 5248.83
270 5904.48
300 6559.03
330 7211.37
360 7860.24
390 8504.46
420 9143.07
450 9775.43
480 10400.9
510 11019.2
540 11629.8
570 12232.5
600 12827.2
630 13413.7
660 13991.9
690 14561.7
720 15123.2
750 15676.3
780 16221
810 16757.5
840 17285.7
870 17805.5
900 18317.3
930 18821
960 19316.8
990 19804.8
1020 20285.1
1050 20757.9
1080 21223.2
1110 21681.2
1140 22132.1
1170 22576
1200 23013.1
1230 23443.5
1260 23867.5
1290 24285.1
1320 24696.5
1350 25101.9
1380 25501.4
1410 25895.1
1440 26283.2
1470 26665.9
1500 27043.1
1530 27415.1
1560 27782.1
1590 28144
1620 28501.2
1650 28853.6
1680 29201.4
1710 29544.6
1740 29883.5
1770 30218.1
1800 30548.5
1830 30874.9
1860 31197.2
1860 31197.2
