0 0
30 1143.88
60 2287.77
90 3431.65
120 4575.54
150 5719.61
180 6864.73
210 8012.45
240 9164.43
270 10322.1
300 11486.3
330 12657.9
360 13837.2
390 15024.5
420 16220.2
450 17424.5
480 18637.8
510 19860.4
540 21092.6
570 22334.6
600 23586.9
630 24849.7
660 26123.1
690 27407.1
720 28701.6
750 30006.7
780 31322
810 32647.3
840 33982.3
870 35326.9
900 36680.9
930 38044.1
960 39416.1
990 40796.7
1020 42185.5
1050 43582.3
1080 44986.8
1110 46398.9
1140 47818.2
1170 49244.6
1200 50677.6
1230 52117.3
1260 53563.3
1290 55015.4
1320 56473.5
1350 57937.4
1380 59406.8
1410 60881.6
1440 62361.7
1470 63846.8
1500 65336.8
1530 66831.6
1560 68331
1590 69834.9
1620 71343.2
1650 72855.7
1680 74372.4
1710 75893.1
1740 77417.7
1770 78946.2
1800 80478.3
1830 82014
1860 83553.3
1860 83553.3
