0 0
30 656.115
60 1312.23
90 1968.35
120 2624.46
150 3280.57
180 3936.65
210 4592.5
240 5247.63
270 5901.28
300 6552.4
330 7199.67
360 7841.4
390 8475.68
420 9100.66
450 9714.77
480 10316.8
510 10905.8
540 11481.5
570 12043.5
600 12591.8
630 13126.6
660 13647.9
690 14156.1
720 14651.7
750 15135
780 15606.6
810 16066.8
840 16516.3
870 16955.3
900 17384.2
930 17803.4
960 18213.4
990 18614.5
1020 19007.1
1050 19391.3
1080 19767.5
1110 20136.2
1140 20497.4
1170 20851.6
1200 21199
1230 21539.9
1260 21874.5
1290 22202.9
1320 22525.5
1350 22842.3
1380 23153.7
1410 23459.8
1440 23760.7
1470 24056.7
1500 24347.8
1530 24634.3
1560 24916.4
1590 25194
1620 25467.4
1650 25736.6
1680 26001.9
1710 26263.3
1740 26520.9
1770 26774.8
1800 27025.1
1830 27272
1860 27515.5
1860 27515.5
