0 0
30 1143.88
60 2287.77
90 3431.65
120 4575.54
150 5719.43
180 6863.35
210 8007.5
240 9152.37
270 10298.7
300 11447.6
330 12600.3
360 13758.6
390 14924.3
420 16099.3
450 17285.2
480 18483.2
510 19694.2
540 20918.5
570 22156.5
600 23408.2
630 24673.4
660 25952.1
690 27243.9
720 28548.3
750 29865
780 31193.4
810 32533.2
840 33883.7
870 35244.7
900 36615.8
930 37996.6
960 39386.6
990 40785.5
1020 42192.9
1050 43608.7
1080 45032.5
1110 46463.8
1140 47902.6
1170 49348.4
1200 50800.9
1230 52260.1
1260 53725.5
1290 55197.1
1320 56674.5
1350 58157.7
1380 59646.3
1410 61140.2
1440 62639.3
1470 64143.3
1500 65652.2
1530 67165.7
1560 68683.6
1590 70206
1620 71732.6
1650 73263.4
1680 74798.1
1710 76336.7
1740 77879.1
1770 79425.2
1800 80974.9
1830 82528
1860 84084.5
1860 84084.5
