0 0
30 656.115
60 1312.23
90 1968.35
120 2624.46
150 3280.57
180 3936.69
210 4592.8
240 5248.91
270 5904.96
300 6560.77
330 7215.96
360 7869.85
390 8521.48
420 9169.69
450 9813.23
480 10450.9
510 11081.4
540 11704
570 12317.7
600 12921.8
630 13516
660 14099.7
690 14672.8
720 15235.2
750 15786.7
780 16327.6
810 16857.9
840 17377.6
870 17887.1
900 18386.4
930 18875.9
960 19355.8
990 19826.2
1020 20287.6
1050 20740
1080 21184
1110 21619.5
1140 22047.1
1170 22466.8
1200 22878.8
1230 23283.4
1260 23680.8
1290 24071.3
1320 24455
1350 24832.2
1380 25203
1410 25567.7
1440 25926.5
1470 26279.6
1500 26627
1530 26969.1
1560 27305.8
1590 27637.4
1620 27963.9
1650 28285.6
1680 28602.5
1710 28914.8
1740 29222.7
1770 29526.2
1800 29825.5
1830 30120.7
1860 30411.8
1860 30411.8
