0 0
30 656.115
60 1312.23
90 1968.34
120 2623.78
150 3276.24
180 3922.77
210 4560.79
240 5188.28
270 5803.86
300 6406.61
330 6996.08
360 7572.28
390 8135.5
420 8686.15
450 9224.74
480 9751.92
510 10268.3
540 10774.3
570 11270.5
600 11757.4
630 12235.4
660 12704.9
690 13166.3
720 13619.7
750 14065.3
780 14503.3
810 14934
840 15357.5
870 15773.9
900 16183.5
930 16586.2
960 16982.2
990 17371.7
1020 17754.8
1050 18131.6
1080 18502.3
1110 18867
1140 19225.8
1170 19579
1200 19926.7
1230 20268.9
1260 20605.8
1290 20937.6
1320 21264.4
1350 21586.4
1380 21903.6
1410 22216.1
1440 22524.2
1470 22827.8
1500 23127.2
1530 23422.3
1560 23713.4
1590 24000.5
1620 24283.7
1650 24563.1
1680 24838.9
1710 25111.1
1740 25379.7
1770 25644.9
1800 25906.7
1830 26165.2
1860 26420.5
1860 26420.5
