0 0
30 1143.88
60 2287.77
90 3431.65
120 4575.54
150 5719.43
180 6863.31
210 8007.23
240 9151.36
270 10296.3
300 11443
330 12593.1
360 13748.1
390 14909.4
420 16078.2
450 17255.6
480 18442.3
510 19638.7
540 20845.4
570 22062.5
600 23290.5
630 24529.4
660 25779.4
690 27040.5
720 28312.6
750 29595.6
780 30889.6
810 32194.1
840 33509
870 34833.8
900 36168.4
930 37512.3
960 38865.4
990 40227.3
1020 41597.8
1050 42976.6
1080 44363.3
1110 45757.7
1140 47159.6
1170 48568.7
1200 49984.8
1230 51407.6
1260 52837
1290 54272.7
1320 55714.6
1350 57162.4
1380 58616.1
1410 60075.3
1440 61540
1470 63010
1500 64485
1530 65965
1560 67449.7
1590 68939
1620 70432.9
1650 71931.2
1680 73433.7
1710 74940.5
1740 76451.3
1770 77966.1
1800 79484.8
1830 81007.2
1860 82533.3
1860 82533.3
