0 0
30 656.115
60 1312.23
90 1968.35
120 2624.46
150 3280.57
180 3936.69
210 4592.8
240 5248.92
270 5905.03
300 6561.15
330 7217.26
360 7873.38
390 8529.49
420 9185.59
450 9841.63
480 10497.6
510 11153.2
540 11808.5
570 12463
600 13116.6
630 13768.8
660 14419.3
690 15067.8
720 15713.7
750 16356.9
780 16996.8
810 17633.2
840 18265.6
870 18893.8
900 19517.5
930 20136.2
960 20749.8
990 21357.9
1020 21960.3
1050 22556.9
1080 23147.4
1110 23731.7
1140 24309.7
1170 24881.4
1200 25446.6
1230 26005.5
1260 26558
1290 27104
1320 27643.7
1350 28177
1380 28704
1410 29224.8
1440 29739.4
1470 30247.9
1500 30750.4
1530 31247.1
1560 31738
1590 32223.1
1620 32702.6
1650 33176.6
1680 33645.2
1710 34108.4
1740 34566.4
1770 35019.2
1800 35466.9
1830 35909.7
1860 36347.6
1860 36347.6
