0 0
30 656.115
60 1312.23
90 1968.35
120 2624.46
150 3280.27
180 3934.59
210 4585.57
240 5231.26
270 5870.09
300 6501
330 7123.44
360 7737.17
390 8342.17
420 8938.43
450 9526
480 10104.8
510 10674.7
540 11235.6
570 11787.5
600 12330.2
630 12863.5
660 13387.6
690 13902.3
720 14407.6
750 14903.6
780 15390.4
810 15868
840 16336.4
870 16796
900 17246.9
930 17689.3
960 18123.4
990 18549.5
1020 18967.6
1050 19378.2
1080 19781.3
1110 20177.2
1140 20566.1
1170 20948.3
1200 21323.9
1230 21693.1
1260 22056.2
1290 22413.3
1320 22764.6
1350 23110.3
1380 23450.5
1410 23785.4
1440 24115.1
1470 24439.7
1500 24759.5
1530 25074.5
1560 25384.9
1590 25690.8
1620 25992.4
1650 26289.7
1680 26582.9
1710 26872.1
1740 27157.3
1770 27438.8
1800 27716.5
1830 27990.6
1860 28261.2
1860 28261.2
