0 0
30 656.115
60 1312.23
90 1968.35
120 2624.46
150 3280.57
180 3936.69
210 4592.77
240 5248.64
270 5903.72
300 6556.95
330 7206.88
360 7851.93
390 8490.64
420 9121.78
450 9744.39
480 10357.7
510 10961.3
540 11554.6
570 12137.5
600 12709.5
630 13270.6
660 13820.6
690 14359.5
720 14887.4
750 15404.4
780 15910.4
810 16405.9
840 16891
870 17366.2
900 17831.6
930 18287.7
960 18734.6
990 19172.7
1020 19602.2
1050 20023.4
1080 20436.7
1110 20842.3
1140 21240.4
1170 21631.3
1200 22015.2
1230 22392.4
1260 22763
1290 23127.3
1320 23485.4
1350 23837.6
1380 24183.9
1410 24524.7
1440 24860
1470 25190
1500 25515
1530 25835
1560 26150.3
1590 26461
1620 26767.1
1650 27068.8
1680 27366.3
1710 27659.5
1740 27948.7
1770 28233.9
1800 28515.2
1830 28792.8
1860 29066.7
1860 29066.7
