0 0
30 656.115
60 1312.23
90 1968.35
120 2624.46
150 3280.57
180 3936.69
210 4592.8
240 5248.91
270 5904.91
300 6560.52
330 7215.08
360 7867.56
390 8516.75
420 9161.34
450 9800.12
480 10432
510 11056
540 11671.4
570 12277.6
600 12874
630 13460.4
660 14036.5
690 14602.1
720 15157.2
750 15701.8
780 16235.9
810 16759.7
840 17273.3
870 17776.9
900 18270.7
930 18754.9
960 19229.9
990 19695.8
1020 20152.8
1050 20601.1
1080 21041
1110 21472.8
1140 21896.6
1170 22312.8
1200 22721.4
1230 23122.8
1260 23517.1
1290 23904.7
1320 24285.6
1350 24660
1380 25028.1
1410 25390.1
1440 25746.2
1470 26096.6
1500 26441.5
1530 26780.9
1560 27115.1
1590 27444.2
1620 27768.3
1650 28087.6
1680 28402.2
1710 28712.3
1740 29017.9
1770 29319.2
1800 29616.3
1830 29909.2
1860 30198.2
1860 30198.2
