0 0
30 1143.88
60 2287.77
90 3431.65
120 4575.54
150 5719.43
180 6863.43
210 8008.03
240 9154.2
270 10303.4
300 11457.4
330 12618.6
360 13789
390 14970.4
420 16164.2
450 17371.4
480 18592.6
510 19827.8
540 21077.1
570 22340.3
600 23617
630 24906.6
660 26208.9
690 27523.2
720 28849.1
750 30186.2
780 31534
810 32892.2
840 34260.4
870 35638
900 37024.7
930 38420.2
960 39824.1
990 41236
1020 42655.7
1050 44082.8
1080 45517.2
1110 46958.5
1140 48406.4
1170 49860.8
1200 51321.5
1230 52788.1
1260 54260.6
1290 55738.7
1320 57222.2
1350 58711.1
1380 60205
1410 61703.9
1440 63207.5
1470 64715.8
1500 66228.6
1530 67745.8
1560 69267.2
1590 70792.7
1620 72322.2
1650 73855.5
1680 75392.6
1710 76933.4
1740 78477.7
1770 80025.5
1800 81576.8
1830 83131.3
1860 84689
1860 84689
