0 0
30 656.115
60 1312.23
90 1968.35
120 2624.46
150 3280.57
180 3936.69
210 4592.8
240 5248.92
270 5905.03
300 6561.15
330 7217.26
360 7873.37
390 8529.47
420 9185.5
450 9841.37
480 10496.9
510 11151.8
540 11805.5
570 12457.5
600 13106.7
630 13752.3
660 14393.1
690 15028.2
720 15656.4
750 16277.1
780 16889.3
810 17492.6
840 18086.5
870 18670.6
900 19244.7
930 19808.8
960 20363
990 20907.3
1020 21441.9
1050 21966.8
1080 22482.3
1110 22988.5
1140 23485.6
1170 23973.8
1200 24453.5
1230 24924.8
1260 25388
1290 25843.3
1320 26290.8
1350 26730.9
1380 27163.7
1410 27589.3
1440 28008.2
1470 28420.3
1500 28825.9
1530 29225.2
1560 29618.4
1590 30005.5
1620 30386.7
1650 30762.2
1680 31132.2
1710 31496.8
1740 31856.1
1770 32210.3
1800 32559.5
1830 32903.9
1860 33243.5
1860 33243.5
