0 0
30 1143.88
60 2287.77
90 3431.65
120 4575.54
150 5719.43
180 6863.31
210 8007.19
240 9151.08
270 10295
300 11438.9
330 12582.8
360 13726.7
390 14870.7
420 16014.9
450 17159.6
480 18305.1
510 19451.9
540 20600.9
570 21753.1
600 22909.5
630 24071.3
660 25239.7
690 26415.8
720 27600.5
750 28794.4
780 29998
810 31211.9
840 32436.1
870 33670.6
900 34915.5
930 36170.9
960 37436.5
990 38712.2
1020 39997.9
1050 41293.4
1080 42598.3
1110 43912.4
1140 45235.4
1170 46567.1
1200 47907.3
1230 49255.8
1260 50612.3
1290 51976.5
1320 53348.3
1350 54727.5
1380 56113.7
1410 57506.8
1440 58906.7
1470 60313.1
1500 61725.8
1530 63144.7
1560 64569.6
1590 66000.4
1620 67436.8
1650 68878.7
1680 70326.1
1710 71778.6
1740 73236.2
1770 74698.7
1800 76166
1830 77638
1860 79114.6
1860 79114.6
