0 0
30 656.115
60 1312.23
90 1968.35
120 2624.46
150 3280.57
180 3936.69
210 4592.8
240 5248.92
270 5905.01
300 6560.99
330 7216.61
360 7871.4
390 8524.7
420 9175.71
450 9823.6
480 10467.5
510 11106.8
540 11740.5
570 12368
600 12988.6
630 13601.8
660 14206.9
690 14803.6
720 15391.4
750 15970.2
780 16539.7
810 17099.7
840 17650.3
870 18191.4
900 18722.8
930 19244.8
960 19757.4
990 20260.8
1020 20755.1
1050 21240.5
1080 21717.1
1110 22185.3
1140 22645.1
1170 23096.8
1200 23540.6
1230 23976.8
1260 24405.4
1290 24826.8
1320 25241.2
1350 25648.7
1380 26049.5
1410 26443.8
1440 26831.8
1470 27213.7
1500 27589.5
1530 27959.5
1560 28323.8
1590 28682.6
1620 29036.1
1650 29384.4
1680 29727.6
1710 30065.9
1740 30399.5
1770 30728.3
1800 31052.5
1830 31372.2
1860 31687.6
1860 31687.6
