0 0
30 656.115
60 1312.23
90 1968.35
120 2624.46
150 3280.57
180 3936.69
210 4592.8
240 5248.81
270 5904.49
300 6559.48
330 7213.2
360 7864.99
390 8514.17
420 9160.12
450 9802.23
480 10439.9
510 11072.6
540 11699.6
570 12320.1
600 12933.4
630 13538.8
660 14135.8
690 14723.9
720 15302.9
750 15872.3
780 16432.2
810 16982.4
840 17522.9
870 18053.8
900 18575.1
930 19087.1
960 19589.9
990 20083.8
1020 20568.8
1050 21045.2
1080 21513.1
1110 21972.9
1140 22424.7
1170 22868.8
1200 23305.3
1230 23734.5
1260 24156.7
1290 24571.9
1320 24980.4
1350 25382.5
1380 25778.2
1410 26167.7
1440 26551.3
1470 26929
1500 27301.1
1530 27667.8
1560 28029.1
1590 28385.2
1620 28736.3
1650 29082.5
1680 29423.9
1710 29760.6
1740 30092.8
1770 30420.6
1800 30744.1
1830 31063.5
1860 31378.7
1860 31378.7
