0 0
30 1143.88
60 2287.77
90 3431.65
120 4575.54
150 5719.43
180 6863.31
210 8007.19
240 9151.08
270 10295
300 11438.9
330 12582.7
360 13726.6
390 14870.6
420 16014.8
450 17159.6
480 18305.5
510 19453.5
540 20604.6
570 21759.8
600 22920.3
630 24087
660 25260.7
690 26442.3
720 27632.1
750 28830.8
780 30038.5
810 31255.5
840 32482
870 33717.9
900 34963.5
930 36218.5
960 37482.9
990 38756.6
1020 40039.4
1050 41331.3
1080 42632
1110 43941.5
1140 45259.5
1170 46585.9
1200 47920.4
1230 49262.9
1260 50613
1290 51970.6
1320 53335.6
1350 54707.6
1380 56086.6
1410 57472.2
1440 58864.4
1470 60263
1500 61667.8
1530 63078.6
1560 64495.2
1590 65917.6
1620 67345.6
1650 68779
1680 70217.6
1710 71661.4
1740 73110.1
1770 74563.7
1800 76022.1
1830 77485.1
1860 78952.5
1860 78952.5
