0 0
30 1143.88
60 2287.77
90 3431.65
120 4575.54
150 5719.43
180 6863.31
210 8007.19
240 9151.08
270 10295
300 11438.9
330 12582.7
360 13726.6
390 14870.5
420 16014.6
450 17158.9
480 18303.8
510 19449.8
540 20597.8
570 21748.6
600 22903.3
630 24063
660 25228.5
690 26400.7
720 27580.4
750 28768
780 29964
810 31168.7
840 32382.3
870 33605.1
900 34836.9
930 36077.9
960 37327.8
990 38586.7
1020 39854.5
1050 41131
1080 42416.2
1110 43709.9
1140 45011.8
1170 46321.9
1200 47639.9
1230 48965.8
1260 50299.3
1290 51640.3
1320 52988.6
1350 54344.1
1380 55706.5
1410 57075.7
1440 58451.5
1470 59833.8
1500 61222.5
1530 62617.3
1560 64018.1
1590 65424.7
1620 66837
1650 68254.9
1680 69678.2
1710 71106.8
1740 72540.5
1770 73979.2
1800 75422.8
1830 76871.1
1860 78324.2
1860 78324.2
