0 0
30 656.115
60 1312.23
90 1968.35
120 2624.46
150 3280.57
180 3936.69
210 4592.8
240 5248.92
270 5905.03
300 6561.11
330 7217.06
360 7872.58
390 8527.1
420 9179.65
450 9828.97
480 10473.6
510 11112.1
540 11743
570 12365
600 12977.3
630 13579.2
660 14170.2
690 14750.1
720 15318.6
750 15875.6
780 16421.1
810 16955.4
840 17478.4
870 17990.5
900 18491.8
930 18982.5
960 19463.1
990 19933.8
1020 20394.9
1050 20846.7
1080 21289.4
1110 21723.3
1140 22148.6
1170 22565.7
1200 22974.8
1230 23376.1
1260 23770
1290 24156.6
1320 24536.2
1350 24909
1380 25275.2
1410 25635
1440 25988.7
1470 26336.4
1500 26678.3
1530 27014.5
1560 27345.3
1590 27670.8
1620 27991.2
1650 28306.5
1680 28617
1710 28922.7
1740 29223.7
1770 29520.3
1800 29812.5
1830 30100.5
1860 30384.3
1860 30384.3
