0 0
30 656.115
60 1312.23
90 1968.35
120 2624.46
150 3280.57
180 3936.69
210 4592.8
240 5248.91
270 5904.93
300 6560.53
330 7214.93
360 7866.84
390 8514.72
420 9157.02
450 9792.44
480 10420
510 11038.9
540 11648.7
570 12249.2
600 12840.4
630 13422.2
660 13994.8
690 14558.2
720 15112.5
750 15657.9
780 16194.4
810 16722.1
840 17241.2
870 17751.6
900 18253.5
930 18747.1
960 19232.2
990 19709.1
1020 20177.8
1050 20638.4
1080 21091.2
1110 21536.3
1140 21973.8
1170 22403.9
1200 22826.9
1230 23242.7
1260 23651.7
1290 24053.9
1320 24449.5
1350 24838.6
1380 25221.5
1410 25598.3
1440 25969.1
1470 26334.2
1500 26693.5
1530 27047.4
1560 27396
1590 27739.4
1620 28077.7
1650 28411.2
1680 28739.8
1710 29063.8
1740 29383.3
1770 29698.3
1800 30009
1830 30315.4
1860 30617.8
1860 30617.8
