0 0
30 656.115
60 1312.23
90 1968.35
120 2624.46
150 3280.57
180 3936.69
210 4592.8
240 5248.92
270 5905.03
300 6561.11
330 7217.07
360 7872.68
390 8527.57
420 9181.17
450 9832.81
480 10481.8
510 11127.3
540 11768.7
570 12405.2
600 13036.3
630 13661.5
660 14280.1
690 14891.9
720 15496.6
750 16093.9
780 16683.6
810 17265.5
840 17839.6
870 18405.8
900 18964.2
930 19514.8
960 20057.5
990 20592.6
1020 21120
1050 21639.7
1080 22152
1110 22656.8
1140 23154.3
1170 23644.6
1200 24127.7
1230 24603.9
1260 25073.3
1290 25535.9
1320 25991.9
1350 26441.4
1380 26884.5
1410 27321.4
1440 27752.3
1470 28177.3
1500 28596.5
1530 29010
1560 29418
1590 29820.5
1620 30217.8
1650 30610
1680 30997
1710 31379.1
1740 31756.4
1770 32128.9
1800 32496.8
1830 32860.2
1860 33219.2
1860 33219.2
