0 0
30 1143.88
60 2287.77
90 3431.65
120 4575.54
150 5719.43
180 6863.31
210 8007.2
240 9151.17
270 10295.5
300 11441
330 12588.6
360 13739.8
390 14895.5
420 16056.9
450 17224.6
480 18399.1
510 19580.8
540 20770.2
570 21967.5
600 23172.8
630 24386.3
660 25608.1
690 26838.3
720 28076.8
750 29323.7
780 30579
810 31842.5
840 33114.3
870 34394.5
900 35682.7
930 36979
960 38283.2
990 39595.2
1020 40914.9
1050 42242.1
1080 43576.8
1110 44918.8
1140 46267.9
1170 47624
1200 48986.9
1230 50356.5
1260 51732.5
1290 53114.9
1320 54503.5
1350 55898.1
1380 57298.6
1410 58704.9
1440 60116.8
1470 61534.1
1500 62956.9
1530 64384.9
1560 65817.9
1590 67256
1620 68698.8
1650 70146.4
1680 71598.6
1710 73055.4
1740 74516.5
1770 75981.9
1800 77451.5
1830 78925.1
1860 80402.8
1860 80402.8
