0 0
30 1143.88
60 2287.77
90 3431.65
120 4575.54
150 5719.43
180 6863.31
210 8007.19
240 9151.09
270 10295
300 11439.2
330 12584.2
360 13730.6
390 14879.5
420 16031.7
450 17188.1
480 18349.4
510 19516
540 20688.2
570 21866.4
600 23050.6
630 24240.9
660 25437.6
690 26640.8
720 27850.7
750 29067.5
780 30291.4
810 31522.5
840 32760.9
870 34006.7
900 35260
930 36520.7
960 37788.9
990 39064.6
1020 40347.6
1050 41638
1080 42935.6
1110 44240.4
1140 45552.3
1170 46871.2
1200 48196.8
1230 49529.2
1260 50868.2
1290 52213.6
1320 53565.3
1350 54923.1
1380 56287
1410 57656.7
1440 59032.1
1470 60413.1
1500 61799.7
1530 63191.7
1560 64588.9
1590 65991.2
1620 67398.6
1650 68810.9
1680 70228
1710 71649.7
1740 73076
1770 74506.8
1800 75942
1830 77381.4
1860 78825
1860 78825
