0 0
30 1334.53
60 2669.06
90 4003.6
120 5338.2
150 6673.42
180 8010.77
210 9352.68
240 10701.9
270 12061
300 13431.4
330 14814.5
360 16210.6
390 17619.7
420 19041.6
450 20476
480 21922.6
510 23381
540 24850.9
570 26332
600 27824.1
630 29327.3
660 30841.2
690 32365.9
720 33901.3
750 35447.2
780 37003.4
810 38570
840 40146.7
870 41733.2
900 43329.4
930 44935.1
960 46550.1
990 48174.1
1020 49806.9
1050 51448.2
1080 53097.7
1110 54755.4
1140 56420.8
1170 58093.8
1200 59774.1
1230 61461.5
1260 63155.9
1290 64856.9
1320 66564.5
1350 68278.5
1380 69998.6
1410 71724.7
1440 73456.5
1470 75194
1500 76937
1530 78685.3
1560 80438.8
1590 82197.3
1620 83960.7
1650 85728.8
1680 87501.6
1710 89278.9
1740 91060.5
1770 92846.5
1800 94636.6
1830 96430.8
1860 98229
1860 98229
