0 0
30 765.468
60 1530.94
90 2296.4
120 3061.87
150 3827.34
180 4592.81
210 5358.24
240 6123.37
270 6887.21
300 7647.65
330 8401.58
360 9145.52
390 9876.17
420 10591
450 11288.3
480 11966.6
510 12625.8
540 13265.7
570 13886.7
600 14489.2
630 15073.8
660 15641.4
690 16192.7
720 16728.1
750 17248.4
780 17754.4
810 18246.6
840 18725.7
870 19192.2
900 19646.9
930 20090.1
960 20522.4
990 20944.2
1020 21356.1
1050 21758.6
1080 22152
1110 22536.9
1140 22913.3
1170 23281.6
1200 23642.1
1230 23995
1260 24340.8
1290 24679.5
1320 25011.6
1350 25337.2
1380 25656.5
1410 25969.9
1440 26277.4
1470 26579.3
1500 26875.8
1530 27167
1560 27453.1
1590 27734.4
1620 28010.9
1650 28282.8
1680 28550.3
1710 28813.5
1740 29072.5
1770 29327.4
1800 29578.4
1830 29825.6
1860 30069
1860 30069
