0 0
30 765.468
60 1524.92
90 2251.45
120 2933.29
150 3573.61
180 4177.64
210 4750.31
240 5295.51
270 5816.88
300 6317.4
330 6799.76
360 7266.09
390 7718.21
420 8157.69
450 8585.87
480 9003.88
510 9412.72
540 9813.25
570 10206.3
600 10592.5
630 10972.4
660 11346.7
690 11715.7
720 12079.8
750 12439.4
780 12794.7
810 13146
840 13493.5
870 13837.3
900 14177.6
930 14514.3
960 14847.6
990 15177.5
1020 15503.9
1050 15827
1080 16146.5
1110 16462.7
1140 16775.4
1170 17084.7
1200 17390.6
1230 17693.1
1260 17992.2
1290 18287.9
1320 18580.3
1350 18869.3
1380 19155.1
1410 19437.6
1440 19716.9
1470 19993.1
1500 20266.1
1530 20536.1
1560 20803.1
1590 21067.1
1620 21328.2
1650 21586.3
1680 21841.6
1710 22094.1
1740 22343.9
1770 22590.9
1800 22835.3
1830 23077.2
1860 23316.4
1860 23316.4
