0 0
30 765.468
60 1530.94
90 2296.4
120 3061.87
150 3827.34
180 4592.81
210 5358.28
240 6123.73
270 6889.09
300 7654.1
330 8418.25
360 9180.73
390 9940.51
420 10696.4
450 11447.2
480 12191.4
510 12927.9
540 13655.5
570 14373.4
600 15080.7
630 15777
660 16461.6
690 17134.4
720 17795.2
750 18443.9
780 19080.4
810 19704.8
840 20317.2
870 20917.9
900 21507
930 22084.9
960 22651.6
990 23207.6
1020 23753.1
1050 24288.5
1080 24814
1110 25329.9
1140 25836.6
1170 26334.3
1200 26823.3
1230 27303.9
1260 27776.1
1290 28240.5
1320 28697
1350 29146.1
1380 29587.8
1410 30022.5
1440 30450.2
1470 30871.1
1500 31285.6
1530 31693.6
1560 32095.6
1590 32491.5
1620 32881.5
1650 33265.9
1680 33644.8
1710 34018.4
1740 34386.7
1770 34749.9
1800 35108.2
1830 35461.6
1860 35810.4
1860 35810.4
