0 0
30 765.468
60 1530.94
90 2296.4
120 3061.87
150 3827.34
180 4592.81
210 5358.26
240 6123.59
270 6888.29
300 7651.25
330 8410.78
360 9164.96
390 9911.87
420 10649.8
450 11377.3
480 12093.1
510 12796.5
540 13486.5
570 14163
600 14825.4
630 15473.8
660 16108.1
690 16728.3
720 17334.6
750 17927.3
780 18506.5
810 19072.8
840 19626.3
870 20167.6
900 20696.9
930 21214.8
960 21721.6
990 22217.7
1020 22703.5
1050 23179.2
1080 23645.3
1110 24102.1
1140 24549.8
1170 24988.8
1200 25419.3
1230 25841.6
1260 26256
1290 26662.7
1320 27062.1
1350 27454.4
1380 27839.8
1410 28218.6
1440 28591
1470 28957.1
1500 29317.2
1530 29671.5
1560 30020.1
1590 30363.1
1620 30700.9
1650 31033.4
1680 31360.9
1710 31683.4
1740 32001.2
1770 32314.3
1800 32623
1830 32927.2
1860 33227.1
1860 33227.1
