0 0
30 765.468
60 1530.94
90 2296.4
120 3061.87
150 3827.23
180 4591.56
210 5352.35
240 6106.18
270 6850
300 7581.85
330 8300.68
360 9006.1
390 9698.04
420 10376.7
450 11042.3
480 11694.8
510 12334.3
540 12960.9
570 13575.1
600 14176.8
630 14766.2
660 15343.3
690 15908.6
720 16462.3
750 17004.6
780 17535.8
810 18056.2
840 18566
870 19065.5
900 19554.9
930 20034.6
960 20504.9
990 20965.9
1020 21418.1
1050 21861.6
1080 22296.7
1110 22723.7
1140 23143
1170 23554.6
1200 23958.8
1230 24356
1260 24746.2
1290 25129.8
1320 25506.8
1350 25877.6
1380 26242.3
1410 26601.1
1440 26954.2
1470 27301.7
1500 27643.9
1530 27980.8
1560 28312.6
1590 28639.5
1620 28961.6
1650 29279
1680 29591.9
1710 29900.3
1740 30204.4
1770 30504.4
1800 30800.3
1830 31092.2
1860 31380.2
1860 31380.2
