0 0
30 1334.53
60 2669.06
90 4003.6
120 5338.14
150 6672.89
180 8008.71
210 9347.31
240 10690.8
270 12041.1
300 13399.6
330 14767.3
360 16144.6
390 17531.9
420 18929.2
450 20336.3
480 21753
510 23179
540 24614
570 26057.6
600 27509.7
630 28970.3
660 30439.1
690 31916.3
720 33401.9
750 34896
780 36398.6
810 37910
840 39430.1
870 40959.1
900 42496.8
930 44043.5
960 45599
990 47163.4
1020 48736.5
1050 50318.2
1080 51908.5
1110 53507.2
1140 55114.2
1170 56729.1
1200 58351.9
1230 59982.4
1260 61620.3
1290 63265.6
1320 64918.1
1350 66577.7
1380 68244
1410 69917
1440 71596.5
1470 73282.3
1500 74974.3
1530 76672.3
1560 78376.2
1590 80085.8
1620 81800.9
1650 83521.5
1680 85247.3
1710 86978.3
1740 88714.2
1770 90455
1800 92200.6
1830 93950.8
1860 95705.5
1860 95705.5
