0 0
30 1334.53
60 2669.06
90 4003.6
120 5338.28
150 6673.9
180 8012.44
210 9356.9
240 10710.4
270 12075.4
300 13453.3
330 14845.2
360 16251.7
390 17673
420 19109.5
450 20561.7
480 22029.4
510 23512.4
540 25010.5
570 26523.1
600 28049.8
630 29590.1
660 31143.5
690 32709.5
720 34287.4
750 35877
780 37477.9
810 39089.6
840 40711.8
870 42344.1
900 43986
930 45637.3
960 47297.5
990 48966.5
1020 50643.9
1050 52329.3
1080 54022.7
1110 55723.6
1140 57431.8
1170 59147.1
1200 60869.3
1230 62598.1
1260 64333.4
1290 66075
1320 67822.7
1350 69576.2
1380 71335.4
1410 73100.1
1440 74870.3
1470 76645.7
1500 78426.1
1530 80211.5
1560 82001.6
1590 83796.4
1620 85595.7
1650 87399.3
1680 89207.1
1710 91019.1
1740 92835.2
1770 94655.1
1800 96478.9
1830 98306.5
1860 100138
1860 100138
