0 0
30 765.468
60 1530.94
90 2296.4
120 3061.83
150 3826.75
180 4589.74
210 5348.49
240 6100.2
270 6841.74
300 7570.06
330 8282.54
360 8977.35
390 9653.74
420 10311.1
450 10949.6
480 11569.9
510 12172.6
540 12758.2
570 13327.6
600 13881.5
630 14420.7
660 14946
690 15458
720 15957.5
750 16444.8
780 16920.6
810 17385.3
840 17839.5
870 18283.6
900 18718
930 19143.2
960 19559.4
990 19967.1
1020 20366.5
1050 20758
1080 21141.9
1110 21518.4
1140 21887.9
1170 22250.5
1200 22606.5
1230 22956.1
1260 23299.5
1290 23637
1320 23968.6
1350 24294.7
1380 24615.3
1410 24930.7
1440 25241
1470 25546.4
1500 25846.9
1530 26142.8
1560 26434.2
1590 26721.2
1620 27003.9
1650 27282.4
1680 27557
1710 27827.6
1740 28094.4
1770 28357.5
1800 28617
1830 28872.9
1860 29125.5
1860 29125.5
