0 0
30 765.468
60 1530.94
90 2296.4
120 3061.87
150 3827.34
180 4592.81
210 5358.28
240 6123.73
270 6889.07
300 7653.91
330 8417.32
360 9177.73
390 9933.08
420 10681.2
450 11420
480 12147.9
510 12863.5
540 13565.8
570 14254.1
600 14928.1
630 15587.6
660 16232.6
690 16863
720 17479.2
750 18081.5
780 18670.1
810 19245.5
840 19807.8
870 20357.6
900 20895.2
930 21420.9
960 21935.3
990 22438.6
1020 22931.4
1050 23414
1080 23886.7
1110 24349.9
1140 24804
1170 25249.2
1200 25685.9
1230 26114.3
1260 26534.8
1290 26947.7
1320 27353.1
1350 27751.3
1380 28142.5
1410 28527
1440 28904.9
1470 29276.5
1500 29641.9
1530 30001.4
1560 30355.1
1590 30703.2
1620 31045.9
1650 31383.3
1680 31715.6
1710 32042.9
1740 32365.4
1770 32683.2
1800 32996.3
1830 33305
1860 33609.4
1860 33609.4
