0 0
30 1334.53
60 2669.06
90 4003.6
120 5338.13
150 6672.66
180 8007.19
210 9341.72
240 10676.3
270 12010.9
300 13345.9
330 14681.8
360 16019.4
390 17359.9
420 18704.3
450 20054
480 21409.9
510 22773.1
540 24144.3
570 25524.4
600 26914
630 28313.6
660 29723.5
690 31144
720 32575.4
750 34017.8
780 35471.1
810 36935.6
840 38411
870 39897.4
900 41394.6
930 42902.5
960 44421
990 45949.7
1020 47488.5
1050 49037.2
1080 50595.5
1110 52163.1
1140 53739.8
1170 55325.3
1200 56919.5
1230 58522
1260 60132.7
1290 61751.3
1320 63377.5
1350 65011.3
1380 66652.3
1410 68300.4
1440 69955.4
1470 71617
1500 73285.2
1530 74959.6
1560 76640.2
1590 78326.8
1620 80019.3
1650 81717.3
1680 83420.9
1710 85129.8
1740 86843.9
1770 88563
1800 90287.2
1830 92016.2
1860 93750
1860 93750
