0 0
30 1334.53
60 2669.06
90 4003.6
120 5338.13
150 6672.77
180 8008.44
210 9347.6
240 10693.7
270 12049.6
300 13417.5
330 14798.3
360 16192.6
390 17600.2
420 19021.2
450 20455.6
480 21903.2
510 23364.1
540 24837.9
570 26324.4
600 27823.7
630 29335.4
660 30859.2
690 32394.8
720 33941.7
750 35499.7
780 37068.3
810 38647.5
840 40236.8
870 41836
900 43444.7
930 45062.8
960 46689.8
990 48325.6
1020 49970
1050 51622.7
1080 53283.5
1110 54952
1140 56628.1
1170 58311.4
1200 60001.9
1230 61699.2
1260 63403.2
1290 65113.7
1320 66830.6
1350 68553.5
1380 70282.3
1410 72016.9
1440 73757.1
1470 75502.7
1500 77253.5
1530 79009.5
1560 80770.6
1590 82536.4
1620 84307.1
1650 86082.3
1680 87862
1710 89646.1
1740 91434.5
1770 93227.1
1800 95023.7
1830 96824.2
1860 98628.7
1860 98628.7
