0 0
30 1334.53
60 2669.06
90 4003.6
120 5338.13
150 6672.66
180 8007.19
210 9341.74
240 10676.4
270 12011.7
300 13348.7
330 14689.2
360 16035
390 17388.1
420 18750.2
450 20122.7
480 21506.9
510 22903.5
540 24313.5
570 25737
600 27174.6
630 28626.2
660 30091.9
690 31571.7
720 33065.4
750 34572.7
780 36093.5
810 37627.2
840 39173.7
870 40732.4
900 42303.1
930 43885.2
960 45478.4
990 47082.3
1020 48696.5
1050 50320.8
1080 51954.7
1110 53597.9
1140 55250.2
1170 56911.2
1200 58580.7
1230 60258.4
1260 61944
1290 63637.3
1320 65337.9
1350 67045.6
1380 68760.2
1410 70481.4
1440 72209
1470 73942.9
1500 75682.8
1530 77428.5
1560 79179.9
1590 80936.9
1620 82699.1
1650 84466.6
1680 86239.1
1710 88016.6
1740 89798.8
1770 91585.6
1800 93377
1830 95172.8
1860 96972.9
1860 96972.9
