0 0
30 1334.53
60 2675.08
90 4048.55
120 5466.71
150 6926.39
180 8422.36
210 9949.69
240 11504.5
270 13083.1
300 14682.6
330 16300.2
360 17933.9
390 19581.8
420 21242.3
450 22914.1
480 24596.1
510 26287.3
540 27986.7
570 29693.7
600 31407.5
630 33127.6
660 34853.3
690 36584.3
720 38320.2
750 40060.6
780 41805.3
810 43554
840 45306.5
870 47062.7
900 48822.4
930 50585.7
960 52352.4
990 54122.5
1020 55896.1
1050 57673
1080 59453.5
1110 61237.3
1140 63024.6
1170 64815.3
1200 66609.4
1230 68406.9
1260 70207.8
1290 72012.1
1320 73819.7
1350 75630.7
1380 77444.9
1410 79262.4
1440 81083.1
1470 82906.9
1500 84733.9
1530 86563.9
1560 88396.9
1590 90232.9
1620 92071.9
1650 93913.7
1680 95758.4
1710 97605.9
1740 99456.1
1770 101309
1800 103165
1830 105023
1860 106884
1860 106884
