0 0
30 765.468
60 1530.94
90 2296.4
120 3061.87
150 3827.34
180 4592.81
210 5358.24
240 6123.33
270 6887.08
300 7647.36
330 8401.2
360 9145.37
390 9876.81
420 10593
450 11292.1
480 11973.5
510 12636.2
540 13280.3
570 13906.1
600 14514
630 15104.6
660 15678.4
690 16236
720 16778.2
750 17305.6
780 17818.7
810 18318.2
840 18804.6
870 19278.6
900 19740.7
930 20191.4
960 20631.4
990 21061
1020 21480.7
1050 21891.1
1080 22292.6
1110 22685.3
1140 23069.7
1170 23446.1
1200 23814.7
1230 24175.8
1260 24529.7
1290 24876.6
1320 25216.8
1350 25550.6
1380 25878.2
1410 26199.7
1440 26515.5
1470 26825.6
1500 27130.4
1530 27429.9
1560 27724.3
1590 28013.8
1620 28298.6
1650 28578.7
1680 28854.4
1710 29125.8
1740 29392.9
1770 29656
1800 29915.1
1830 30170.3
1860 30421.8
1860 30421.8
