0 0
30 1334.53
60 2669.06
90 4003.6
120 5338.13
150 6672.66
180 8007.19
210 9341.76
240 10676.6
270 12012.8
300 13352.4
330 14698.4
360 16054.3
390 17422.9
420 18806.7
450 20207.8
480 21626.8
510 23064.6
540 24521.1
570 25996.2
600 27489.2
630 28999.7
660 30526.9
690 32070.3
720 33629.2
750 35203
780 36791
810 38392.7
840 40007.4
870 41634.6
900 43273.6
930 44924.1
960 46585.3
990 48257
1020 49938.5
1050 51629.4
1080 53329.2
1110 55037.6
1140 56754.4
1170 58479.2
1200 60211.8
1230 61951.9
1260 63699.2
1290 65453.4
1320 67214.3
1350 68981.7
1380 70755.3
1410 72534.9
1440 74320.3
1470 76111.3
1500 77907.7
1530 79709.4
1560 81516.2
1590 83327.8
1620 85144.2
1650 86965.3
1680 88790.7
1710 90620.5
1740 92454.5
1770 94292.6
1800 96134.6
1830 97980.5
1860 99830.2
1860 99830.2
