0 0
30 765.468
60 1530.94
90 2296.4
120 3061.87
150 3827.05
180 4590.44
210 5348.83
240 6098.68
270 6837.38
300 7563.33
330 8275.57
360 8973.93
390 9658.22
420 10328.4
450 10984.4
480 11626.1
510 12253.3
540 12866.4
570 13465.7
600 14051.4
630 14623.9
660 15183.4
690 15730.5
720 16265.4
750 16788.6
780 17300.4
810 17801.1
840 18291
870 18770.5
900 19239.9
930 19699.5
960 20149.8
990 20591.1
1020 21023.5
1050 21447.5
1080 21863.3
1110 22271.1
1140 22671.3
1170 23064.1
1200 23449.7
1230 23828.5
1260 24200.5
1290 24566
1320 24925.3
1350 25278.4
1380 25625.6
1410 25967
1440 26302.9
1470 26633.4
1500 26958.6
1530 27278.8
1560 27593.9
1590 27904.3
1620 28210
1650 28511.2
1680 28808
1710 29100.6
1740 29389
1770 29673.3
1800 29953.7
1830 30230.3
1860 30503.1
1860 30503.1
