0 0
30 765.468
60 1530.94
90 2296.4
120 3061.87
150 3827.29
180 4592.36
210 5356.37
240 6118.26
270 6876.77
300 7630.57
330 8378.53
360 9119.58
390 9852.78
420 10577.3
450 11291.9
480 11995.6
510 12687.8
540 13367.8
570 14035.3
600 14690
630 15331.6
660 15960.3
690 16575.9
720 17178.7
750 17769
780 18347
810 18912.8
840 19466.7
870 20009.1
900 20540.3
930 21060.6
960 21570.2
990 22069.5
1020 22558.8
1050 23038.4
1080 23508.7
1110 23970
1140 24422.5
1170 24866.6
1200 25302.5
1230 25730.5
1260 26150.8
1290 26563.7
1320 26969.4
1350 27368.2
1380 27760.2
1410 28145.6
1440 28524.8
1470 28897.7
1500 29264.7
1530 29625.9
1560 29981.5
1590 30331.5
1620 30676.2
1650 31015.7
1680 31350.2
1710 31679.8
1740 32004.7
1770 32324.9
1800 32640.7
1830 32952
1860 33259.1
1860 33259.1
