0 0
30 1334.53
60 2669.06
90 4003.6
120 5338.13
150 6672.94
180 8009.56
210 9351.17
240 10701.3
270 12062.6
300 13436.7
330 14824.4
360 16226.1
390 17641.8
420 19071.6
450 20515.6
480 21973.9
510 23446.7
540 24933.6
570 26434.3
600 27948.6
630 29476.1
660 31016.6
690 32569.5
720 34134.6
750 35711.4
780 37299.6
810 38898.9
840 40509
870 42129.5
900 43760.1
930 45400.5
960 47050.2
990 48708.9
1020 50376.5
1050 52052.5
1080 53736.7
1110 55428.9
1140 57128.7
1170 58835.9
1200 60550.3
1230 62271.5
1260 63999.5
1290 65734
1320 67474.7
1350 69221.6
1380 70974.4
1410 72733
1440 74497.1
1470 76266.6
1500 78041.4
1530 79821.2
1560 81606.1
1590 83395.7
1620 85190
1650 86988.8
1680 88792
1710 90599.4
1740 92411
1770 94226.7
1800 96046.3
1830 97869.7
1860 99696.9
1860 99696.9
