0 0
30 1334.53
60 2669.06
90 4003.6
120 5338.29
150 6674.96
180 8018.7
210 9375.36
240 10748.8
270 12140.8
300 13551.8
330 14981.4
360 16429.1
390 17894.3
420 19376.4
450 20874.4
480 22388
510 23916.5
540 25459.5
570 27016.5
600 28587.1
630 30170.9
660 31767.4
690 33376.3
720 34997.1
750 36629.7
780 38273.3
810 39927.9
840 41593
870 43268.2
900 44953.1
930 46647.4
960 48350.5
990 50062.3
1020 51782.2
1050 53510.1
1080 55245.6
1110 56988.5
1140 58738.4
1170 60495.1
1200 62258.4
1230 64028
1260 65803.7
1290 67585.3
1320 69372.7
1350 71165.5
1380 72963.6
1410 74766.8
1440 76574.9
1470 78387.9
1500 80205.5
1530 82027.6
1560 83854
1590 85684.7
1620 87519.6
1650 89358.4
1680 91201.2
1710 93047.8
1740 94898.1
1770 96751.9
1800 98609.3
1830 100470
1860 102334
1860 102334
