0 0
30 1334.53
60 2669.06
90 4003.6
120 5338.13
150 6672.68
180 8007.47
210 9343.79
240 10684.7
270 12034.7
300 13397.9
330 14777.1
360 16174.3
390 17590.6
420 19025.9
450 20479.9
480 21952.2
510 23442.2
540 24948.9
570 26471.8
600 28009.9
630 29562.7
660 31129.4
690 32709.4
720 34302.2
750 35907.3
780 37524
810 39151.9
840 40790.6
870 42439.6
900 44098.7
930 45767.3
960 47445.2
990 49132
1020 50827.3
1050 52530.7
1080 54242
1110 55960.9
1140 57687.1
1170 59420.5
1200 61160.6
1230 62907.3
1260 64660.4
1290 66419.6
1320 68184.7
1350 69955.6
1380 71732
1410 73513.8
1440 75300.9
1470 77093
1500 78890
1530 80691.7
1560 82498.1
1590 84309
1620 86124.2
1650 87943.6
1680 89767.2
1710 91594.8
1740 93426.2
1770 95261.4
1800 97100.3
1830 98942.8
1860 100789
1860 100789
