0 0
30 1334.53
60 2669.06
90 4003.6
120 5338.13
150 6672.66
180 8007.19
210 9341.72
240 10676.3
270 12010.8
300 13345.4
330 14680.2
360 16015.6
390 17352.1
420 18690.7
450 20032.5
480 21378.6
510 22730.5
540 24089.4
570 25456.7
600 26833.5
630 28220.8
660 29619.3
690 31029.5
720 32451.9
750 33886.7
780 35333.8
810 36793.4
840 38265.2
870 39749.1
900 41244.8
930 42752.3
960 44271.1
990 45801.1
1020 47342
1050 48893.4
1080 50455.1
1110 52026.6
1140 53607.8
1170 55198.4
1200 56798
1230 58406.4
1260 60023.4
1290 61648.6
1320 63281.9
1350 64922.9
1380 66571.4
1410 68227.3
1440 69890.3
1470 71560.3
1500 73236.9
1530 74920
1560 76609.5
1590 78305.1
1620 80006.7
1650 81714
1680 83427.1
1710 85145.6
1740 86869.5
1770 88598.6
1800 90332.8
1830 92072
1860 93816
1860 93816
