0 0
30 1334.53
60 2669.06
90 4003.6
120 5338.13
150 6672.66
180 8007.19
210 9341.72
240 10676.3
270 12010.9
300 13345.9
330 14681.8
360 16019.6
390 17360.6
420 18706.4
450 20058.3
480 21417.8
510 22785.8
540 24163.3
570 25550.9
600 26949.2
630 28358.5
660 29779.2
690 31211.4
720 32655.4
750 34111.1
780 35578.5
810 37057.4
840 38547.8
870 40049.5
900 41562.3
930 43086
960 44620.4
990 46165.3
1020 47720.4
1050 49285.3
1080 50859.9
1110 52443.9
1140 54036.8
1170 55638.6
1200 57248.9
1230 58867.6
1260 60494.3
1290 62128.9
1320 63771.1
1350 65420.6
1380 67077.3
1410 68741
1440 70411.6
1470 72088.9
1500 73772.6
1530 75462.6
1560 77158.8
1590 78860.9
1620 80568.8
1650 82282.3
1680 84001.3
1710 85725.7
1740 87455.2
1770 89189.8
1800 90929.4
1830 92673.7
1860 94422.7
1860 94422.7
