0 0
30 765.468
60 1530.94
90 2296.4
120 3061.87
150 3827.34
180 4592.81
210 5358.24
240 6123.38
270 6887.43
300 7648.92
330 8405.96
360 9156.61
390 9899.07
420 10631.6
450 11352.9
480 12061.7
510 12757.2
540 13438.6
570 14105.5
600 14757.6
630 15394.9
660 16017.5
690 16625.6
720 17219.5
750 17799.3
780 18365.6
810 18918.6
840 19458.7
870 19986.3
900 20501.9
930 21005.8
960 21498.6
990 21980.7
1020 22452.3
1050 22913.9
1080 23366
1110 23808.7
1140 24242.6
1170 24667.9
1200 25084.9
1230 25494
1260 25895.4
1290 26289.3
1320 26676.1
1350 27055.9
1380 27429
1410 27795.6
1440 28155.8
1470 28510
1500 28858.2
1530 29200.7
1560 29537.8
1590 29869.4
1620 30195.9
1650 30517.3
1680 30833.8
1710 31145.6
1740 31452.6
1770 31755.2
1800 32053.4
1830 32347.3
1860 32637
1860 32637
