0 0
30 1334.53
60 2669.06
90 4003.6
120 5338.17
150 6673.47
180 8012.38
210 9360.39
240 10723.6
270 12106.9
300 13513
330 14942.9
360 16396.1
390 17871.8
420 19369.1
450 20886.7
480 22423
510 23977
540 25547.5
570 27133.4
600 28733.8
630 30347.7
660 31974.2
690 33612.8
720 35262.7
750 36923.4
780 38594.3
810 40275.1
840 41965.1
870 43664
900 45371.4
930 47086.9
960 48810.3
990 50541.3
1020 52279.5
1050 54024.7
1080 55776.7
1110 57535.2
1140 59299.9
1170 61070.8
1200 62847.5
1230 64629.9
1260 66417.8
1290 68211
1320 70009.4
1350 71812.8
1380 73621.1
1410 75434.2
1440 77251.8
1470 79073.8
1500 80900.1
1530 82730.6
1560 84565.2
1590 86403.7
1620 88246.1
1650 90092.3
1680 91942
1710 93795.4
1740 95652.2
1770 97512.4
1800 99375.8
1830 101243
1860 103112
1860 103112
