0 0
30 765.468
60 1530.94
90 2296.4
120 3061.87
150 3827.34
180 4592.81
210 5358.28
240 6123.74
270 6889.21
300 7654.62
330 8419.78
360 9184.14
390 9946.66
420 10705.8
450 11459.9
480 12206.8
510 12945.1
540 13673
570 14389.6
600 15093.9
630 15785.5
660 16463.9
690 17129
720 17780.8
750 18419.2
780 19044.5
810 19656.7
840 20256.2
870 20843.5
900 21418.8
930 21982.4
960 22534.7
990 23076
1020 23606.6
1050 24127
1080 24637.3
1110 25138.1
1140 25629.5
1170 26111.9
1200 26585.6
1230 27050.9
1260 27508
1290 27957.2
1320 28398.8
1350 28833.1
1380 29260.1
1410 29680.2
1440 30093.5
1470 30500.2
1500 30900.6
1530 31294.8
1560 31683
1590 32065.4
1620 32442.2
1650 32813.4
1680 33179.2
1710 33539.9
1740 33895.5
1770 34246.2
1800 34592
1830 34933.2
1860 35269.9
1860 35269.9
