0 0
30 1334.53
60 2669.06
90 4003.6
120 5338.13
150 6672.66
180 8007.19
210 9341.72
240 10676.3
270 12010.8
300 13345.5
330 14680.5
360 16016.5
390 17354.4
420 18695.2
450 20040.2
480 21390.6
510 22747.7
540 24112.5
570 25486
600 26869.1
630 28262.4
660 29666.6
690 31081.9
720 32508.7
750 33947.3
780 35397.6
810 36859.6
840 38333.2
870 39818.3
900 41314.8
930 42822.3
960 44340.8
990 45869.9
1020 47409.3
1050 48958.9
1080 50518.4
1110 52087.5
1140 53665.9
1170 55253.4
1200 56849.7
1230 58454.6
1260 60067.9
1290 61689.4
1320 63318.7
1350 64955.6
1380 66600
1410 68251.6
1440 69910.2
1470 71575.6
1500 73247.6
1530 74926.1
1560 76610.8
1590 78301.6
1620 79998.3
1650 81700.8
1680 83408.8
1710 85122.3
1740 86841
1770 88564.9
1800 90293.7
1830 92027.5
1860 93766.1
1860 93766.1
