0 0
30 1334.53
60 2669.06
90 4003.6
120 5338.13
150 6672.71
180 8007.89
210 9345.64
240 10689.1
270 12041.4
300 13404.7
330 14780.1
360 16168.4
390 17569.8
420 18984.7
450 20412.9
480 21854.1
510 23308
540 24774.1
570 26252.3
600 27742.2
630 29243.6
660 30756.3
690 32280
720 33814.5
750 35359.4
780 36914.6
810 38479.8
840 40054.7
870 41639.1
900 43232.8
930 44835.4
960 46446.7
990 48066.4
1020 49694.3
1050 51330.2
1080 52973.8
1110 54625
1140 56283.5
1170 57949.1
1200 59621.7
1230 61301
1260 62986.9
1290 64679.2
1320 66377.8
1350 68082.4
1380 69792.9
1410 71509.3
1440 73231.3
1470 74958.7
1500 76691.5
1530 78429.6
1560 80172.7
1590 81920.7
1620 83673.6
1650 85431.2
1680 87193.3
1710 88959.9
1740 90730.9
1770 92506.2
1800 94285.6
1830 96069.1
1860 97856.6
1860 97856.6
