0 0
30 1334.53
60 2669.06
90 4003.6
120 5338.21
150 6673.92
180 8013.72
210 9361.42
240 10719.9
270 12090.7
300 13474.6
330 14871.6
360 16282
390 17705.7
420 19142.7
450 20593.1
480 22057.2
510 23535.2
540 25027.2
570 26533.1
600 28052.9
630 29586.4
660 31133.4
690 32693.5
720 34266.3
750 35851.4
780 37448.6
810 39057.3
840 40677.3
870 42308.1
900 43949.3
930 45600.5
960 47261.5
990 48931.7
1020 50611
1050 52298.9
1080 53995.3
1110 55699.7
1140 57411.9
1170 59131.5
1200 60858.4
1230 62592.3
1260 64332.9
1290 66080
1320 67833.5
1350 69593.2
1380 71358.8
1410 73130.2
1440 74907.1
1470 76689.4
1500 78476.8
1530 80269.3
1560 82066.7
1590 83868.8
1620 85675.6
1650 87486.9
1680 89302.5
1710 91122.4
1740 92946.3
1770 94774.3
1800 96606.2
1830 98441.9
1860 100281
1860 100281
