0 0
30 765.468
60 1530.94
90 2296.28
120 3058.73
150 3810.34
180 4543.53
210 5254.95
240 5943.77
270 6610.72
300 7257.22
330 7884.93
360 8495.49
390 9090.17
420 9670.27
450 10236.9
480 10790.7
510 11332.2
540 11861.9
570 12380.1
600 12887.3
630 13383.6
660 13869.3
690 14344.6
720 14809.6
750 15264.6
780 15709.9
810 16145.6
840 16572.1
870 16989.6
900 17398.3
930 17798.5
960 18190.5
990 18574.3
1020 18950.4
1050 19319.1
1080 19680.5
1110 20035
1140 20382.8
1170 20724.1
1200 21059
1230 21387.8
1260 21710.7
1290 22028
1320 22339.7
1350 22646
1380 22947.1
1410 23243.2
1440 23534.5
1470 23820.9
1500 24102.8
1530 24380.2
1560 24653.3
1590 24922.2
1620 25187
1650 25447.8
1680 25704.8
1710 25958
1740 26207.5
1770 26453.5
1800 26696
1830 26935.2
1860 27171.1
1860 27171.1
