0 0
30 765.468
60 1530.94
90 2296.4
120 3061.87
150 3827.24
180 4592.04
210 5355.04
240 6114.12
270 6866.35
300 7608.55
330 8337.83
360 9052.19
390 9750.61
420 10432.3
450 11097.3
480 11745.7
510 12378.1
540 12995.1
570 13597.2
600 14185.1
630 14759.4
660 15320.8
690 15869.7
720 16406.6
750 16932.1
780 17446.6
810 17950.4
840 18443.8
870 18927
900 19400.5
930 19864.5
960 20319.3
990 20765.2
1020 21202.5
1050 21631.5
1080 22052.4
1110 22465.5
1140 22871.1
1170 23269.4
1200 23660.7
1230 24045.2
1260 24423
1290 24794.5
1320 25159.8
1350 25519.1
1380 25872.5
1410 26220.3
1440 26562.6
1470 26899.5
1500 27231.2
1530 27557.8
1560 27879.6
1590 28196.6
1620 28509
1650 28816.9
1680 29120.5
1710 29419.8
1740 29714.9
1770 30006.1
1800 30293.3
1830 30576.7
1860 30856.3
1860 30856.3
