0 0
30 1334.53
60 2669.06
90 4003.6
120 5338.13
150 6672.66
180 8007.21
210 9342
240 10678
270 12017.6
300 13363.7
330 14719.6
360 16088.1
390 17471.1
420 18869.9
450 20285.2
480 21717.2
510 23165.6
540 24630.4
570 26111.2
600 27607.5
630 29118.6
660 30643.8
690 32182.5
720 33734.1
750 35297.9
780 36873.4
810 38460.1
840 40057.5
870 41665.3
900 43283
930 44910.2
960 46546.7
990 48192.1
1020 49846.1
1050 51508.4
1080 53178.7
1110 54856.8
1140 56542.4
1170 58235.2
1200 59935
1230 61641.6
1260 63354.9
1290 65074.4
1320 66800.2
1350 68532
1380 70269.7
1410 72013.1
1440 73762.1
1470 75516.4
1500 77275.9
1530 79040.5
1560 80810
1590 82584.4
1620 84363.4
1650 86146.9
1680 87934.9
1710 89727.2
1740 91523.7
1770 93324.3
1800 95128.9
1830 96937.3
1860 98749.5
1860 98749.5
