0 0
30 1334.53
60 2669.06
90 4003.6
120 5338.13
150 6672.66
180 8007.19
210 9341.81
240 10677
270 12014
300 13355.6
330 14704.7
360 16064.7
390 17438.3
420 18827.4
450 20233.6
480 21657.5
510 23099.2
540 24558.7
570 26035.6
600 27529.5
630 29039.5
660 30565.3
690 32105.9
720 33660.9
750 35229.6
780 36811.4
810 38405.6
840 40011.9
870 41629.7
900 43258.5
930 44898
960 46547.9
990 48207.5
1020 49876.6
1050 51554.7
1080 53241.6
1110 54937
1140 56640.4
1170 58351.7
1200 60070.5
1230 61796.6
1260 63529.7
1290 65269.6
1320 67016
1350 68768.8
1380 70527.6
1410 72292.4
1440 74062.9
1470 75839.1
1500 77620.6
1530 79407.4
1560 81199.3
1590 82996
1620 84797.5
1650 86603.7
1680 88414.3
1710 90229.3
1740 92048.6
1770 93872
1800 95699.5
1830 97530.7
1860 99365.8
1860 99365.8
