0 0
30 765.468
60 1530.94
90 2296.4
120 3061.87
150 3827.34
180 4592.81
210 5358.26
240 6123.56
270 6888.28
300 7651.63
330 8412.58
360 9169.97
390 9922.68
420 10669.7
450 11410
480 12142.5
510 12866.2
540 13580.3
570 14283.8
600 14975.9
630 15655.9
660 16323.4
690 16978.2
720 17620.1
750 18249
780 18865.1
810 19468.5
840 20059.5
870 20638.3
900 21205.2
930 21760.5
960 22304.5
990 22837.5
1020 23359.9
1050 23871.9
1080 24374
1110 24866.3
1140 25349.4
1170 25823.4
1200 26288.7
1230 26745.6
1260 27194.2
1290 27634.9
1320 28067.9
1350 28493.4
1380 28911.7
1410 29323
1440 29727.5
1470 30125.5
1500 30517
1530 30902.3
1560 31281.5
1590 31654.9
1620 32022.7
1650 32384.9
1680 32741.8
1710 33093.5
1740 33440.1
1770 33781.8
1800 34118.7
1830 34451
1860 34778.7
1860 34778.7
