0 0
30 765.468
60 1530.94
90 2296.4
120 3061.87
150 3827.34
180 4592.77
210 5357.9
240 6121.73
270 6882.09
300 7635.88
330 8379.56
360 9109.82
390 9824.35
420 10521.8
450 11201.5
480 11863.2
510 12507
540 13133.3
570 13742.6
600 14335.8
630 14913.6
660 15476.6
690 16025.6
720 16561.4
750 17084.5
780 17595.6
810 18095.2
840 18583.8
870 19062.1
900 19530.3
930 19989
960 20438.5
990 20879.2
1020 21311.4
1050 21735.5
1080 22151.8
1110 22560.5
1140 22961.8
1170 23356.1
1200 23743.6
1230 24124.5
1260 24498.9
1290 24867.2
1320 25229.6
1350 25586.1
1380 25936.9
1410 26282.1
1440 26622
1470 26956.7
1500 27286.3
1530 27611
1560 27930.9
1590 28246.1
1620 28556.8
1650 28863.1
1680 29165.1
1710 29462.9
1740 29756.6
1770 30046.4
1800 30332.3
1830 30614.4
1860 30892.8
1860 30892.8
