0 0
30 1334.53
60 2669.06
90 4003.6
120 5338.13
150 6672.66
180 8007.19
210 9341.76
240 10676.6
270 12012.8
300 13352.4
330 14698.4
360 16054.5
390 17423.8
420 18809
450 20211.7
480 21633.4
510 23074.2
540 24534.3
570 26013.3
600 27510.8
630 29026.2
660 30558.6
690 32107.3
720 33671.9
750 35251.6
780 36845.6
810 38453.4
840 40074.3
870 41707.8
900 43353.1
930 45009.9
960 46677.6
990 48355.8
1020 50043.9
1050 51741.4
1080 53448
1110 55163.1
1140 56886.7
1170 58618.4
1200 60357.9
1230 62105
1260 63859.2
1290 65620.5
1320 67388.4
1350 69162.8
1380 70943.5
1410 72730.1
1440 74522.6
1470 76320.7
1500 78124.2
1530 79933
1560 81746.9
1590 83565.6
1620 85389.1
1650 87217.2
1680 89049.7
1710 90886.5
1740 92727.5
1770 94572.6
1800 96421.6
1830 98274.4
1860 100131
1860 100131
