0 0
30 765.468
60 1530.94
90 2296.4
120 3061.87
150 3827.34
180 4592.81
210 5358.27
240 6123.7
270 6888.88
300 7653.1
330 8414.95
360 9172.36
390 9923.04
420 10664.9
450 11396.1
480 12115.7
510 12822.6
540 13516.5
570 14197.1
600 14864.4
630 15518.4
660 16159.4
690 16787.3
720 17402.6
750 18005.4
780 18596
810 19174.7
840 19741.9
870 20297.9
900 20842.8
930 21377
960 21901
990 22414.9
1020 22919.2
1050 23414
1080 23899.7
1110 24376.5
1140 24844.7
1170 25304.6
1200 25756.4
1230 26200.4
1260 26636.8
1290 27065.7
1320 27487.5
1350 27902.4
1380 28310.4
1410 28711.9
1440 29107.1
1470 29496.1
1500 29879.2
1530 30256.4
1560 30628.1
1590 30994.2
1620 31355
1650 31710.7
1680 32061.3
1710 32407
1740 32748
1770 33084.3
1800 33416
1830 33743.3
1860 34066.3
1860 34066.3
