0 0
30 765.468
60 1530.94
90 2296.39
120 3061.29
150 3823.46
180 4579.75
210 5327.26
240 6063.74
270 6787.74
300 7498.48
330 8195.63
360 8879.22
390 9549.32
420 10206.1
450 10849.5
480 11479.4
510 12096
540 12699.2
570 13289.5
600 13866.9
630 14431.7
660 14984.3
690 15525.1
720 16054.3
750 16572.3
780 17079.4
810 17576.1
840 18062.8
870 18539.7
900 19007.2
930 19465.6
960 19915.2
990 20356.2
1020 20788.9
1050 21213.7
1080 21630.7
1110 22040.3
1140 22442.5
1170 22837.8
1200 23226.3
1230 23608.2
1260 23983.7
1290 24352.9
1320 24716
1350 25073.3
1380 25424.9
1410 25771
1440 26111.7
1470 26447.2
1500 26777.6
1530 27103
1560 27423.7
1590 27739.7
1620 28051.1
1650 28358.1
1680 28660.8
1710 28959.4
1740 29253.8
1770 29544.3
1800 29831
1830 30113.8
1860 30393
1860 30393
