0 0
30 765.468
60 1530.94
90 2296.4
120 3061.86
150 3827
180 4590.16
210 5347.69
240 6095.37
270 6830.09
300 7550.02
330 8254.09
360 8941.73
390 9612.81
420 10267.4
450 10905.5
480 11527.2
510 12132.9
540 12722.8
570 13297.5
600 13857.3
630 14402.7
660 14934
690 15451.8
720 15956.4
750 16448.4
780 16928.1
810 17396
840 17852.7
870 18298.4
900 18733.6
930 19158.7
960 19574.3
990 19980.6
1020 20378.1
1050 20767.2
1080 21148
1110 21521
1140 21886.5
1170 22244.6
1200 22595.8
1230 22940.3
1260 23278.3
1290 23609.9
1320 23935.6
1350 24255.4
1380 24569.6
1410 24878.4
1440 25181.9
1470 25480.4
1500 25774
1530 26062.8
1560 26347
1590 26626.8
1620 26902.1
1650 27173.3
1680 27440.4
1710 27703.4
1740 27962.6
1770 28218.1
1800 28469.8
1830 28718
1860 28962.7
1860 28962.7
