0 0
30 1334.53
60 2669.06
90 4003.6
120 5338.13
150 6672.66
180 8007.19
210 9341.78
240 10676.8
270 12013.7
300 13354.9
330 14703.7
360 16063.5
390 17436.9
420 18825.7
450 20230.8
480 21652.9
510 23092.1
540 24548
570 26020.6
600 27509.7
630 29014.7
660 30535.1
690 32070.5
720 33620.3
750 35184
780 36761
810 38350.9
840 39953.2
870 41567.4
900 43193.1
930 44829.7
960 46476.9
990 48134.2
1020 49801.1
1050 51477.4
1080 53162.7
1110 54856.6
1140 56558.7
1170 58268.8
1200 59986.5
1230 61711.6
1260 63444
1290 65183.2
1320 66929.1
1350 68681.5
1380 70440.2
1410 72204.9
1440 73975.4
1470 75751.5
1500 77533.2
1530 79320.1
1560 81112.2
1590 82909.2
1620 84711
1650 86517.5
1680 88328.5
1710 90143.9
1740 91963.5
1770 93787.3
1800 95615.1
1830 97446.9
1860 99282.5
1860 99282.5
