0 0
30 1334.53
60 2669.06
90 4003.6
120 5338.13
150 6672.68
180 8007.42
210 9342.95
240 10680.3
270 12021
300 13366.5
330 14718.3
360 16077.6
390 17446.1
420 18824.8
450 20214.7
480 21616.7
510 23031.4
540 24459.1
570 25900.3
600 27355.1
630 28823.6
660 30305.9
690 31801.7
720 33310.8
750 34833
780 36368.1
810 37915.6
840 39475.3
870 41046.6
900 42629.3
930 44222.9
960 45827.2
990 47441.6
1020 49066
1050 50700.1
1080 52343.4
1110 53995.7
1140 55656.6
1170 57325.9
1200 59003.3
1230 60688.4
1260 62381.1
1290 64081.1
1320 65788.1
1350 67502
1380 69222.4
1410 70949.3
1440 72682.3
1470 74421.3
1500 76166.1
1530 77916.5
1560 79672.4
1590 81433.7
1620 83200.1
1650 84971.7
1680 86748.1
1710 88529.2
1740 90315
1770 92105.3
1800 93899.9
1830 95698.9
1860 97502
1860 97502
