0 0
30 765.468
60 1530.94
90 2296.4
120 3061.87
150 3827.34
180 4592.81
210 5358.23
240 6123.28
270 6886.98
300 7647.47
330 8402.26
360 9148.66
390 9884.22
420 10606.7
450 11314.1
480 12005.4
510 12680
540 13337.5
570 13977.8
600 14601.1
630 15207.5
660 15797.7
690 16372
720 16930.9
750 17475
780 18004.9
810 18521.1
840 19024.2
870 19514.9
900 19993.6
930 20460.8
960 20917.1
990 21362.7
1020 21798.2
1050 22223.9
1080 22640.3
1110 23047.6
1140 23446.3
1170 23836.6
1200 24218.9
1230 24593.5
1260 24960.7
1290 25320.8
1320 25674
1350 26020.6
1380 26360.7
1410 26694.7
1440 27022.8
1470 27345.1
1500 27661.8
1530 27973.1
1560 28279.2
1590 28580.2
1620 28876.3
1650 29167.7
1680 29454.5
1710 29736.7
1740 30014.7
1770 30288.4
1800 30558
1830 30823.6
1860 31085.4
1860 31085.4
