0 0
30 1334.53
60 2669.06
90 4003.6
120 5338.13
150 6672.66
180 8007.19
210 9341.72
240 10676.3
270 12010.8
300 13345.5
330 14680.9
360 16017.7
390 17357.3
420 18701.5
450 20051.9
480 21410.1
510 22777.6
540 24155.5
570 25544.7
600 26946.1
630 28360.1
660 29787.3
690 31227.7
720 32681.5
750 34148.7
780 35629.2
810 37122.9
840 38629.5
870 40148.8
900 41680.4
930 43224.1
960 44779.4
990 46345.9
1020 47923.3
1050 49511.3
1080 51109.5
1110 52717.6
1140 54335.2
1170 55962
1200 57597.7
1230 59242.1
1260 60894.9
1290 62555.7
1320 64224.4
1350 65900.7
1380 67584.3
1410 69275
1440 70972.7
1470 72677
1500 74387.8
1530 76104.8
1560 77828
1590 79557
1620 81291.8
1650 83032.2
1680 84777.9
1710 86528.9
1740 88285
1770 90046.1
1800 91812
1830 93582.7
1860 95357.9
1860 95357.9
