0 0
30 765.468
60 1530.94
90 2296.4
120 3061.87
150 3827.32
180 4592.53
210 5356.21
240 6115.27
270 6865.31
300 7602.12
330 8322.87
360 9025.7
390 9709.43
420 10374.1
450 11020.1
480 11647.8
510 12257.8
540 12851.1
570 13428.2
600 13990
630 14537.3
660 15070.6
690 15590.6
720 16097.8
750 16592.7
780 17076
810 17548.1
840 18009.4
870 18460.4
900 18901.3
930 19332.7
960 19754.8
990 20168
1020 20572.7
1050 20969.3
1080 21358
1110 21739.1
1140 22112.9
1170 22479.5
1200 22839.4
1230 23192.7
1260 23539.6
1290 23880.4
1320 24215.3
1350 24544.4
1380 24868
1410 25186.2
1440 25499.1
1470 25807
1500 26110
1530 26408.3
1560 26701.9
1590 26991
1620 27275.8
1650 27556.4
1680 27832.8
1710 28105.2
1740 28373.8
1770 28638.6
1800 28899.7
1830 29157.2
1860 29411.2
1860 29411.2
