0 0
30 765.468
60 1530.94
90 2296.4
120 3061.87
150 3827.32
180 4592.58
210 5357.05
240 6119.65
270 6878.96
300 7633.45
330 8381.73
360 9122.36
390 9853.93
420 10575.2
450 11285.3
480 11983.3
510 12668.6
540 13340.9
570 13999.7
600 14644.9
630 15276.4
660 15894.1
690 16498.3
720 17089.2
750 17667
780 18231.9
810 18784.4
840 19324.7
870 19853.4
900 20370.7
930 20877.1
960 21372.8
990 21858.4
1020 22334
1050 22799.9
1080 23256.6
1110 23704.3
1140 24143.4
1170 24574.1
1200 24996.7
1230 25411.6
1260 25818.9
1290 26218.9
1320 26611.9
1350 26998
1380 27377.6
1410 27750.7
1440 28117.7
1470 28478.7
1500 28833.9
1530 29183.5
1560 29527.6
1590 29866.3
1620 30199.9
1650 30528.3
1680 30851.9
1710 31170.8
1740 31485
1770 31794.7
1800 32100.1
1830 32401.1
1860 32698
1860 32698
