0 0
30 1334.53
60 2669.06
90 4003.6
120 5338.19
150 6673.55
180 8012.01
210 9356.87
240 10711.1
270 12076.8
300 13455.5
330 14847.9
360 16254.1
390 17674.1
420 19107.6
450 20554.4
480 22014.2
510 23486.9
540 24972.2
570 26469.9
600 27979.8
630 29501.6
660 31035.1
690 32580
720 34136.1
750 35703.1
780 37280.6
810 38868.5
840 40466.4
870 42074
900 43690.9
930 45316.9
960 46951.6
990 48594.9
1020 50246.4
1050 51905.9
1080 53573.1
1110 55247.7
1140 56929.6
1170 58618.5
1200 60314
1230 62016.2
1260 63724.7
1290 65439.4
1320 67160.1
1350 68886.8
1380 70619
1410 72356.9
1440 74100.1
1470 75848.7
1500 77602.3
1530 79360.9
1560 81124.3
1590 82892.4
1620 84665.1
1650 86442.2
1680 88223.7
1710 90009.5
1740 91799.4
1770 93593.3
1800 95391.2
1830 97192.9
1860 98998.4
1860 98998.4
