0 0
30 1334.53
60 2669.06
90 4003.6
120 5338.13
150 6672.66
180 8007.26
210 9342.23
240 10678.4
270 12016.9
300 13359.4
330 14707
360 16061.1
390 17422.5
420 18791.8
450 20169.7
480 21556.6
510 22952.7
540 24358.3
570 25773.8
600 27199.4
630 28635.4
660 30081.9
690 31539.2
720 33007.2
750 34486.1
780 35975.9
810 37476.3
840 38987.4
870 40509.1
900 42041
930 43583.2
960 45135.3
990 46697.2
1020 48268.6
1050 49849.4
1080 51439.2
1110 53038
1140 54645.4
1170 56261.3
1200 57885.4
1230 59517.5
1260 61157.5
1290 62805.1
1320 64460.1
1350 66122.4
1380 67791.6
1410 69467.7
1440 71150.4
1470 72839.6
1500 74535.1
1530 76236.8
1560 77944.4
1590 79657.8
1620 81376.8
1650 83101.4
1680 84831.3
1710 86566.5
1740 88306.7
1770 90051.9
1800 91801.9
1830 93556.6
1860 95315.9
1860 95315.9
