0 0
30 765.468
60 1530.94
90 2296.4
120 3061.87
150 3827.34
180 4592.81
210 5358.27
240 6123.67
270 6888.67
300 7652.36
330 8413.17
360 9169.21
390 9918.63
420 10659.9
450 11391.8
480 12113.4
510 12823.9
540 13522.8
570 14209.6
600 14884
630 15545.9
660 16195.2
690 16831.8
720 17455.9
750 18067.6
780 18667.2
810 19254.8
840 19830.5
870 20394.7
900 20947.6
930 21489.7
960 22021.1
990 22542.3
1020 23053.5
1050 23555
1080 24047.2
1110 24530.4
1140 25004.8
1170 25470.6
1200 25928.3
1230 26378
1260 26819.9
1290 27254.4
1320 27681.6
1350 28101.9
1380 28515.3
1410 28922
1440 29322.4
1470 29716.4
1500 30104.4
1530 30486.6
1560 30863
1590 31233.9
1620 31599.4
1650 31959.6
1680 32314.8
1710 32664.9
1740 33010.3
1770 33350.9
1800 33686.9
1830 34018.5
1860 34345.7
1860 34345.7
