0 0
30 765.468
60 1530.94
90 2296.4
120 3061.79
150 3826.08
180 4586.28
210 5338.58
240 6080.11
270 6809.28
300 7525.43
330 8228.35
360 8917.98
390 9594.28
420 10257.3
450 10906.9
480 11542.8
510 12164.8
540 12772.8
570 13366.9
600 13947.1
630 14513.6
660 15066.6
690 15606.5
720 16133.7
750 16648.6
780 17151.4
810 17642.7
840 18122.7
870 18591.9
900 19050.7
930 19499.5
960 19938.5
990 20368.3
1020 20789
1050 21201.1
1080 21604.7
1110 22000.3
1140 22388.1
1170 22768.5
1200 23141.6
1230 23507.7
1260 23867.1
1290 24220
1320 24566.5
1350 24906.8
1380 25241.2
1410 25569.8
1440 25892.9
1470 26210.6
1500 26523.2
1530 26830.7
1560 27133.3
1590 27431.2
1620 27724.4
1650 28013.1
1680 28297.5
1710 28577.6
1740 28853.7
1770 29125.7
1800 29393.8
1830 29658.1
1860 29918.7
1860 29918.7
